2 0.000000 100.000000 240.580931
368 295 
1 -313.781262 0.000000 -352.188438 99.613331 8.715574 0.001911 0.000122 
2 450.519155 0.000000 -352.188438 99.614547 8.715574 -0.043360 0.000098 
3 450.519155 0.000000 366.120357 99.622137 8.715574 -0.034601 -0.000053 
4 -313.781262 0.000000 366.120357 99.625615 8.715574 0.001596 -0.000122 
5 68.368946 0.000000 6.965960 94.812706 8.715574 10.059363 0.083340 
6 -313.781262 0.000000 6.965960 99.619865 8.715574 0.006446 -0.000008 
7 68.368946 0.000000 -352.188438 99.592962 8.715574 -0.023904 0.000528 
8 450.519155 0.000000 6.965960 99.664089 8.715574 1.758670 -0.001198 
9 68.368946 0.000000 366.120357 99.642412 8.715574 -0.021454 -0.000457 
10 -122.706158 0.000000 -172.611239 99.592379 8.715574 0.007891 0.000540 
11 -313.781262 0.000000 -172.611239 99.614553 8.715574 0.004763 0.000098 
12 -122.706158 0.000000 -352.188438 99.602824 8.715574 -0.002021 0.000332 
13 68.368946 0.000000 -172.611239 99.508322 8.715574 -0.109268 0.002212 
14 -122.706158 0.000000 6.965960 99.622454 8.715574 0.028143 -0.000060 
15 259.444051 0.000000 -172.611239 99.603458 8.715574 -0.162851 0.000316 
16 259.444051 0.000000 -352.188438 99.605657 8.715574 -0.041582 0.000275 
17 450.519155 0.000000 -172.611239 99.620123 8.715574 -0.145378 -0.000015 
18 259.444051 0.000000 6.965960 99.678180 8.715574 4.357097 -0.003069 
19 -122.706158 0.000000 186.543159 99.646070 8.715574 0.005737 -0.000530 
20 -313.781262 0.000000 186.543159 99.624813 8.715574 0.004395 -0.000106 
21 68.368946 0.000000 186.543159 99.707638 8.715574 -0.088573 -0.001758 
22 -122.706158 0.000000 366.120357 99.635050 8.715574 -0.002460 -0.000310 
23 -27.168606 0.000000 -82.822640 99.492337 8.715574 0.027986 0.002531 
24 -122.706158 0.000000 -82.822640 99.597511 8.715574 0.021045 0.000437 
25 -27.168606 0.000000 -172.611239 99.545906 8.715574 -0.012588 0.001465 
26 68.368946 0.000000 -82.822640 99.281864 8.715574 -0.431557 0.006696 
27 -27.168606 0.000000 6.965960 99.648928 8.715574 0.130726 -0.000589 
28 259.444051 0.000000 186.543159 99.626817 8.715574 -0.116204 -0.000148 
29 450.519155 0.000000 186.543159 99.612402 8.715574 -0.088369 0.000140 
30 259.444051 0.000000 366.120357 99.630413 8.715574 -0.035115 -0.000218 
31 163.906499 0.000000 -82.822640 99.577082 8.715574 -0.525441 0.000817 
32 163.906499 0.000000 -172.611239 99.565973 8.715574 -0.168766 0.001063 
33 259.444051 0.000000 -82.822640 99.628997 8.715574 -0.454624 -0.000210 
34 163.906499 0.000000 6.965960 99.439976 8.715574 8.741444 -0.004068 
35 -27.168606 0.000000 96.754559 99.739939 8.715574 0.011772 -0.002402 
36 -122.706158 0.000000 96.754559 99.644163 8.715574 0.018142 -0.000492 
37 68.368946 0.000000 96.754559 99.845571 8.715574 -0.298901 -0.004519 
38 -27.168606 0.000000 186.543159 99.683601 8.715574 -0.013940 -0.001278 
39 20.600170 0.000000 -37.928340 98.921080 8.715574 0.115675 0.013865 
40 -27.168606 0.000000 -37.928340 99.514359 8.715574 0.095571 0.002092 
41 20.600170 0.000000 -82.822640 99.295113 8.715574 -0.084181 0.006451 
42 68.368946 0.000000 -37.928340 98.844108 8.715574 -1.404364 0.015191 
43 20.600170 0.000000 6.965960 100.125043 8.715574 0.812314 -0.010165 
44 163.906499 0.000000 96.754559 99.633083 8.715574 -0.303156 -0.000280 
45 259.444051 0.000000 96.754559 99.590760 8.715574 -0.206327 0.000568 
46 163.906499 0.000000 186.543159 99.655556 8.715574 -0.125965 -0.000721 
47 116.137722 0.000000 -37.928340 99.552154 8.715574 -1.240053 0.001187 
48 116.137722 0.000000 -82.822640 99.493038 8.715574 -0.539913 0.002488 
49 163.906499 0.000000 -37.928340 99.655001 8.715574 -1.102575 -0.000830 
50 116.137722 0.000000 6.965960 100.071604 8.715574 14.747914 -0.030779 
51 20.600170 0.000000 51.860259 100.148329 8.715574 -0.031386 -0.010565 
52 -27.168606 0.000000 51.860259 99.745129 8.715574 0.066770 -0.002506 
53 68.368946 0.000000 51.860259 100.053338 8.715574 -0.809344 -0.008729 
54 20.600170 0.000000 96.754559 99.863351 8.715574 -0.085866 -0.004866 
55 44.484558 0.000000 -15.481190 96.110822 8.715574 -1.116162 0.068550 
56 20.600170 0.000000 -15.481190 98.936130 8.715574 0.634293 0.013528 
57 44.484558 0.000000 -37.928340 98.286241 8.715574 -0.589959 0.026351 
58 68.368946 0.000000 -15.481190 98.946062 8.715574 -2.910772 0.012524 
59 44.484558 0.000000 6.965960 99.588858 0.000000 -3.229024 0.007163 
60 116.137722 0.000000 51.860259 99.549069 8.715574 -0.380018 0.001388 
61 163.906499 0.000000 51.860259 99.528344 8.715574 -0.149136 0.001813 
62 116.137722 0.000000 96.754559 99.693925 8.715574 -0.340857 -0.001496 
63 92.253334 0.000000 -15.481190 99.704424 8.715574 -2.185214 -0.002171 
64 92.253334 0.000000 -37.928340 99.428644 8.715574 -1.354176 0.003615 
65 116.137722 0.000000 -15.481190 99.578076 8.715574 -2.297047 0.000297 
66 92.253334 0.000000 6.965960 95.887393 8.715574 26.716871 0.001586 
67 44.484558 0.000000 29.413110 101.250550 8.715574 -0.706747 -0.032813 
68 20.600170 0.000000 29.413110 100.374266 8.715574 0.197622 -0.015099 
69 68.368946 0.000000 29.413110 100.073889 8.715574 -1.555822 -0.009317 
70 44.484558 0.000000 51.860259 100.381122 8.715574 -0.428819 -0.015251 
71 56.426752 0.000000 -4.257615 98.904976 0.000000 -9.276518 0.013175 
72 44.484558 0.000000 -4.257615 99.325073 0.000000 -5.720929 0.010180 
73 56.426752 0.000000 -15.481190 97.115754 8.715574 -3.016282 0.048347 
74 68.368946 0.000000 -4.257615 99.872112 8.715574 -1.990093 -0.005436 
75 56.426752 0.000000 6.965960 98.861352 0.000000 -9.805904 0.013028 
76 -218.243710 0.000000 -82.822640 99.612960 8.715574 0.010464 0.000130 
77 -313.781262 0.000000 -82.822640 99.616796 8.715574 0.006025 0.000053 
78 -218.243710 0.000000 -172.611239 99.608839 8.715574 0.006853 0.000212 
79 -218.243710 0.000000 6.965960 99.620356 8.715574 0.011874 -0.000018 
80 -74.937382 0.000000 -37.928340 99.588354 8.715574 0.052332 0.000620 
81 -122.706158 0.000000 -37.928340 99.607978 8.715574 0.026517 0.000229 
82 -74.937382 0.000000 -82.822640 99.567505 8.715574 0.033787 0.001035 
83 -74.937382 0.000000 6.965960 99.626929 8.715574 0.051933 -0.000149 
84 -3.284218 0.000000 -15.481190 99.481676 8.715574 0.259141 0.002737 
85 -27.168606 0.000000 -15.481190 99.571239 8.715574 0.126285 0.000959 
86 -3.284218 0.000000 -37.928340 99.369603 8.715574 0.142316 0.004970 
87 -3.284218 0.000000 6.965960 99.706296 8.715574 0.277444 -0.001738 
88 32.542364 0.000000 -4.257615 99.528528 0.000000 -4.314321 0.007546 
89 20.600170 0.000000 -4.257615 99.440361 8.715574 0.927946 0.003479 
90 32.542364 0.000000 -15.481190 97.522938 8.715574 0.655234 0.041289 
91 32.542364 0.000000 6.965960 99.529285 0.000000 -4.347034 0.007502 
92 92.253334 0.000000 29.413110 98.732561 8.715574 -0.142478 0.017590 
93 116.137722 0.000000 29.413110 99.341696 8.715574 0.874233 0.005450 
94 92.253334 0.000000 51.860259 99.609041 8.715574 -0.653352 0.000165 
95 56.426752 0.000000 18.189535 101.441909 8.715574 -2.235459 -0.037142 
96 44.484558 0.000000 18.189535 102.291100 8.715574 -0.974051 -0.054038 
97 68.368946 0.000000 18.189535 99.672398 8.715574 -1.994007 -0.001452 
98 56.426752 0.000000 29.413110 100.899848 8.715574 -1.389846 -0.025867 
99 50.455655 0.000000 1.354172 99.195456 0.000000 -6.849070 0.011335 
100 44.484558 0.000000 1.354172 99.327776 0.000000 -5.703755 0.010146 
101 50.455655 0.000000 -4.257615 99.187181 0.000000 -6.914460 0.011409 
102 56.426752 0.000000 1.354172 98.924162 0.000000 -9.129791 0.013066 
103 50.455655 0.000000 6.965960 99.129306 0.000000 -7.326470 0.011970 
104 -27.168606 0.000000 -262.399839 99.579772 8.715574 -0.013258 0.000791 
105 -122.706158 0.000000 -262.399839 99.597223 8.715574 0.000679 0.000443 
106 -27.168606 0.000000 -352.188438 99.595431 8.715574 -0.010397 0.000479 
107 68.368946 0.000000 -262.399839 99.572595 8.715574 -0.043974 0.000934 
108 20.600170 0.000000 -127.716940 99.452439 8.715574 -0.073003 0.003325 
109 -27.168606 0.000000 -127.716940 99.513657 8.715574 -0.001015 0.002107 
110 20.600170 0.000000 -172.611239 99.512190 8.715574 -0.051881 0.002136 
111 68.368946 0.000000 -127.716940 99.449363 8.715574 -0.192042 0.003383 
112 44.484558 0.000000 -60.375490 98.947427 8.715574 -0.373085 0.013331 
113 20.600170 0.000000 -60.375490 99.143521 8.715574 -0.051724 0.009460 
114 44.484558 0.000000 -82.822640 99.225532 8.715574 -0.254465 0.007827 
115 68.368946 0.000000 -60.375490 99.102714 8.715574 -0.729175 0.010216 
116 56.426752 0.000000 -26.704765 97.912493 8.715574 -1.729226 0.033419 
117 44.484558 0.000000 -26.704765 97.553082 8.715574 -0.774276 0.040684 
118 56.426752 0.000000 -37.928340 98.432784 8.715574 -1.120856 0.023377 
119 68.368946 0.000000 -26.704765 98.761475 8.715574 -2.044798 0.016603 
120 50.455655 0.000000 -9.869403 99.113675 0.000000 -7.449574 0.012098 
121 44.484558 0.000000 -9.869403 99.605677 0.000000 -3.374449 0.006732 
122 50.455655 0.000000 -15.481190 96.240558 8.715574 -2.167447 0.065710 
123 56.426752 0.000000 -9.869403 98.835671 0.000000 -9.994296 0.013162 
124 80.311140 0.000000 -4.257615 99.397971 8.715574 -1.655205 0.004134 
125 80.311140 0.000000 -15.481190 99.608996 8.715574 -2.469004 -0.000401 
126 92.253334 0.000000 -4.257615 99.455960 8.715574 -4.032561 0.001629 
127 80.311140 0.000000 6.965960 94.038084 8.715574 27.763536 0.031006 
128 62.397849 0.000000 1.354172 98.542790 0.000000 -13.007591 0.012012 
129 62.397849 0.000000 -4.257615 98.531933 0.000000 -13.070884 0.012061 
130 68.368946 0.000000 1.354172 98.950856 8.715574 14.354774 -0.007329 
131 62.397849 0.000000 6.965960 97.996001 0.000000 -16.820490 0.011385 
132 53.441204 0.000000 -1.451722 99.377688 0.000000 -8.011243 0.005990 
133 50.455655 0.000000 -1.451722 99.530645 0.000000 -3.658047 0.008027 
134 53.441204 0.000000 -4.257615 99.041485 0.000000 -8.143349 0.012447 
135 56.426752 0.000000 -1.451722 98.902796 0.000000 -9.311494 0.013153 
136 53.441204 0.000000 1.354172 99.056408 0.000000 -8.023758 0.012345 
137 62.397849 0.000000 -9.869403 97.984656 0.000000 -16.868019 0.011448 
138 62.397849 0.000000 -15.481190 98.235670 8.715574 -3.142310 0.026392 
139 68.368946 0.000000 -9.869403 99.307718 8.715574 -3.130855 0.005221 
140 53.441204 0.000000 -7.063509 99.022008 0.000000 -8.263958 0.012635 
141 50.455655 0.000000 -7.063509 99.143412 0.000000 -7.231433 0.011829 
142 53.441204 0.000000 -9.869403 98.995204 0.000000 -8.459114 0.012839 
143 56.426752 0.000000 -7.063509 98.880676 0.000000 -9.491428 0.013252 
144 59.412301 0.000000 -1.451722 98.763663 0.000000 -10.595452 0.013348 
145 59.412301 0.000000 -4.257615 98.765910 0.000000 -10.568607 0.013360 
146 62.397849 0.000000 -1.451722 98.672217 0.000000 -11.615294 0.012888 
147 59.412301 0.000000 1.354172 98.782513 0.000000 -10.450493 0.013280 
148 54.933978 0.000000 -2.854668 98.969466 0.000000 -8.756889 0.012836 
149 53.441204 0.000000 -2.854668 99.348097 0.000000 -8.032094 0.006544 
150 54.933978 0.000000 -4.257615 98.972276 0.000000 -8.720752 0.012844 
151 56.426752 0.000000 -2.854668 98.900564 0.000000 -9.323590 0.013175 
152 54.933978 0.000000 -1.451722 98.972015 0.000000 -8.742123 0.012812 
153 -218.243710 0.000000 96.754559 99.627298 8.715574 0.009773 -0.000156 
154 -313.781262 0.000000 96.754559 99.622823 8.715574 0.005785 -0.000067 
155 -218.243710 0.000000 186.543159 99.630595 8.715574 0.005991 -0.000222 
156 -74.937382 0.000000 51.860259 99.661786 8.715574 0.046485 -0.000843 
157 -122.706158 0.000000 51.860259 99.635871 8.715574 0.024878 -0.000327 
158 -74.937382 0.000000 96.754559 99.674189 8.715574 0.025929 -0.001091 
159 -3.284218 0.000000 29.413110 99.855632 8.715574 0.171885 -0.004714 
160 -27.168606 0.000000 29.413110 99.713686 8.715574 0.104961 -0.001879 
161 -3.284218 0.000000 51.860259 99.878063 8.715574 0.069609 -0.005159 
162 32.542364 0.000000 18.189535 101.438782 8.715574 0.275058 -0.036586 
163 20.600170 0.000000 18.189535 100.400133 8.715574 0.464385 -0.015636 
164 32.542364 0.000000 29.413110 100.909032 8.715574 -0.050376 -0.025860 
165 38.513461 0.000000 1.354172 99.542405 0.000000 -3.802373 0.007685 
166 32.542364 0.000000 1.354172 99.528546 0.000000 -4.314480 0.007545 
167 38.513461 0.000000 -4.257615 99.555074 0.000000 -3.595074 0.007586 
168 38.513461 0.000000 6.965960 99.534833 0.000000 -4.012397 0.007672 
169 47.470107 0.000000 -1.451722 99.467076 0.000000 -3.310627 0.009534 
170 44.484558 0.000000 -1.451722 99.473062 0.000000 -3.854129 0.009026 
171 47.470107 0.000000 -4.257615 99.280178 0.000000 -6.098474 0.010625 
172 47.470107 0.000000 1.354172 99.284480 0.000000 -6.067882 0.010577 
173 51.948430 0.000000 -2.854668 99.461564 0.000000 -5.816684 0.007356 
174 50.455655 0.000000 -2.854668 99.449735 0.000000 -4.436286 0.009007 
175 51.948430 0.000000 -4.257615 99.108722 0.000000 -7.569750 0.012016 
176 51.948430 0.000000 -1.451722 99.589900 0.000000 -4.684243 0.005991 
177 50.455655 0.000000 12.577747 102.862740 8.715574 -2.247992 -0.066176 
178 44.484558 0.000000 12.577747 103.153168 8.715574 -1.218729 -0.071802 
179 56.426752 0.000000 12.577747 101.742449 8.715574 -2.956752 -0.043623 
180 50.455655 0.000000 18.189535 102.096740 8.715574 -1.712804 -0.050264 
181 53.441204 0.000000 4.160066 99.043431 0.000000 -8.093867 0.012489 
182 50.455655 0.000000 4.160066 99.176914 0.000000 -6.983803 0.011517 
183 56.426752 0.000000 4.160066 98.906998 0.000000 -9.291663 0.013107 
184 53.441204 0.000000 6.965960 99.016990 0.000000 -8.288207 0.012694 
185 54.933978 0.000000 -0.048775 98.979513 0.000000 -8.678058 0.012775 
186 53.441204 0.000000 -0.048775 99.049425 0.000000 -8.091914 0.012373 
187 56.426752 0.000000 -0.048775 98.911385 0.000000 -9.241033 0.013114 
188 54.933978 0.000000 1.354172 98.990128 0.000000 -8.580695 0.012733 
189 54.187591 0.000000 -2.153195 98.654974 0.000000 -13.921771 0.007338 
190 53.441204 0.000000 -2.153195 99.312146 0.000000 -9.801355 0.004103 
191 54.187591 0.000000 -2.854668 98.994201 0.000000 -10.950303 0.008024 
192 54.933978 0.000000 -2.153195 97.498648 0.000000 -18.312412 0.015867 
193 54.187591 0.000000 -1.451722 98.994583 0.000000 -8.552999 0.012692 
194 32.542364 0.000000 -26.704765 98.120857 8.715574 0.081601 0.029633 
195 20.600170 0.000000 -26.704765 98.846435 8.715574 0.311268 0.015332 
196 32.542364 0.000000 -37.928340 98.543266 8.715574 -0.111868 0.021325 
197 38.513461 0.000000 -9.869403 99.534963 0.000000 -4.004356 0.007676 
198 32.542364 0.000000 -9.869403 99.529260 0.000000 -4.347233 0.007503 
199 38.513461 0.000000 -15.481190 96.509882 8.715574 -0.060233 0.060988 
200 47.470107 0.000000 -7.063509 99.267723 0.000000 -6.219982 0.010723 
201 44.484558 0.000000 -7.063509 99.428326 0.000000 -5.127005 0.008772 
202 47.470107 0.000000 -9.869403 99.226701 0.000000 -6.554664 0.011110 
203 48.962881 0.000000 -2.854668 99.411250 0.000000 -4.009819 0.010132 
204 47.470107 0.000000 -2.854668 99.449368 0.000000 -3.569686 0.009708 
205 48.962881 0.000000 -4.257615 99.249710 0.000000 -6.375404 0.010885 
206 48.962881 0.000000 -1.451722 99.518093 0.000000 -2.916584 0.008764 
207 41.499010 0.000000 -1.451722 99.549657 0.000000 -3.841199 0.007511 
208 38.513461 0.000000 -1.451722 99.529617 0.000000 -4.215710 0.007608 
209 41.499010 0.000000 -4.257615 99.589019 0.000000 -3.520181 0.006964 
210 41.499010 0.000000 1.354172 99.588416 0.000000 -3.529775 0.006969 
211 8.657976 0.000000 -4.257615 99.557756 8.715574 0.467392 0.001207 
212 -3.284218 0.000000 -4.257615 99.589964 8.715574 0.286527 0.000580 
213 8.657976 0.000000 -15.481190 99.342862 8.715574 0.394965 0.005488 
214 8.657976 0.000000 6.965960 99.800748 8.715574 0.441677 -0.003635 
215 26.571267 0.000000 1.354172 99.533352 0.000000 -4.285044 0.007475 
216 20.600170 0.000000 1.354172 99.811092 8.715574 0.929483 -0.003908 
217 26.571267 0.000000 -4.257615 99.533361 0.000000 -4.285020 0.007475 
218 26.571267 0.000000 6.965960 100.645678 8.715574 1.146321 -0.020683 
219 35.527913 0.000000 -1.451722 99.533878 0.000000 -4.070222 0.007644 
220 32.542364 0.000000 -1.451722 99.529646 0.000000 -4.234739 0.007592 
221 35.527913 0.000000 -4.257615 99.534020 0.000000 -4.061190 0.007649 
222 35.527913 0.000000 1.354172 99.533973 0.000000 -4.064563 0.007647 
223 41.499010 0.000000 -7.063509 99.579843 0.000000 -3.362232 0.007255 
224 38.513461 0.000000 -7.063509 99.543606 0.000000 -3.756907 0.007696 
225 41.499010 0.000000 -9.869403 99.562514 0.000000 -3.403284 0.007572 
226 40.006236 0.000000 -2.854668 99.552821 0.000000 -3.765053 0.007506 
227 38.513461 0.000000 -2.854668 99.541487 0.000000 -3.892996 0.007634 
228 40.006236 0.000000 -4.257615 99.573190 0.000000 -3.475201 0.007310 
229 41.499010 0.000000 -2.854668 99.556099 0.000000 -3.787517 0.007424 
230 40.006236 0.000000 -1.451722 99.537270 0.000000 -4.018033 0.007619 
231 26.571267 0.000000 -9.869403 98.628245 8.715574 1.141665 0.019520 
232 20.600170 0.000000 -9.869403 99.127716 8.715574 0.808739 0.009708 
233 26.571267 0.000000 -15.481190 98.432168 8.715574 0.755048 0.023458 
234 35.527913 0.000000 -7.063509 99.529584 0.000000 -4.225433 0.007601 
235 32.542364 0.000000 -7.063509 99.528447 0.000000 -4.313476 0.007548 
236 35.527913 0.000000 -9.869403 99.529571 0.000000 -4.219310 0.007606 
237 37.020687 0.000000 -2.854668 99.541737 0.000000 -3.831270 0.007676 
238 35.527913 0.000000 -2.854668 99.533922 0.000000 -4.067387 0.007645 
239 37.020687 0.000000 -4.257615 99.542073 0.000000 -3.818020 0.007680 
240 37.020687 0.000000 -1.451722 99.545539 0.000000 -4.347843 0.007178 
241 38.513461 0.000000 12.577747 102.817513 8.715574 -0.114899 -0.064742 
242 32.542364 0.000000 12.577747 101.781804 8.715574 0.642830 -0.043591 
243 38.513461 0.000000 18.189535 102.032889 8.715574 -0.236529 -0.048673 
244 35.527913 0.000000 4.160066 99.529597 0.000000 -4.227532 0.007599 
245 32.542364 0.000000 4.160066 99.528477 0.000000 -4.313760 0.007547 
246 38.513461 0.000000 4.160066 99.543318 0.000000 -3.769038 0.007692 
247 35.527913 0.000000 6.965960 99.528334 0.000000 -4.312340 0.007551 
248 37.020687 0.000000 -0.048775 99.541656 0.000000 -3.834834 0.007675 
249 35.527913 0.000000 -0.048775 99.533897 0.000000 -4.069175 0.007645 
250 38.513461 0.000000 -0.048775 99.554187 0.000000 -3.619146 0.007587 
251 37.020687 0.000000 1.354172 99.541920 0.000000 -3.824707 0.007678 
252 37.767074 0.000000 -2.153195 99.529176 0.000000 -4.253427 0.007585 
253 37.020687 0.000000 -2.153195 99.539122 0.000000 -4.256813 0.007384 
254 37.767074 0.000000 -2.854668 99.541933 0.000000 -3.821785 0.007680 
255 38.513461 0.000000 -2.153195 99.531605 0.000000 -4.167782 0.007609 
256 37.767074 0.000000 -1.451722 99.523372 0.000000 -4.429812 0.007548 
257 29.556816 0.000000 -1.451722 99.529375 0.000000 -4.346189 0.007501 
258 26.571267 0.000000 -1.451722 99.533630 0.000000 -4.328405 0.007432 
259 29.556816 0.000000 -4.257615 99.529357 0.000000 -4.346354 0.007502 
260 29.556816 0.000000 1.354172 99.529366 0.000000 -4.346269 0.007502 
261 34.035139 0.000000 -2.854668 99.529636 0.000000 -4.234523 0.007592 
262 32.542364 0.000000 -2.854668 99.529642 0.000000 -4.234044 0.007592 
263 34.035139 0.000000 -4.257615 99.529626 0.000000 -4.232675 0.007594 
264 34.035139 0.000000 -1.451722 99.529641 0.000000 -4.235375 0.007591 
265 36.274300 0.000000 -2.153195 99.533910 0.000000 -4.067004 0.007646 
266 35.527913 0.000000 -2.153195 99.533892 0.000000 -4.069276 0.007645 
267 36.274300 0.000000 -2.854668 99.533942 0.000000 -4.064984 0.007647 
268 36.274300 0.000000 -1.451722 99.558124 0.000000 -4.122153 0.007119 
269 34.035139 0.000000 -0.048775 99.529640 0.000000 -4.235092 0.007591 
270 32.542364 0.000000 -0.048775 99.529646 0.000000 -4.234514 0.007592 
271 34.035139 0.000000 1.354172 99.529634 0.000000 -4.233756 0.007593 
272 34.781526 0.000000 -2.153195 99.533892 0.000000 -4.070188 0.007644 
273 34.035139 0.000000 -2.153195 99.529639 0.000000 -4.235087 0.007591 
274 34.781526 0.000000 -2.854668 99.533919 0.000000 -4.068446 0.007645 
275 34.781526 0.000000 -1.451722 99.533879 0.000000 -4.071058 0.007643 
276 36.274300 0.000000 -0.750248 99.533897 0.000000 -4.067990 0.007645 
277 35.527913 0.000000 -0.750248 99.533880 0.000000 -4.070184 0.007644 
278 37.020687 0.000000 -0.750248 99.541596 0.000000 -3.837109 0.007675 
279 36.274300 0.000000 -0.048775 99.533915 0.000000 -4.066924 0.007646 
280 35.901107 0.000000 -1.802458 99.533889 0.000000 -4.068946 0.007645 
281 35.527913 0.000000 -1.802458 99.533883 0.000000 -4.069871 0.007644 
282 35.901107 0.000000 -2.153195 99.533899 0.000000 -4.068329 0.007645 
283 36.274300 0.000000 -1.802458 99.555792 0.000000 -4.079206 0.007200 
284 35.901107 0.000000 -1.451722 99.533884 0.000000 -4.069312 0.007645 
285 36.647494 0.000000 -1.802458 99.553455 0.000000 -4.151573 0.007187 
286 36.647494 0.000000 -2.153195 99.545541 0.000000 -4.138756 0.007356 
287 37.020687 0.000000 -1.802458 99.541958 0.000000 -4.308511 0.007284 
288 36.647494 0.000000 -1.451722 99.554637 0.000000 -4.156727 0.007160 
289 34.781526 0.000000 -0.750248 99.533881 0.000000 -4.071021 0.007643 
290 34.035139 0.000000 -0.750248 99.529641 0.000000 -4.235375 0.007591 
291 34.781526 0.000000 -0.048775 99.533896 0.000000 -4.070087 0.007644 
292 35.901107 0.000000 -1.100985 99.533883 0.000000 -4.069421 0.007645 
293 35.527913 0.000000 -1.100985 99.533877 0.000000 -4.070326 0.007644 
294 36.274300 0.000000 -1.100985 99.554033 0.000000 -4.078432 0.007236 
295 35.901107 0.000000 -0.750248 99.533886 0.000000 -4.069275 0.007645 
296 36.087703 0.000000 -1.627090 99.525488 0.000000 -4.277402 0.007638 
297 35.901107 0.000000 -1.627090 99.533886 0.000000 -4.069161 0.007645 
298 36.087703 0.000000 -1.802458 99.554153 0.000000 -4.078557 0.007234 
299 36.274300 0.000000 -1.627090 99.557127 0.000000 -4.129937 0.007132 
300 36.087703 0.000000 -1.451722 99.516350 0.000000 -4.337649 0.007768 
301 -218.243710 0.000000 -262.399839 99.608179 8.715574 0.003437 0.000225 
302 -313.781262 0.000000 -262.399839 99.613477 8.715574 0.003243 0.000119 
303 -218.243710 0.000000 -352.188438 99.609277 8.715574 0.001159 0.000203 
304 163.906499 0.000000 -262.399839 99.587407 8.715574 -0.068359 0.000638 
305 163.906499 0.000000 -352.188438 99.598226 8.715574 -0.035736 0.000423 
306 259.444051 0.000000 -262.399839 99.602807 8.715574 -0.075704 0.000331 
307 -74.937382 0.000000 -127.716940 99.567958 8.715574 0.013606 0.001026 
308 -122.706158 0.000000 -127.716940 99.592758 8.715574 0.013988 0.000532 
309 -74.937382 0.000000 -172.611239 99.574150 8.715574 0.003860 0.000903 
310 116.137722 0.000000 -127.716940 99.511915 8.715574 -0.263917 0.002135 
311 116.137722 0.000000 -172.611239 99.534922 8.715574 -0.152145 0.001681 
312 163.906499 0.000000 -127.716940 99.563976 8.715574 -0.280446 0.001097 
313 -3.284218 0.000000 -60.375490 99.368140 8.715574 0.052004 0.005001 
314 -27.168606 0.000000 -60.375490 99.491198 8.715574 0.058086 0.002554 
315 -3.284218 0.000000 -82.822640 99.407764 8.715574 0.000714 0.004214 
316 92.253334 0.000000 -60.375490 99.371213 8.715574 -0.830069 0.004871 
317 92.253334 0.000000 -82.822640 99.401408 8.715574 -0.520606 0.004313 
318 116.137722 0.000000 -60.375490 99.504033 8.715574 -0.809773 0.002233 
319 80.311140 0.000000 -26.704765 99.324126 8.715574 -1.917245 0.005508 
320 80.311140 0.000000 -37.928340 99.221471 8.715574 -1.431479 0.007709 
321 92.253334 0.000000 -26.704765 99.540237 8.715574 -1.709301 0.001286 
322 8.657976 0.000000 -26.704765 99.228512 8.715574 0.274491 0.007767 
323 -3.284218 0.000000 -26.704765 99.407825 8.715574 0.200013 0.004208 
324 8.657976 0.000000 -37.928340 99.201811 8.715574 0.163665 0.008301 
325 80.311140 0.000000 18.189535 98.088452 8.715574 -0.649417 0.030227 
326 92.253334 0.000000 18.189535 97.105747 8.715574 1.815559 0.049122 
327 80.311140 0.000000 29.413110 99.203887 8.715574 -1.121670 0.008137 
328 62.397849 0.000000 12.577747 100.143492 8.715574 -2.657815 -0.011174 
329 68.368946 0.000000 12.577747 98.895689 8.715574 -1.407295 0.014170 
330 62.397849 0.000000 18.189535 100.537536 8.715574 -2.316318 -0.018912 
331 47.470107 0.000000 4.160066 99.275861 0.000000 -6.159887 0.010636 
332 44.484558 0.000000 4.160066 99.532437 0.000000 -4.388274 0.007404 
333 47.470107 0.000000 6.965960 99.405255 0.000000 -5.395340 0.008949 
334 59.412301 0.000000 4.160066 98.809558 0.000000 -10.230444 0.013201 
335 62.397849 0.000000 4.160066 98.559481 0.000000 -12.904223 0.011951 
336 59.412301 0.000000 6.965960 98.588285 0.000000 -12.725488 0.011841 
337 51.948430 0.000000 -0.048775 99.117004 0.000000 -7.510256 0.011942 
338 50.455655 0.000000 -0.048775 99.220411 0.000000 -6.655417 0.011102 
339 51.948430 0.000000 1.354172 99.120121 0.000000 -7.477702 0.011929 
340 59.412301 0.000000 -7.063509 98.785475 0.000000 -10.403384 0.013320 
341 59.412301 0.000000 -9.869403 98.712649 0.000000 -11.314296 0.012780 
342 62.397849 0.000000 -7.063509 98.542245 0.000000 -13.005166 0.012029 
343 8.657976 0.000000 18.189535 99.970098 8.715574 0.337969 -0.007010 
344 -3.284218 0.000000 18.189535 99.799202 8.715574 0.230141 -0.003589 
345 8.657976 0.000000 29.413110 100.036420 8.715574 0.216757 -0.008329 
346 26.571267 0.000000 12.577747 100.839375 8.715574 0.757584 -0.024511 
347 20.600170 0.000000 12.577747 100.317713 8.715574 0.637951 -0.014001 
348 26.571267 0.000000 18.189535 100.829676 8.715574 0.463352 -0.024280 
349 41.499010 0.000000 4.160066 99.578972 0.000000 -3.380314 0.007260 
350 41.499010 0.000000 6.965960 99.545853 0.000000 -3.673454 0.007713 
351 48.962881 0.000000 -0.048775 99.353626 0.000000 -4.878677 0.010506 
352 47.470107 0.000000 -0.048775 99.355816 0.000000 -5.004945 0.010337 
353 48.962881 0.000000 1.354172 99.255602 0.000000 -6.330793 0.010825 
354 40.006236 0.000000 -0.048775 99.571752 0.000000 -3.499952 0.007322 
355 41.499010 0.000000 -0.048775 99.571649 0.000000 -3.627159 0.007233 
356 40.006236 0.000000 1.354172 99.556339 0.000000 -3.557154 0.007588 
357 29.556816 0.000000 4.160066 99.531107 0.000000 -4.353053 0.007461 
358 26.571267 0.000000 4.160066 99.522410 0.000000 -4.310639 0.007671 
359 29.556816 0.000000 6.965960 99.533415 0.000000 -4.284865 0.007474 
360 29.556816 0.000000 -7.063509 99.531106 0.000000 -4.353276 0.007461 
361 26.571267 0.000000 -7.063509 98.863202 8.715574 1.341779 0.014831 
362 29.556816 0.000000 -9.869403 99.533438 0.000000 -4.284800 0.007474 
363 37.767074 0.000000 -0.750248 99.531125 0.000000 -4.187790 0.007602 
364 38.513461 0.000000 -0.750248 99.539369 0.000000 -3.940006 0.007639 
365 37.767074 0.000000 -0.048775 99.541847 0.000000 -3.825584 0.007679 
366 36.647494 0.000000 -1.100985 99.545933 0.000000 -4.170645 0.007321 
367 37.020687 0.000000 -1.100985 99.540315 0.000000 -4.278410 0.007342 
368 36.647494 0.000000 -0.750248 99.541532 0.000000 -3.840395 0.007673 
1 16 2 17 15 
2 15 17 8 18 
3 19 21 9 22 
4 20 19 22 4 
5 18 8 29 28 
6 28 29 3 30 
7 21 28 30 9 
8 32 15 33 31 
9 31 33 18 34 
10 35 37 21 38 
11 36 35 38 19 
12 34 18 45 44 
13 44 45 28 46 
14 37 44 46 21 
15 48 31 49 47 
16 47 49 34 50 
17 51 53 37 54 
18 52 51 54 35 
19 50 34 61 60 
20 60 61 44 62 
21 53 60 62 37 
22 64 47 65 63 
23 63 65 50 66 
24 67 69 53 70 
25 68 67 70 51 
26 11 78 76 77 
27 78 10 24 76 
28 76 24 14 79 
29 77 76 79 6 
30 24 82 80 81 
31 82 23 40 80 
32 80 40 27 83 
33 81 80 83 14 
34 40 86 84 85 
35 85 84 87 27 
36 66 50 93 92 
37 92 93 60 94 
38 69 92 94 53 
39 95 97 69 98 
40 96 95 98 67 
41 12 106 104 105 
42 106 7 107 104 
43 104 107 13 25 
44 105 104 25 10 
45 25 110 108 109 
46 110 13 111 108 
47 108 111 26 41 
48 109 108 41 23 
49 41 114 112 113 
50 114 26 115 112 
51 112 115 42 57 
52 113 112 57 39 
53 57 118 116 117 
54 118 42 119 116 
55 116 119 58 73 
56 117 116 73 55 
57 55 122 120 121 
58 122 73 123 120 
59 58 125 124 74 
60 125 63 126 124 
61 124 126 66 127 
62 74 124 127 5 
63 129 74 130 128 
64 128 130 5 131 
65 73 138 137 123 
66 138 58 139 137 
67 137 139 74 129 
68 120 142 140 141 
69 142 123 143 140 
70 140 143 71 134 
71 141 140 134 101 
72 71 145 144 135 
73 145 129 146 144 
74 144 146 128 147 
75 135 144 147 102 
76 134 150 148 149 
77 150 71 151 148 
78 148 151 135 152 
79 6 79 153 154 
80 79 14 36 153 
81 153 36 19 155 
82 154 153 155 20 
83 14 83 156 157 
84 83 27 52 156 
85 156 52 35 158 
86 157 156 158 36 
87 27 87 159 160 
88 159 68 51 161 
89 160 159 161 52 
90 162 96 67 164 
91 163 162 164 68 
92 72 171 169 170 
93 170 169 172 100 
94 101 175 173 174 
95 175 134 149 173 
96 173 149 132 176 
97 174 173 176 133 
98 59 103 177 178 
99 103 75 179 177 
100 177 179 95 180 
101 178 177 180 96 
102 99 136 181 182 
103 136 102 183 181 
104 181 183 75 184 
105 182 181 184 103 
106 132 152 185 186 
107 152 135 187 185 
108 185 187 102 188 
109 186 185 188 136 
110 149 191 189 190 
111 191 148 192 189 
112 189 192 152 193 
113 190 189 193 132 
114 39 196 194 195 
115 196 57 117 194 
116 194 117 55 90 
117 195 194 90 56 
118 90 199 197 198 
119 199 55 121 197 
120 121 202 200 201 
121 202 120 141 200 
122 200 141 101 171 
123 201 200 171 72 
124 171 205 203 204 
125 205 101 174 203 
126 203 174 133 206 
127 204 203 206 169 
128 209 72 170 207 
129 207 170 100 210 
130 84 213 211 212 
131 213 56 89 211 
132 211 89 43 214 
133 212 211 214 87 
134 89 217 215 216 
135 216 215 218 43 
136 197 225 223 224 
137 225 121 201 223 
138 223 201 72 209 
139 224 223 209 167 
140 167 228 226 227 
141 228 209 229 226 
142 226 229 207 230 
143 227 226 230 208 
144 56 233 231 232 
145 233 90 198 231 
146 232 231 217 89 
147 198 236 234 235 
148 236 197 224 234 
149 234 224 167 221 
150 235 234 221 88 
151 221 239 237 238 
152 239 167 227 237 
153 91 168 241 242 
154 168 59 178 241 
155 241 178 96 243 
156 242 241 243 162 
157 166 222 244 245 
158 222 165 246 244 
159 244 246 168 247 
160 245 244 247 91 
161 248 250 165 251 
162 249 248 251 222 
163 237 254 252 253 
164 254 227 255 252 
165 252 255 208 256 
166 253 252 256 240 
167 217 259 257 258 
168 259 88 220 257 
169 257 220 166 260 
170 258 257 260 215 
171 88 263 261 262 
172 263 221 238 261 
173 262 261 264 220 
174 238 267 265 266 
175 267 237 253 265 
176 220 264 269 270 
177 269 249 222 271 
178 270 269 271 166 
179 261 274 272 273 
180 274 238 266 272 
181 272 266 219 275 
182 273 272 275 264 
183 276 278 248 279 
184 277 276 279 249 
185 266 282 280 281 
186 282 265 283 280 
187 281 280 284 219 
188 265 286 285 283 
189 286 253 287 285 
190 285 287 240 288 
191 283 285 288 268 
192 264 275 289 290 
193 275 219 277 289 
194 289 277 249 291 
195 290 289 291 269 
196 219 284 292 293 
197 284 268 294 292 
198 292 294 276 295 
199 293 292 295 277 
200 280 298 296 297 
201 298 283 299 296 
202 296 299 268 300 
203 297 296 300 284 
204 1 303 301 302 
205 303 12 105 301 
206 301 105 10 78 
207 302 301 78 11 
208 7 305 304 107 
209 305 16 306 304 
210 304 306 15 32 
211 107 304 32 13 
212 10 309 307 308 
213 309 25 109 307 
214 307 109 23 82 
215 308 307 82 24 
216 13 311 310 111 
217 311 32 312 310 
218 310 312 31 48 
219 111 310 48 26 
220 23 315 313 314 
221 315 41 113 313 
222 313 113 39 86 
223 314 313 86 40 
224 26 317 316 115 
225 317 48 318 316 
226 316 318 47 64 
227 115 316 64 42 
228 42 320 319 119 
229 320 64 321 319 
230 319 321 63 125 
231 119 319 125 58 
232 86 324 322 323 
233 324 39 195 322 
234 322 195 56 213 
235 323 322 213 84 
236 5 127 325 97 
237 127 66 326 325 
238 325 326 92 327 
239 97 325 327 69 
240 75 131 328 179 
241 131 5 329 328 
242 328 329 97 330 
243 179 328 330 95 
244 100 172 331 332 
245 172 99 182 331 
246 331 182 103 333 
247 332 331 333 59 
248 102 147 334 183 
249 147 128 335 334 
250 334 335 131 336 
251 183 334 336 75 
252 133 176 337 338 
253 176 132 186 337 
254 337 186 136 339 
255 338 337 339 99 
256 123 341 340 143 
257 341 137 342 340 
258 340 342 129 145 
259 143 340 145 71 
260 87 214 343 344 
261 214 43 163 343 
262 343 163 68 345 
263 344 343 345 159 
264 43 218 346 347 
265 218 91 242 346 
266 346 242 162 348 
267 347 346 348 163 
268 165 210 349 246 
269 210 100 332 349 
270 349 332 59 350 
271 246 349 350 168 
272 169 206 351 352 
273 206 133 338 351 
274 351 338 99 353 
275 352 351 353 172 
276 208 230 354 250 
277 230 207 355 354 
278 354 355 210 356 
279 250 354 356 165 
280 215 260 357 358 
281 260 166 245 357 
282 357 245 91 359 
283 358 357 359 218 
284 231 362 360 361 
285 362 198 235 360 
286 360 235 88 259 
287 361 360 259 217 
288 240 256 363 278 
289 256 208 364 363 
290 363 364 250 365 
291 278 363 365 248 
292 268 288 366 294 
293 288 240 367 366 
294 366 367 278 368 
295 294 366 368 276 
