...Mass Properties...
14 Num Comps
13 Total Num Meshes
40512 Total Num Tris

7.881915284987734e+04             Total Mass
3.599556759590418e+01 -5.540130923158147e-04 -4.804688696740172e-01       Center of Gravity
3.205977023551632e+07 2.272825535662856e+07 5.463132014579119e+07       Ixx, Iyy, Izz
-1.773387639035461e+03 -3.743597654113245e+05 6.441178485006103e+02       Ixy, Ixz, Iyz
1.360383056997547e+03             Volume

Name	Mass	cgX	cgY	cgZ	Ixx	Iyy	Izz	Ixy	Ixz	Iyz	Volume
Fuel 1	2.155267988000612e+04	2.830938105077286e+01	1.487434738679307e-05	-1.024910866156307e-01	3.302033764947904e+05	1.174866184435890e+05	3.378501673988212e+05	-3.369702813681468e+02	-1.748835314554189e+01	2.242737905943127e+02	4.310535976004793e+02
Fuel 1	0.000000000000000e+00	0.000000000000000e+00	0.000000000000000e+00	0.000000000000000e+00	0.000000000000000e+00	0.000000000000000e+00	0.000000000000000e+00	0.000000000000000e+00	0.000000000000000e+00	0.000000000000000e+00	0.000000000000000e+00
Fuel 1	0.000000000000000e+00	0.000000000000000e+00	0.000000000000000e+00	0.000000000000000e+00	0.000000000000000e+00	0.000000000000000e+00	0.000000000000000e+00	0.000000000000000e+00	0.000000000000000e+00	0.000000000000000e+00	0.000000000000000e+00
PodGeom	4.102094955359599e+03	4.583669380541465e+01	6.413043478260501e+00	-7.608695652173716e-01	3.475143950237899e+03	1.569542119651418e+05	1.580557801621853e+05	-4.712926391657898e+01	-2.098723215710379e+00	3.132995885438297e+01	8.204189910719002e+01
PodGeom	4.102094955359550e+03	4.583669380541510e+01	-6.413043478260812e+00	-7.608695652173798e-01	3.491487077620772e+03	1.569544069089129e+05	1.580719283457970e+05	-4.484215396591863e+01	-1.790465531852917e+00	3.569424406994190e+01	8.204189910719086e+01
PodGeom	0.000000000000000e+00	0.000000000000000e+00	0.000000000000000e+00	0.000000000000000e+00	0.000000000000000e+00	0.000000000000000e+00	0.000000000000000e+00	0.000000000000000e+00	0.000000000000000e+00	0.000000000000000e+00	0.000000000000000e+00
PodGeom	0.000000000000000e+00	0.000000000000000e+00	0.000000000000000e+00	0.000000000000000e+00	0.000000000000000e+00	0.000000000000000e+00	0.000000000000000e+00	0.000000000000000e+00	0.000000000000000e+00	0.000000000000000e+00	0.000000000000000e+00
PodGeom	0.000000000000000e+00	0.000000000000000e+00	0.000000000000000e+00	0.000000000000000e+00	0.000000000000000e+00	0.000000000000000e+00	0.000000000000000e+00	0.000000000000000e+00	0.000000000000000e+00	0.000000000000000e+00	0.000000000000000e+00
PodGeom	0.000000000000000e+00	0.000000000000000e+00	0.000000000000000e+00	0.000000000000000e+00	0.000000000000000e+00	0.000000000000000e+00	0.000000000000000e+00	0.000000000000000e+00	0.000000000000000e+00	0.000000000000000e+00	0.000000000000000e+00
Fuel Tanks	1.913072194880007e+04	4.837506065034206e+01	2.621718519429198e+01	-7.688953753468922e-01	2.537499102227311e+06	1.811950417282818e+05	2.707035676465275e+06	4.400518378230399e+05	1.715181543694781e+04	8.704345073356677e+04	3.826144389762656e+02
Fuel Tanks	1.913156111032616e+04	4.837526515046483e+01	-2.621833444559377e+01	-7.688525557025495e-01	2.537905298619547e+06	1.812139515948951e+05	2.707459573302651e+06	-4.407467009063434e+05	1.715652557445183e+04	-8.668196095693085e+04	3.826312222067742e+02
Fuel Tanks	0.000000000000000e+00	0.000000000000000e+00	0.000000000000000e+00	0.000000000000000e+00	0.000000000000000e+00	0.000000000000000e+00	0.000000000000000e+00	0.000000000000000e+00	0.000000000000000e+00	0.000000000000000e+00	0.000000000000000e+00
Fuel Tanks	0.000000000000000e+00	0.000000000000000e+00	0.000000000000000e+00	0.000000000000000e+00	0.000000000000000e+00	0.000000000000000e+00	0.000000000000000e+00	0.000000000000000e+00	0.000000000000000e+00	0.000000000000000e+00	0.000000000000000e+00
Fuel 1_pm	1.080000000000000e+04	0.000000000000000e+00	0.000000000000000e+00	0.000000000000000e+00	0.000000000000000e+00	0.000000000000000e+00	0.000000000000000e+00	-0.000000000000000e+00	-0.000000000000000e+00	-0.000000000000000e+00	0.000000000000000e+00
Name	Mass	cgX	cgY	cgZ	Ixx	Iyy	Izz	Ixy	Ixz	Iyz	Volume
Totals	7.881915284987734e+04	3.599556759590418e+01	-5.540130923158147e-04	-4.804688696740172e-01	3.205977023551632e+07	2.272825535662856e+07	5.463132014579119e+07	-1.773387639035461e+03	-3.743597654113245e+05	6.441178485006103e+02	1.360383056997547e+03

...Filling Mass Properties (Volume Only -- No Shell or Point Mass)...
67 Num Slice

Slice	Mass	cgX	cgY	cgZ	Ixx	Iyy	Izz	Ixy	Ixz	Iyz	Volume
2.514562570375789e+01	5.644789257312419e+02	2.514562570375766e+01	2.472991277865087e-04	-6.065785315793586e-03	2.271437386535264e+03	5.290649608751411e+02	1.818584774094297e+03	-7.184593560519842e+00	-2.313750112157494e-01	5.240035533063267e+00	1.128957851462482e+01
2.571486441497958e+01	2.039258448486946e+03	2.555729573778079e+01	8.472959509298595e-05	-2.519525048562269e-02	1.783339623878237e+04	3.860041307287242e+03	1.451324092735465e+04	-2.992247344839843e+01	-7.143801388469053e+00	2.093395312023938e+01	4.078516896973890e+01
2.628410312620127e+01	4.097768038724999e+03	2.592240668724945e+01	4.307361425119076e-05	-6.194301665075665e-02	5.008276299966437e+04	1.005378579191005e+04	4.192908705975649e+04	-6.284718803250352e+01	-6.268984861200455e+01	4.255432731342015e+01	8.195536077450114e+01
2.685334183742295e+01	6.280825645864170e+03	2.624597641771639e+01	2.810230530063642e-05	-8.461455915897605e-02	8.762404436065363e+04	1.742901449167814e+04	7.485856159000886e+04	-9.765956227410810e+01	-1.503455829198946e+02	6.525519396881025e+01	1.256165129172854e+02
2.742258054864464e+01	8.463883253003351e+03	2.654945350049697e+01	2.085398328567849e-05	-9.559093011090410e-02	1.251598418302216e+05	2.580950691935965e+04	1.087940280019880e+05	-1.323831890247829e+02	-2.326333337601684e+02	8.797924109833481e+01	1.692776650600695e+02
2.799181925986632e+01	1.064694086014253e+04	2.684519737515842e+01	1.657806521709668e-05	-1.020660926086570e-01	1.626945519861437e+05	3.555653013829410e+04	1.440973490194540e+05	-1.670324421244165e+02	-3.128591699594641e+02	1.106734231490268e+02	2.129388172028536e+02
2.856105797108801e+01	1.282999846728170e+04	2.713715551812224e+01	1.375726430859160e-05	-1.063377236275513e-01	2.002273470271782e+05	4.702620291451770e+04	1.811225855831922e+05	-2.017922631753174e+02	-3.920602983357552e+02	1.333208779244841e+02	2.565999693456379e+02
2.913029668230969e+01	1.501305607442088e+04	2.742697938602866e+01	1.175681214867555e-05	-1.093670737218339e-01	2.377600543570449e+05	6.057324309799051e+04	2.202257460483290e+05	-2.365278373154963e+02	-4.706997822880030e+02	1.560354269207492e+02	3.002611214884221e+02
2.969953539353138e+01	1.719611368156005e+04	2.771548182161980e+01	1.026427734564198e-05	-1.116272679602672e-01	2.752932427112101e+05	7.655182402716066e+04	2.617613544148630e+05	-2.712482907974206e+02	-5.489912208477707e+02	1.787457297757984e+02	3.439222736312062e+02
3.026877410475307e+01	1.929743079187125e+04	2.799351244756380e+01	9.264740183405973e-06	-1.110872189275298e-01	3.091962569022926e+05	9.458327244369709e+04	3.023314436331770e+05	-3.048196628400574e+02	-5.264145366092329e+02	2.006597400072490e+02	3.859486158374311e+02
3.083801281597475e+01	2.086270918935297e+04	2.820692840125863e+01	9.888293432546850e-06	-1.057051753607945e-01	3.268332955561530e+05	1.098621980680128e+05	3.283303551379447e+05	-3.289207223375830e+02	-2.318001313733841e+02	2.171218595144501e+02	4.172541837870657e+02
3.140725152719644e+01	2.155267988001537e+04	2.830938105075922e+01	1.487434738681183e-05	-1.024910866155854e-01	3.302033764947930e+05	1.174866184435392e+05	3.378501673987739e+05	-3.369702813687147e+02	-1.748835314535171e+01	2.242737905943096e+02	4.310535976003135e+02
3.197649023841812e+01	2.155267988001537e+04	2.830938105075922e+01	1.487434738681183e-05	-1.024910866155854e-01	3.302033764947930e+05	1.174866184435392e+05	3.378501673987739e+05	-3.369702813687147e+02	-1.748835314535171e+01	2.242737905943096e+02	4.310535976003135e+02
3.254572894963981e+01	2.155267988001537e+04	2.830938105075922e+01	1.487434738681183e-05	-1.024910866155854e-01	3.302033764947930e+05	1.174866184435392e+05	3.378501673987739e+05	-3.369702813687147e+02	-1.748835314535171e+01	2.242737905943096e+02	4.310535976003135e+02
3.311496766086150e+01	2.155340798685343e+04	2.830954339076939e+01	1.487384490877918e-05	-1.025133276399559e-01	3.302336401608809e+05	1.175037980312938e+05	3.378969779528125e+05	-3.369701471035195e+02	-1.979197386763353e+01	2.242737895283215e+02	4.310681597370747e+02
3.368420637208318e+01	2.157695297265294e+04	2.831540827649875e+01	1.485761442120349e-05	-1.032317325178099e-01	3.312155348578332e+05	1.181957628266074e+05	3.395488904999343e+05	-3.370215878519437e+02	-1.030199122525335e+02	2.242799505691008e+02	4.315390594530650e+02
3.425344508330487e+01	2.162976593984643e+04	2.832990706228976e+01	1.482133688102118e-05	-1.048374736700790e-01	3.334271444518423e+05	1.200836827443456e+05	3.435950169931365e+05	-3.373185584522367e+02	-3.087748694042754e+02	2.243703887470747e+02	4.325953187969347e+02
3.482268379452655e+01	2.171180448152512e+04	2.835444016523895e+01	1.476533412620601e-05	-1.073163056865869e-01	3.368774344696574e+05	1.235792008028947e+05	3.504515878572467e+05	-3.379558259913399e+02	-6.569403706444400e+02	2.247361223121171e+02	4.342360896305085e+02
3.539192250574824e+01	2.182183525498263e+04	2.838992478951880e+01	1.469088387419488e-05	-1.106116733677002e-01	3.415199647281988e+05	1.290723465779566e+05	3.604596765681373e+05	-3.389333934220097e+02	-1.160512224830366e+03	2.257259524642549e+02	4.364367050996586e+02
3.596116121696993e+01	2.195425324019650e+04	2.843559101475234e+01	1.460227520131996e-05	-1.145337307005592e-01	3.471141661565290e+05	1.367065290576280e+05	3.735273635755942e+05	-3.403115324244089e+02	-1.808566152075580e+03	2.270931459304371e+02	4.390850648039361e+02
3.653039992819161e+01	2.210697113377320e+04	2.849151103014865e+01	1.450140074429173e-05	-1.189987045132654e-01	3.535727886204561e+05	1.467508914142463e+05	3.898379479741954e+05	-3.420565891521343e+02	-2.602126327991671e+03	2.286439455635560e+02	4.421394226754701e+02
3.709963863941329e+01	2.227828359861488e+04	2.855770461960930e+01	1.438988987788497e-05	-1.239344743076721e-01	3.608206506880641e+05	1.594704442059760e+05	4.095826177443648e+05	-3.440217389799054e+02	-3.541488025601914e+03	2.302648448986640e+02	4.455656719723036e+02
3.766887735063498e+01	2.246271155152628e+04	2.863251103519055e+01	1.427174305816268e-05	-1.291639691834113e-01	3.686287758883946e+05	1.747892700330931e+05	4.324654228774201e+05	-3.463545547544351e+02	-4.603066185930937e+03	2.319862385749023e+02	4.492542310305315e+02
3.823811606185667e+01	2.266073870060494e+04	2.871645227840146e+01	1.414702547382344e-05	-1.346843037096774e-01	3.770179464154935e+05	1.930479780263121e+05	4.588462791919399e+05	-3.487550174461894e+02	-5.794266774581622e+03	2.338202780781191e+02	4.532147740121047e+02
3.880735477307835e+01	2.286973492545032e+04	2.880866849925163e+01	1.401774216884583e-05	-1.404067292706005e-01	3.858761172560106e+05	2.142915634389104e+05	4.886627512988105e+05	-3.512994570873586e+02	-7.102905032161914e+03	2.356939970744250e+02	4.573946985090124e+02
3.937659348430004e+01	2.308653840871371e+04	2.890791087621881e+01	1.388610288726460e-05	-1.462334366655027e-01	3.950649818841527e+05	2.384404297672989e+05	5.217029364278468e+05	-3.540171719862036e+02	-8.511237832569514e+03	2.375054046981382e+02	4.617307681742802e+02
3.994583219552172e+01	2.331129231255961e+04	2.901433208503015e+01	1.375222117062904e-05	-1.521594002493551e-01	4.045958479572035e+05	2.657297662143516e+05	5.582128896139449e+05	-3.566878339859252e+02	-1.002144256463265e+04	2.395165521810150e+02	4.662258462511982e+02
4.051507090674341e+01	2.354361804996405e+04	2.912782006388625e+01	1.361651582080796e-05	-1.581660827244810e-01	4.144505752305288e+05	2.963323644075791e+05	5.983479783454948e+05	-3.596288618964877e+02	-1.163192650969296e+04	2.414863378717408e+02	4.708723609992870e+02
4.108430961796510e+01	2.384602551548408e+04	2.927944833838499e+01	1.344383563835050e-05	-1.674792603896709e-01	4.315699403584395e+05	3.393052977654324e+05	6.579016615909425e+05	-3.623468623620456e+02	-1.425368786890024e+04	2.435430897811099e+02	4.769205103096875e+02
4.165354832918678e+01	2.438675124781208e+04	2.955381839331497e+01	1.314574640944994e-05	-1.875711852351744e-01	4.821518731713648e+05	4.209219836003534e+05	7.888583614795683e+05	-3.675139254315383e+02	-2.018249087721794e+04	2.476599327636283e+02	4.877350249562475e+02
4.222278704040847e+01	2.516957676951140e+04	2.994784933318227e+01	1.270807918708818e-05	-2.165803347309056e-01	5.810151796075216e+05	5.436234999206767e+05	1.008601491489649e+06	-3.782847967066875e+02	-2.914540091404563e+04	2.544400891580259e+02	5.033915353902336e+02
4.279202575163016e+01	2.619036448882408e+04	3.044846006573743e+01	1.221277293914509e-05	-2.520164606313322e-01	7.444151954955346e+05	7.066515371437112e+05	1.332788653090137e+06	-3.917082973045680e+02	-4.060177202824604e+04	2.637358248694534e+02	5.238072897764869e+02
4.336126446285184e+01	2.744313269452784e+04	3.103792450389913e+01	1.165526466147647e-05	-2.913901083860497e-01	9.902769872370238e+05	9.073425164882526e+05	1.776831805229671e+06	-4.100663687703332e+02	-5.391825364687040e+04	2.750242807266906e+02	5.488626538905619e+02
4.393050317407352e+01	2.892010166190401e+04	3.169635713418235e+01	1.106002249306811e-05	-3.323583553253521e-01	1.337691637271114e+06	1.141725073479486e+06	2.355987024773063e+06	-4.315825304250294e+02	-6.841408599244674e+04	2.894025627259373e+02	5.784020332380853e+02
4.449974188529521e+01	3.061321756856397e+04	3.240447003778838e+01	1.044832920152633e-05	-3.729977801373513e-01	1.806673186344414e+06	1.405371186018239e+06	3.085944332923054e+06	-4.575498565171510e+02	-8.346275776276323e+04	3.051341088895040e+02	6.122643513712851e+02
4.506898059651689e+01	3.251154194309071e+04	3.314394124242002e+01	9.838259160127997e-06	-4.117609500505623e-01	2.417643403963957e+06	1.693503248769816e+06	3.982426855384982e+06	-4.860006472653431e+02	-9.849229573028928e+04	3.243879573835715e+02	6.502308388618210e+02
4.563821930773858e+01	3.460047100112106e+04	3.389825642237567e+01	9.244295410265748e-06	-4.474886425179186e-01	3.190728821728099e+06	2.001308040845599e+06	5.060807606377117e+06	-5.189074276370995e+02	-1.130062972485453e+05	3.443142605103929e+02	6.920094200224287e+02
4.620745801896027e+01	3.686593620240124e+04	3.465467469748759e+01	8.677405903725862e-06	-4.794819003099391e-01	4.145697370056799e+06	2.324808379453965e+06	6.336905084416535e+06	-5.546102745295401e+02	-1.266335710558405e+05	3.669367901684123e+02	7.373187240480328e+02
4.677669673018195e+01	3.928734047748616e+04	3.540179363238877e+01	8.142589655349446e-06	-5.072193121658696e-01	5.300597877774790e+06	2.659954710754250e+06	7.824745683182620e+06	-5.928107997019582e+02	-1.390304433297067e+05	3.903247581301943e+02	7.857468095497312e+02
4.734593544140364e+01	4.184244078546127e+04	3.613116027166289e+01	7.645364040177227e-06	-5.304758429919781e-01	6.671418528421601e+06	3.003400218286077e+06	9.536981592409782e+06	-6.338306510874024e+02	-1.499450864697001e+05	4.158496652403207e+02	8.368488157092326e+02
4.791517415262533e+01	4.450698325939448e+04	3.683664519110226e+01	7.187651659667956e-06	-5.492539523307531e-01	8.271281269051698e+06	3.352364147531483e+06	1.148394973691723e+07	-6.755790568780799e+02	-1.592054590565026e+05	4.418954143380985e+02	8.901396651878957e+02
4.848441286384701e+01	4.724395132143406e+04	3.751143142770330e+01	6.771251839216083e-06	-5.635809966075976e-01	1.010865515112533e+07	3.703202336338661e+06	1.367048277639724e+07	-7.192978596522535e+02	-1.666342159915264e+05	4.691025492610713e+02	9.448790264286858e+02
4.905365157506870e+01	5.002014711148983e+04	3.815204255804628e+01	6.391929787289338e-06	-5.736884204329326e-01	1.218719787397104e+07	4.053472149481910e+06	1.609778112030990e+07	-7.635751302357669e+02	-1.721473130380453e+05	4.968399965073899e+02	1.000402942229800e+03
4.962289028629039e+01	5.279594085616621e+04	3.875513262243098e+01	6.055868361593038e-06	-5.798735177784203e-01	1.450414907036167e+07	4.400380530090529e+06	1.876027288916985e+07	-8.074256007220848e+02	-1.756976611047780e+05	5.249168832208184e+02	1.055918817123326e+03
5.019212899751207e+01	5.553094704214071e+04	3.931842674041305e+01	5.757605173780310e-06	-5.825007841657522e-01	1.704920653639884e+07	4.741321729560791e+06	2.164502279579570e+07	-8.498174078783418e+02	-1.772855145901462e+05	5.527417790623273e+02	1.110618940842815e+03
5.076136770873375e+01	5.818205076625608e+04	3.983983193353387e+01	5.495256076646549e-06	-5.820299683664305e-01	1.979384490469032e+07	5.073401967722270e+06	2.472057952831883e+07	-8.904846969865217e+02	-1.769877698877785e+05	5.795936943538313e+02	1.163641015325121e+03
5.133060641995544e+01	6.060884912796468e+04	4.029992634383262e+01	5.275224209761256e-06	-5.800435960708180e-01	2.243129952157234e+07	5.381663114146718e+06	2.766529916548161e+07	-9.277694620885195e+02	-1.756610727438485e+05	6.043846054663350e+02	1.212176982559293e+03
5.189984513117712e+01	6.260694010579641e+04	4.067013598885617e+01	5.106866230511704e-06	-5.757554945065450e-01	2.486800099562816e+07	5.642458567580746e+06	3.036203245920809e+07	-9.566753330684570e+02	-1.726473121685626e+05	6.249086350437053e+02	1.252138802115928e+03
5.246908384239881e+01	6.420158875193620e+04	4.096320001711918e+01	4.980021124939723e-06	-5.704990256810267e-01	2.702896473112693e+07	5.859364088141362e+06	3.273927643693856e+07	-9.801574445010851e+02	-1.687651885018809e+05	6.406350527864071e+02	1.284031775038725e+03
5.303832255362050e+01	6.542540726050848e+04	4.118907187748999e+01	-6.674273928178217e-04	-5.652799615342669e-01	2.884307123921966e+07	6.034818723325887e+06	3.472830427071806e+07	-1.518401785961207e+03	-1.647197440638182e+05	6.190643267303112e+02	1.308508145210170e+03
5.360756126484218e+01	6.631710305315560e+04	4.135605014143584e+01	-6.584552188384769e-04	-5.607886113098658e-01	3.026021283000943e+07	6.170773300572528e+06	3.628094625331570e+07	-1.522906111341073e+03	-1.610710005257942e+05	6.278361223958508e+02	1.326342061063112e+03
5.417679997606387e+01	6.692092499767449e+04	4.147173070167323e+01	-6.525140321224429e-04	-5.574996445286922e-01	3.125072020737110e+07	6.269351458626053e+06	3.736966831630713e+07	-1.525241697649593e+03	-1.582748710773199e+05	6.338295081796645e+02	1.338418499953489e+03
5.474603868728556e+01	6.728961642615523e+04	4.154446292743469e+01	-6.489387950591873e-04	-5.556268525941978e-01	3.182513736535133e+07	6.334112877005243e+06	3.800859412053827e+07	-1.525930814863771e+03	-1.566113706391025e+05	6.375278808082264e+02	1.345792328523104e+03
5.531527739850724e+01	6.748093836286255e+04	4.158350593659492e+01	-6.470989239772620e-04	-5.551291841005670e-01	3.203451016267965e+07	6.370367633685412e+06	3.825409505989815e+07	-1.525836986913254e+03	-1.561502910189929e+05	6.392409902278000e+02	1.349618767257251e+03
5.588451610972893e+01	6.758009896279300e+04	4.160448987669185e+01	-6.461494326550976e-04	-5.554310679381846e-01	3.203865215535169e+07	6.390642778728475e+06	3.827847621309521e+07	-1.525783420484805e+03	-1.564416824423764e+05	6.398543623274193e+02	1.351601979255860e+03
5.645375482095061e+01	6.766753815297506e+04	4.162367792072250e+01	-6.453144860223357e-04	-5.556965331276188e-01	3.204229784806017e+07	6.409918583448339e+06	3.830136887868916e+07	-1.525672247829930e+03	-1.567081293707821e+05	6.402621323764157e+02	1.353350763059501e+03
5.702299353217230e+01	6.774399295055638e+04	4.164105734444238e+01	-6.445861943132658e-04	-5.559280881623069e-01	3.204548104770940e+07	6.428045118445888e+06	3.832265575885077e+07	-1.525485105756056e+03	-1.569494689095650e+05	6.404925651966003e+02	1.354879859011128e+03
5.759223224339399e+01	6.780928188284897e+04	4.165641564273205e+01	-6.439655662336176e-04	-5.561254123316219e-01	3.204819391119172e+07	6.444654368830499e+06	3.834196042683923e+07	-1.525316798529173e+03	-1.571627225270811e+05	6.406430432159286e+02	1.356185637656979e+03
5.816147095461567e+01	6.786412358948356e+04	4.166975355020843e+01	-6.434451709378621e-04	-5.562908682186771e-01	3.205046996273826e+07	6.459592319614837e+06	3.835916139598763e+07	-1.525082419379255e+03	-1.573479218524391e+05	6.407320516290820e+02	1.357282471789671e+03
5.873070966583735e+01	6.790942834342751e+04	4.168113551053003e+01	-6.430159061677609e-04	-5.564273498200659e-01	3.205234733590546e+07	6.472778492715063e+06	3.837421539099024e+07	-1.524842064463832e+03	-1.575059588140062e+05	6.407615383400151e+02	1.358188566868550e+03
5.929994837705904e+01	6.794575459383195e+04	4.169055516319037e+01	-6.426721266783571e-04	-5.565366520002264e-01	3.205385091520049e+07	6.484054776781858e+06	3.838698850891066e+07	-1.524567850874397e+03	-1.576367513576106e+05	6.407732629072075e+02	1.358915091876639e+03
5.986918708828073e+01	6.797347185591867e+04	4.169796778890579e+01	-6.424100669176219e-04	-5.566199719889507e-01	3.205499657689631e+07	6.493214667931431e+06	3.839728959202596e+07	-1.524335297712660e+03	-1.577396725763403e+05	6.407856693454256e+02	1.359469437118373e+03
6.043842579950241e+01	6.799374266038540e+04	4.170355483478804e+01	-6.422185468108535e-04	-5.566808644094110e-01	3.205583354546506e+07	6.500334539155805e+06	3.840524358764163e+07	-1.524150750946501e+03	-1.578172451032037e+05	6.407875188580858e+02	1.359874853207708e+03
6.100766451072410e+01	6.800742377639722e+04	4.170743826029243e+01	-6.420893511149136e-04	-5.567219412382178e-01	3.205639787817291e+07	6.505433520922757e+06	3.841090523331560e+07	-1.523957734303048e+03	-1.578711643035861e+05	6.407895486612280e+02	1.360148475527944e+03
6.157690322194578e+01	6.801520836618610e+04	4.170971239335424e+01	-6.420158616362176e-04	-5.567453066817301e-01	3.205671871862351e+07	6.508507426396646e+06	3.841429915999454e+07	-1.523864310810192e+03	-1.579027385436585e+05	6.407876131312363e+02	1.360304167323722e+03
6.214614193316747e+01	6.801874794290277e+04	4.171077586941574e+01	-6.419824522533001e-04	-5.567559289512465e-01	3.205686451281002e+07	6.509986049544006e+06	3.841592324688086e+07	-1.523822521377698e+03	-1.579175037826108e+05	6.407866364167294e+02	1.360374958858055e+03
6.271538064438916e+01	6.801915284987621e+04	4.171090090641770e+01	-6.419786306359931e-04	-5.567571440065837e-01	3.205688118333799e+07	6.510164735210049e+06	3.841611856887005e+07	-1.523817078941252e+03	-1.579192397661197e+05	6.407865804329628e+02	1.360383056997524e+03
