2 0.000000 100.000000 410.334720
822 688 
1 -504.020754 0.000000 -507.020754 99.249893 0.000000 12.188403 0.000090 
2 604.824905 0.000000 -507.020754 99.252225 0.000000 12.159406 0.000114 
3 604.824905 0.000000 517.207809 99.264377 0.000000 12.142859 -0.000087 
4 -504.020754 0.000000 517.207809 99.260338 0.000000 12.187930 -0.000116 
5 50.402075 0.000000 5.093528 104.022979 0.000000 -2.937771 -0.082941 
6 -504.020754 0.000000 5.093528 99.255554 0.000000 12.193873 -0.000036 
7 50.402075 0.000000 -507.020754 99.239205 0.000000 12.171678 0.000343 
8 604.824905 0.000000 5.093528 99.379463 0.000000 11.159842 -0.000082 
9 50.402075 0.000000 517.207809 99.273378 0.000000 12.168526 -0.000328 
10 -226.809339 0.000000 -250.963613 99.235502 0.000000 12.192981 0.000365 
11 -504.020754 0.000000 -250.963613 99.250499 0.000000 12.191591 0.000070 
12 -226.809339 0.000000 -507.020754 99.243948 0.000000 12.185001 0.000216 
13 50.402075 0.000000 -250.963613 99.193173 0.000000 12.126149 0.001367 
14 -226.809339 0.000000 5.093528 99.258806 0.000000 12.215024 -0.000152 
15 327.613490 0.000000 -250.963613 99.245181 0.000000 12.078746 0.000450 
16 327.613490 0.000000 -507.020754 99.245765 0.000000 12.160001 0.000241 
17 604.824905 0.000000 -250.963613 99.259493 0.000000 12.099236 0.000116 
18 327.613490 0.000000 5.093528 99.377599 0.000000 11.144841 -0.000011 
19 -226.809339 0.000000 261.150668 99.277439 0.000000 12.190779 -0.000463 
20 -504.020754 0.000000 261.150668 99.260239 0.000000 12.191147 -0.000122 
21 50.402075 0.000000 261.150668 99.326146 0.000000 12.117211 -0.001251 
22 -226.809339 0.000000 517.207809 99.267047 0.000000 12.183779 -0.000239 
23 -88.203632 0.000000 -122.935043 99.176698 0.000000 12.214916 0.001478 
24 -226.809339 0.000000 -122.935043 99.238069 0.000000 12.206000 0.000282 
25 -88.203632 0.000000 -250.963613 99.211513 0.000000 12.179216 0.000874 
26 50.402075 0.000000 -122.935043 99.024644 0.000000 11.967868 0.005089 
27 -88.203632 0.000000 5.093528 99.274610 0.000000 12.316818 -0.000715 
28 327.613490 0.000000 261.150668 99.291285 0.000000 12.025095 -0.000336 
29 604.824905 0.000000 261.150668 99.284276 0.000000 11.973341 -0.000073 
30 327.613490 0.000000 517.207809 99.269248 0.000000 12.151637 -0.000205 
31 189.007783 0.000000 -122.935043 99.212088 0.000000 11.794613 0.001785 
32 189.007783 0.000000 -250.963613 99.219764 0.000000 12.080862 0.000949 
33 327.613490 0.000000 -122.935043 99.271247 0.000000 11.864661 0.000445 
34 189.007783 0.000000 5.093528 98.738003 0.000000 15.945486 -0.000345 
35 -88.203632 0.000000 133.122098 99.344089 0.000000 12.203519 -0.001817 
36 -226.809339 0.000000 133.122098 99.277369 0.000000 12.203611 -0.000492 
37 50.402075 0.000000 133.122098 99.498399 0.000000 11.962607 -0.004304 
38 -88.203632 0.000000 261.150668 99.303213 0.000000 12.174372 -0.000934 
39 -18.900778 0.000000 -58.920758 98.950882 0.000000 12.287518 0.005774 
40 -88.203632 0.000000 -58.920758 99.183390 0.000000 12.279979 0.001186 
41 -18.900778 0.000000 -122.935043 99.073754 0.000000 12.171264 0.003625 
42 50.402075 0.000000 -58.920758 98.494978 0.000000 11.552837 0.016527 
43 -18.900778 0.000000 5.093528 99.442014 0.000000 12.751712 -0.005132 
44 189.007783 0.000000 133.122098 99.384359 0.000000 11.679063 -0.001365 
45 327.613490 0.000000 133.122098 99.343784 0.000000 11.566043 -0.000296 
46 189.007783 0.000000 261.150668 99.310007 0.000000 12.055866 -0.000782 
47 119.704929 0.000000 -58.920758 99.128584 0.000000 11.126656 0.004972 
48 119.704929 0.000000 -122.935043 99.118387 0.000000 11.805635 0.003617 
49 189.007783 0.000000 -58.920758 99.281057 0.000000 11.272861 0.001619 
50 119.704929 0.000000 5.093528 97.018070 0.000000 25.021634 -0.003859 
51 -18.900778 0.000000 69.107813 99.573789 0.000000 12.231815 -0.006456 
52 -88.203632 0.000000 69.107813 99.347973 0.000000 12.259342 -0.002031 
53 50.402075 0.000000 69.107813 99.948275 0.000000 11.638478 -0.012511 
54 -18.900778 0.000000 133.122098 99.444851 0.000000 12.154124 -0.003700 
55 15.750649 0.000000 -26.913615 98.236945 0.000000 12.005575 0.020537 
56 -18.900778 0.000000 -26.913615 98.922706 0.000000 12.500786 0.005803 
57 15.750649 0.000000 -58.920758 98.653313 0.000000 12.103849 0.012102 
58 50.402075 0.000000 -26.913615 97.303581 0.000000 11.045469 0.041001 
59 15.750649 0.000000 5.093528 101.315861 0.000000 7.067240 -0.031485 
60 119.704929 0.000000 69.107813 99.590727 0.000000 11.065455 -0.004076 
61 189.007783 0.000000 69.107813 99.452881 0.000000 10.978283 -0.001140 
62 119.704929 0.000000 133.122098 99.447580 0.000000 11.773703 -0.002844 
63 85.053502 0.000000 -26.913615 98.804330 0.000000 9.693267 0.014374 
64 85.053502 0.000000 -58.920758 98.815248 0.000000 11.133281 0.011160 
65 119.704929 0.000000 -26.913615 99.372222 0.000000 10.826662 0.000794 
66 85.053502 0.000000 5.093528 100.464571 0.000000 5.318927 -0.012142 
67 15.750649 0.000000 37.100670 100.180237 0.000000 12.109470 -0.018272 
68 -18.900778 0.000000 37.100670 99.637258 0.000000 12.392115 -0.008115 
69 50.402075 0.000000 37.100670 100.694304 0.000000 11.252964 -0.026597 
70 15.750649 0.000000 69.107813 99.807477 0.000000 12.051707 -0.010678 
71 33.076362 0.000000 -10.910044 89.681279 0.000000 0.553153 0.195696 
72 15.750649 0.000000 -10.910044 97.571887 0.000000 9.495923 0.038955 
73 33.076362 0.000000 -26.913615 97.948394 0.000000 11.682738 0.026963 
74 50.402075 0.000000 -10.910044 105.829264 0.000000 -3.541478 -0.121238 
75 33.076362 0.000000 5.093528 89.796541 0.000000 0.588623 0.193623 
76 -365.415047 0.000000 -122.935043 99.249414 0.000000 12.197391 0.000078 
77 -504.020754 0.000000 -122.935043 99.252503 0.000000 12.193255 0.000027 
78 -365.415047 0.000000 -250.963613 99.246192 0.000000 12.193094 0.000152 
79 -365.415047 0.000000 5.093528 99.256347 0.000000 12.199329 -0.000065 
80 -157.506486 0.000000 -58.920758 99.234039 0.000000 12.229813 0.000304 
81 -226.809339 0.000000 -58.920758 99.246340 0.000000 12.212717 0.000101 
82 -157.506486 0.000000 -122.935043 99.220619 0.000000 12.212263 0.000613 
83 -157.506486 0.000000 5.093528 99.262609 0.000000 12.237184 -0.000281 
84 -53.552205 0.000000 -26.913615 99.168897 0.000000 12.377433 0.001233 
85 -88.203632 0.000000 -26.913615 99.219943 0.000000 12.308102 0.000391 
86 -53.552205 0.000000 -58.920758 99.116377 0.000000 12.299306 0.002467 
87 -53.552205 0.000000 5.093528 99.295457 0.000000 12.408110 -0.001355 
88 -1.575065 0.000000 -10.910044 97.741888 0.000000 12.485238 0.029064 
89 -18.900778 0.000000 -10.910044 99.038963 0.000000 12.707059 0.002981 
90 -1.575065 0.000000 -26.913615 98.563693 0.000000 12.370764 0.013216 
91 -1.575065 0.000000 5.093528 101.637499 0.000000 12.770501 -0.049327 
92 85.053502 0.000000 37.100670 100.048187 0.000000 10.414926 -0.011811 
93 119.704929 0.000000 37.100670 99.485875 0.000000 10.630637 -0.001045 
94 85.053502 0.000000 69.107813 99.800281 0.000000 11.227624 -0.008616 
95 33.076362 0.000000 21.097099 100.827117 0.000000 11.628046 -0.030132 
96 15.750649 0.000000 21.097099 100.503793 0.000000 11.911378 -0.024289 
97 50.402075 0.000000 21.097099 101.430026 0.000000 11.067686 -0.041054 
98 33.076362 0.000000 37.100670 100.496496 0.000000 11.786897 -0.023848 
99 24.413505 0.000000 -2.908258 96.175090 0.000000 0.554089 0.075005 
100 15.750649 0.000000 -2.908258 97.023308 0.000000 2.640349 0.057951 
101 24.413505 0.000000 -10.910044 98.045254 0.000000 9.146698 0.030347 
102 33.076362 0.000000 -2.908258 95.351757 0.000000 0.176126 0.090801 
103 24.413505 0.000000 5.093528 100.515423 0.000000 6.752759 -0.014895 
104 -365.415047 0.000000 133.122098 99.262889 0.000000 12.196688 -0.000188 
105 -504.020754 0.000000 133.122098 99.258493 0.000000 12.192975 -0.000092 
106 -365.415047 0.000000 261.150668 99.265376 0.000000 12.192152 -0.000226 
107 -157.506486 0.000000 69.107813 99.288632 0.000000 12.225614 -0.000770 
108 -226.809339 0.000000 69.107813 99.270586 0.000000 12.211125 -0.000376 
109 -157.506486 0.000000 133.122098 99.297772 0.000000 12.207171 -0.000906 
110 -53.552205 0.000000 37.100670 99.397632 0.000000 12.345864 -0.003231 
111 -88.203632 0.000000 37.100670 99.323276 0.000000 12.294917 -0.001628 
112 -53.552205 0.000000 69.107813 99.422432 0.000000 12.268457 -0.003534 
113 -1.575065 0.000000 21.097099 100.094036 0.000000 12.391904 -0.017238 
114 -18.900778 0.000000 21.097099 99.626017 0.000000 12.541269 -0.008263 
115 -1.575065 0.000000 37.100670 99.879545 0.000000 12.304959 -0.012734 
116 7.087792 0.000000 -2.908258 94.743147 0.000000 3.593877 0.101082 
117 -1.575065 0.000000 -2.908258 95.394600 0.000000 15.385266 0.066316 
118 7.087792 0.000000 -10.910044 97.080586 0.000000 10.738020 0.046005 
119 7.087792 0.000000 5.093528 102.497937 0.000000 8.770242 -0.058274 
120 24.413505 0.000000 13.095313 100.585074 0.000000 10.650175 -0.023078 
121 15.750649 0.000000 13.095313 100.745894 0.000000 10.946845 -0.026957 
122 33.076362 0.000000 13.095313 100.784769 0.000000 10.966737 -0.027784 
123 24.413505 0.000000 21.097099 100.582587 0.000000 11.698397 -0.025371 
124 20.082077 0.000000 1.092635 100.943632 0.000000 2.602175 -0.019639 
125 15.750649 0.000000 1.092635 101.543928 0.000000 2.887721 -0.031951 
126 20.082077 0.000000 -2.908258 97.598078 0.000000 2.355787 0.046907 
127 24.413505 0.000000 1.092635 100.497173 0.000000 2.575008 -0.010631 
128 20.082077 0.000000 5.093528 100.843432 0.000000 6.725535 -0.021463 
129 -88.203632 0.000000 -378.992184 99.231211 0.000000 12.177733 0.000487 
130 -226.809339 0.000000 -378.992184 99.239824 0.000000 12.186953 0.000294 
131 -88.203632 0.000000 -507.020754 99.240456 0.000000 12.179628 0.000299 
132 50.402075 0.000000 -378.992184 99.227198 0.000000 12.159764 0.000610 
133 -18.900778 0.000000 -186.949328 99.161001 0.000000 12.154059 0.001937 
134 -88.203632 0.000000 -186.949328 99.194876 0.000000 12.187253 0.001185 
135 -18.900778 0.000000 -250.963613 99.197714 0.000000 12.157642 0.001201 
136 50.402075 0.000000 -186.949328 99.141351 0.000000 12.084454 0.002496 
137 15.750649 0.000000 -90.927900 98.909311 0.000000 12.064772 0.007139 
138 -18.900778 0.000000 -90.927900 99.024137 0.000000 12.195363 0.004549 
139 15.750649 0.000000 -122.935043 99.034298 0.000000 12.088466 0.004608 
140 50.402075 0.000000 -90.927900 98.867368 0.000000 11.839107 0.008508 
141 33.076362 0.000000 -42.917186 98.227999 0.000000 11.819412 0.021156 
142 15.750649 0.000000 -42.917186 98.478437 0.000000 12.116452 0.015519 
143 33.076362 0.000000 -58.920758 98.540254 0.000000 11.853341 0.014932 
144 50.402075 0.000000 -42.917186 98.113447 0.000000 11.337746 0.024521 
145 24.413505 0.000000 -18.911829 98.059808 0.000000 11.262097 0.025744 
146 15.750649 0.000000 -18.911829 98.013922 0.000000 11.544286 0.026000 
147 24.413505 0.000000 -26.913615 98.059254 0.000000 11.903654 0.024269 
148 33.076362 0.000000 -18.911829 97.834299 0.000000 11.450198 0.029734 
149 20.082077 0.000000 -6.909151 97.719232 0.000000 6.533556 0.040826 
150 15.750649 0.000000 -6.909151 97.253181 0.000000 6.909371 0.049408 
151 20.082077 0.000000 -10.910044 97.858013 0.000000 9.188957 0.033937 
152 24.413505 0.000000 -6.909151 98.029471 0.000000 6.514110 0.034779 
153 67.727789 0.000000 -10.910044 96.880692 0.000000 7.888439 0.055190 
154 67.727789 0.000000 -26.913615 97.816478 0.000000 10.044605 0.033104 
155 85.053502 0.000000 -10.910044 98.620851 0.000000 5.901058 0.023911 
156 67.727789 0.000000 5.093528 100.770823 0.000000 7.276325 -0.020770 
157 41.739219 0.000000 -2.908258 88.730108 0.000000 0.587199 0.212662 
158 41.739219 0.000000 -10.910044 91.096705 0.000000 1.273102 0.169977 
159 50.402075 0.000000 -2.908258 109.879739 0.000000 -0.993232 -0.207454 
160 41.739219 0.000000 5.093528 93.282830 0.000000 1.647372 0.129560 
161 28.744934 0.000000 1.092635 96.563736 0.000000 0.152466 0.067542 
162 28.744934 0.000000 -2.908258 96.679079 0.000000 0.145745 0.065313 
163 33.076362 0.000000 1.092635 94.312087 0.000000 0.231707 0.110518 
164 28.744934 0.000000 5.093528 89.547211 0.000000 0.544911 0.198100 
165 22.247791 0.000000 -0.907812 99.256690 0.000000 0.000000 0.014811 
166 20.082077 0.000000 -0.907812 99.272251 0.000000 -0.000055 0.014502 
167 22.247791 0.000000 -2.908258 97.846463 0.000000 2.244351 0.042103 
168 24.413505 0.000000 -0.907812 99.169764 0.000000 0.010307 0.016536 
169 22.247791 0.000000 1.092635 100.676695 0.000000 2.504803 -0.014207 
170 28.744934 0.000000 -6.909151 89.572054 0.000000 0.545017 0.197655 
171 28.744934 0.000000 -10.910044 96.174867 0.000000 0.554193 0.075009 
172 33.076362 0.000000 -6.909151 89.907784 0.000000 0.674481 0.191614 
173 26.579219 0.000000 -0.907812 98.705856 0.000000 0.026628 0.025715 
174 26.579219 0.000000 -2.908258 97.077304 0.000000 0.119833 0.057598 
175 28.744934 0.000000 -0.907812 98.390300 0.000000 0.040694 0.031935 
176 26.579219 0.000000 1.092635 97.378078 0.000000 0.143002 0.051749 
177 67.727789 0.000000 21.097099 100.902261 0.000000 10.246996 -0.028627 
178 85.053502 0.000000 21.097099 100.162600 0.000000 10.108804 -0.013473 
179 67.727789 0.000000 37.100670 100.475765 0.000000 10.694974 -0.020976 
180 41.739219 0.000000 13.095313 101.391881 0.000000 11.191588 -0.040557 
181 50.402075 0.000000 13.095313 101.973640 0.000000 10.737889 -0.051393 
182 41.739219 0.000000 21.097099 101.224622 0.000000 11.501003 -0.037870 
183 37.407790 0.000000 1.092635 83.363095 0.000000 0.506587 0.305034 
184 37.407790 0.000000 -2.908258 84.015438 0.000000 0.497675 0.294116 
185 41.739219 0.000000 1.092635 89.039928 0.000000 0.394169 0.207174 
186 37.407790 0.000000 5.093528 90.898969 0.000000 1.152944 0.173605 
187 30.910648 0.000000 -0.907812 98.239169 0.000000 0.040042 0.034906 
188 30.910648 0.000000 -2.908258 96.447522 0.000000 0.157137 0.069785 
189 33.076362 0.000000 -0.907812 96.334649 0.000000 0.096454 0.071963 
190 30.910648 0.000000 1.092635 96.349849 0.000000 0.163411 0.071668 
191 59.064932 0.000000 -2.908258 101.826831 0.000000 -1.582224 -0.037121 
192 59.064932 0.000000 -10.910044 111.143140 0.000000 -10.658485 -0.246640 
193 67.727789 0.000000 -2.908258 98.579445 0.000000 0.000000 0.028209 
194 59.064932 0.000000 5.093528 110.086734 0.000000 -6.987182 -0.216791 
195 46.070647 0.000000 1.092635 99.752691 0.000000 -0.512874 0.004914 
196 46.070647 0.000000 -2.908258 99.317171 0.000000 0.074657 0.013609 
197 50.402075 0.000000 1.092635 109.751250 0.000000 -1.006885 -0.204635 
198 46.070647 0.000000 5.093528 99.087478 0.000000 -1.462970 0.017953 
199 41.739219 0.000000 -18.911829 97.333171 0.000000 11.508787 0.039380 
200 41.739219 0.000000 -26.913615 97.566131 0.000000 11.553336 0.034737 
201 50.402075 0.000000 -18.911829 96.763117 0.000000 10.984475 0.051624 
202 46.070647 0.000000 -6.909151 98.993688 0.000000 -1.418918 0.019824 
203 41.739219 0.000000 -6.909151 94.631527 0.000000 1.457423 0.104275 
204 46.070647 0.000000 -10.910044 98.795066 0.000000 1.065392 0.023840 
205 50.402075 0.000000 -6.909151 102.614087 0.000000 -2.767293 -0.053731 
206 43.904933 0.000000 -0.907812 91.508850 0.000000 0.188315 0.162609 
207 41.739219 0.000000 -0.907812 88.069968 0.000000 0.347660 0.224356 
208 43.904933 0.000000 -2.908258 94.240244 0.000000 0.293517 0.111869 
209 46.070647 0.000000 -0.907812 99.839924 0.000000 0.456001 0.003178 
210 43.904933 0.000000 1.092635 94.189170 0.000000 -0.469409 0.112818 
211 59.064932 0.000000 13.095313 101.662300 0.000000 10.103116 -0.043730 
212 67.727789 0.000000 13.095313 101.001466 0.000000 9.913305 -0.029957 
213 59.064932 0.000000 21.097099 101.304834 0.000000 10.496360 -0.037284 
214 54.733504 0.000000 1.092635 105.417566 0.000000 -1.687260 -0.111571 
215 54.733504 0.000000 -2.908258 105.394308 0.000000 -1.666711 -0.111074 
216 59.064932 0.000000 1.092635 102.229108 0.000000 -1.786329 -0.045398 
217 54.733504 0.000000 5.093528 107.821296 0.000000 -4.749093 -0.164799 
218 466.219197 0.000000 -122.935043 99.278416 0.000000 11.921510 0.000167 
219 466.219197 0.000000 -250.963613 99.255687 0.000000 12.088823 0.000217 
220 604.824905 0.000000 -122.935043 99.277675 0.000000 11.964119 0.000080 
221 466.219197 0.000000 5.093528 99.403239 0.000000 10.957784 -0.000108 
222 258.310636 0.000000 -58.920758 99.318084 0.000000 11.396865 0.000603 
223 258.310636 0.000000 -122.935043 99.256742 0.000000 11.835073 0.000803 
224 327.613490 0.000000 -58.920758 99.323696 0.000000 11.488565 0.000282 
225 258.310636 0.000000 5.093528 99.263492 0.000000 12.024353 0.000217 
226 154.356356 0.000000 -26.913615 99.298039 0.000000 10.881685 0.002149 
227 154.356356 0.000000 -58.920758 99.236289 0.000000 11.210061 0.002649 
228 189.007783 0.000000 -26.913615 99.339445 0.000000 10.874040 0.001343 
229 154.356356 0.000000 5.093528 97.617675 0.000000 21.811113 -0.000494 
230 102.379216 0.000000 -10.910044 101.865772 0.000000 12.418049 -0.053084 
231 102.379216 0.000000 -26.913615 99.479841 0.000000 10.369824 -0.000377 
232 119.704929 0.000000 -10.910044 99.266190 0.000000 12.630658 -0.001331 
233 102.379216 0.000000 5.093528 94.417716 0.000000 19.490628 0.070541 
234 76.390646 0.000000 -2.908258 98.699753 0.000000 0.000000 0.025836 
235 76.390646 0.000000 -10.910044 97.274894 0.000000 7.119167 0.048691 
236 85.053502 0.000000 -2.908258 97.974601 0.000000 -6.511454 0.035858 
237 76.390646 0.000000 5.093528 101.060728 0.000000 7.289793 -0.026641 
238 63.396360 0.000000 1.092635 100.509108 0.000000 -1.532617 -0.010443 
239 63.396360 0.000000 -2.908258 100.280547 0.000000 -1.348138 -0.005801 
240 67.727789 0.000000 1.092635 98.563736 0.000000 0.000000 0.028519 
241 63.396360 0.000000 5.093528 109.284688 0.000000 -12.844496 -0.210812 
242 189.007783 0.000000 -378.992184 99.233822 0.000000 12.143369 0.000519 
243 189.007783 0.000000 -507.020754 99.241552 0.000000 12.164213 0.000315 
244 327.613490 0.000000 -378.992184 99.243663 0.000000 12.137390 0.000338 
245 119.704929 0.000000 -186.949328 99.168594 0.000000 12.019864 0.002111 
246 119.704929 0.000000 -250.963613 99.202927 0.000000 12.097027 0.001244 
247 189.007783 0.000000 -186.949328 99.212255 0.000000 12.002188 0.001288 
248 85.053502 0.000000 -90.927900 98.965672 0.000000 11.636164 0.007040 
249 85.053502 0.000000 -122.935043 99.063246 0.000000 11.865019 0.004569 
250 119.704929 0.000000 -90.927900 99.102185 0.000000 11.564881 0.004501 
251 67.727789 0.000000 -42.917186 98.339409 0.000000 10.832931 0.021201 
252 67.727789 0.000000 -58.920758 98.606275 0.000000 11.267728 0.014984 
253 85.053502 0.000000 -42.917186 98.762271 0.000000 10.606163 0.013352 
254 59.064932 0.000000 -18.911829 96.840459 0.000000 9.997254 0.052198 
255 59.064932 0.000000 -26.913615 97.438687 0.000000 10.492715 0.039561 
256 67.727789 0.000000 -18.911829 97.393419 0.000000 9.398665 0.042619 
257 63.396360 0.000000 -6.909151 109.202026 0.000000 -12.867672 -0.209066 
258 59.064932 0.000000 -6.909151 110.004142 0.000000 -7.090243 -0.215118 
259 63.396360 0.000000 -10.910044 96.512284 0.000000 8.131199 0.061926 
260 67.727789 0.000000 -6.909151 96.693534 0.000000 5.874315 0.061585 
261 466.219197 0.000000 133.122098 99.353652 0.000000 11.412578 -0.000140 
262 604.824905 0.000000 133.122098 99.376265 0.000000 11.209547 -0.000130 
263 466.219197 0.000000 261.150668 99.284633 0.000000 12.001344 -0.000147 
264 258.310636 0.000000 69.107813 99.424759 0.000000 10.922170 -0.000458 
265 327.613490 0.000000 69.107813 99.417838 0.000000 10.902463 -0.000277 
266 258.310636 0.000000 133.122098 99.350439 0.000000 11.630525 -0.000578 
267 154.356356 0.000000 37.100670 99.420744 0.000000 11.008498 -0.000567 
268 189.007783 0.000000 37.100670 99.357639 0.000000 11.438747 -0.000279 
269 154.356356 0.000000 69.107813 99.492993 0.000000 11.019619 -0.002029 
270 102.379216 0.000000 21.097099 99.285144 0.000000 10.867275 0.002436 
271 119.704929 0.000000 21.097099 99.013276 0.000000 11.958805 0.005336 
272 102.379216 0.000000 37.100670 99.692115 0.000000 10.416542 -0.004702 
273 76.390646 0.000000 13.095313 100.646146 0.000000 9.922403 -0.022810 
274 85.053502 0.000000 13.095313 100.136512 0.000000 9.804179 -0.012344 
275 76.390646 0.000000 21.097099 100.424855 0.000000 10.235477 -0.018992 
276 72.059217 0.000000 1.092635 98.548270 0.000000 0.000000 0.028824 
277 72.059217 0.000000 -2.908258 98.542252 0.000000 0.000000 0.028942 
278 76.390646 0.000000 1.092635 98.699744 0.000000 0.000000 0.025836 
279 72.059217 0.000000 5.093528 100.668740 0.000000 7.416351 -0.018920 
280 65.562075 0.000000 -0.907812 98.783400 0.000000 -0.473107 0.024162 
281 63.396360 0.000000 -0.907812 99.397784 0.000000 -0.561292 0.011977 
282 65.562075 0.000000 -2.908258 99.071381 0.000000 -1.399308 0.018290 
283 67.727789 0.000000 -0.907812 98.585880 0.000000 0.000000 0.028082 
284 65.562075 0.000000 1.092635 99.169497 0.000000 -1.703985 0.016251 
285 76.390646 0.000000 -18.911829 97.962072 0.000000 9.003101 0.032238 
286 76.390646 0.000000 -26.913615 98.346015 0.000000 9.863223 0.023078 
287 85.053502 0.000000 -18.911829 98.785474 0.000000 8.756053 0.016476 
288 72.059217 0.000000 -6.909151 96.785080 0.000000 5.628079 0.060097 
289 72.059217 0.000000 -10.910044 97.133513 0.000000 7.565907 0.050784 
290 76.390646 0.000000 -6.909151 96.630233 0.000000 5.079000 0.063680 
291 93.716359 0.000000 -2.908258 93.753645 0.000000 -12.619363 0.105101 
292 93.716359 0.000000 -10.910044 101.783489 0.000000 6.887156 -0.040731 
293 102.379216 0.000000 -2.908258 96.443597 0.000000 32.034588 -0.032758 
294 93.716359 0.000000 5.093528 94.705185 0.000000 9.036722 0.094927 
295 80.722074 0.000000 1.092635 98.661071 0.000000 -4.715922 0.024375 
296 80.722074 0.000000 -2.908258 98.684431 0.000000 -4.717039 0.023913 
297 85.053502 0.000000 1.092635 98.082146 0.000000 -6.283001 0.034042 
298 80.722074 0.000000 5.093528 101.497953 0.000000 6.348292 -0.034214 
299 74.224931 0.000000 -0.907812 98.605906 0.000000 0.000000 0.027688 
300 72.059217 0.000000 -0.907812 98.554320 0.000000 0.000000 0.028705 
301 74.224931 0.000000 -2.908258 98.592393 0.000000 0.000000 0.027954 
302 76.390646 0.000000 -0.907812 98.693833 0.000000 0.000000 0.025953 
303 74.224931 0.000000 1.092635 98.592317 0.000000 0.000000 0.027956 
304 80.722074 0.000000 -6.909151 96.686334 0.000000 3.786826 0.063741 
305 80.722074 0.000000 -10.910044 97.681822 0.000000 6.537286 0.041553 
306 85.053502 0.000000 -6.909151 97.888122 0.000000 2.262835 0.041280 
307 78.556360 0.000000 -0.907812 98.856166 0.000000 0.000000 0.022746 
308 78.556360 0.000000 -2.908258 95.149710 0.000000 1.363726 0.094467 
309 80.722074 0.000000 -0.907812 98.963866 0.000000 -0.629286 0.020576 
310 78.556360 0.000000 1.092635 102.557650 0.000000 2.557568 -0.052461 
311 93.716359 0.000000 13.095313 98.882548 0.000000 10.554693 0.011084 
312 102.379216 0.000000 13.095313 98.260620 0.000000 12.651782 0.018478 
313 93.716359 0.000000 21.097099 99.681269 0.000000 10.334538 -0.004316 
314 89.384931 0.000000 1.092635 96.403912 0.000000 -10.016113 0.060596 
315 89.384931 0.000000 -2.908258 95.834467 0.000000 -10.609377 0.070320 
316 93.716359 0.000000 1.092635 93.858966 0.000000 -12.633540 0.103089 
317 89.384931 0.000000 5.093528 97.683962 0.000000 5.777491 0.042446 
318 82.887788 0.000000 -0.907812 98.767411 0.000000 -4.721005 0.022271 
319 82.887788 0.000000 -2.908258 98.746510 0.000000 -4.720006 0.022685 
320 85.053502 0.000000 -0.907812 98.138800 0.000000 -6.122205 0.033129 
321 82.887788 0.000000 1.092635 98.750260 0.000000 -4.720185 0.022611 
322 102.379216 0.000000 -42.917186 99.093291 0.000000 10.723547 0.006553 
323 102.379216 0.000000 -58.920758 99.005644 0.000000 11.094882 0.007479 
324 119.704929 0.000000 -42.917186 99.201190 0.000000 10.854377 0.004131 
325 93.716359 0.000000 -18.911829 99.785975 0.000000 9.332921 -0.004434 
326 93.716359 0.000000 -26.913615 99.263231 0.000000 9.943651 0.004793 
327 102.379216 0.000000 -18.911829 100.017241 0.000000 10.549195 -0.011473 
328 89.384931 0.000000 -6.909151 100.299766 0.000000 1.107809 -0.006127 
329 89.384931 0.000000 -10.910044 100.095675 0.000000 5.790815 -0.005268 
330 93.716359 0.000000 -6.909151 103.675233 0.000000 1.791686 -0.075176 
331 82.887788 0.000000 -4.908704 98.661056 0.000000 -4.715922 0.024376 
332 80.722074 0.000000 -4.908704 95.696142 0.000000 1.868031 0.083876 
333 82.887788 0.000000 -6.909151 97.162387 0.000000 3.080239 0.054998 
334 85.053502 0.000000 -4.908704 98.684438 0.000000 -4.717039 0.023913 
335 81.804931 0.000000 -1.908035 98.843273 0.000000 -3.112762 0.022032 
336 80.722074 0.000000 -1.908035 98.868791 0.000000 -2.014710 0.022090 
337 81.804931 0.000000 -2.908258 98.754126 0.000000 -4.720370 0.022534 
338 82.887788 0.000000 -1.908035 98.774639 0.000000 -4.721351 0.022128 
339 81.804931 0.000000 -0.907812 98.904945 0.000000 -1.792393 0.021460 
340 137.030642 0.000000 -10.910044 99.197532 0.000000 12.005477 0.001572 
341 137.030642 0.000000 -26.913615 99.305158 0.000000 10.880573 0.002010 
342 154.356356 0.000000 -10.910044 99.178964 0.000000 11.579466 0.002945 
343 137.030642 0.000000 5.093528 97.198496 0.000000 25.130885 -0.007911 
344 111.042072 0.000000 -2.908258 97.830935 0.000000 20.268602 0.001829 
345 111.042072 0.000000 -10.910044 99.580403 0.000000 13.090208 -0.008761 
346 119.704929 0.000000 -2.908258 98.331569 0.000000 17.999091 0.000694 
347 111.042072 0.000000 5.093528 96.698002 0.000000 23.323715 0.010550 
348 98.047787 0.000000 1.092635 84.712092 0.000000 13.123089 0.265165 
349 98.047787 0.000000 -2.908258 92.191882 0.000000 -14.182345 0.129952 
350 102.379216 0.000000 1.092635 90.286563 0.000000 25.684572 0.118864 
351 98.047787 0.000000 5.093528 93.302197 0.000000 14.413748 0.108694 
352 54.733504 0.000000 -6.909151 106.567087 0.000000 -4.405102 -0.137595 
353 54.733504 0.000000 -10.910044 108.943548 0.000000 -5.365926 -0.189749 
354 52.567790 0.000000 -0.907812 114.855174 0.000000 -2.336521 -0.319717 
355 50.402075 0.000000 -0.907812 110.119296 0.000000 0.167844 -0.212629 
356 52.567790 0.000000 -2.908258 109.347371 0.000000 -1.123458 -0.195811 
357 54.733504 0.000000 -0.907812 105.306723 0.000000 -0.425024 -0.108969 
358 52.567790 0.000000 1.092635 109.598254 0.000000 -1.200023 -0.201322 
359 52.567790 0.000000 -4.908704 105.539419 0.000000 -3.775757 -0.115283 
360 50.402075 0.000000 -4.908704 102.868454 0.000000 -2.778746 -0.058964 
361 52.567790 0.000000 -6.909151 105.317077 0.000000 -3.679324 -0.110522 
362 54.733504 0.000000 -4.908704 106.737331 0.000000 -4.570411 -0.141375 
363 56.899218 0.000000 -0.907812 102.587793 0.000000 -0.698634 -0.052474 
364 56.899218 0.000000 -2.908258 103.144916 0.000000 -1.314266 -0.064060 
365 59.064932 0.000000 -0.907812 100.523350 0.000000 -0.778244 -0.010555 
366 56.899218 0.000000 1.092635 103.468008 0.000000 -1.417054 -0.070764 
367 53.650647 0.000000 -1.908035 105.707929 0.000000 -5.515047 -0.120458 
368 52.567790 0.000000 -1.908035 116.581809 0.000000 -3.424094 -0.360304 
369 53.650647 0.000000 -2.908258 107.789051 0.000000 -1.297662 -0.162016 
370 54.733504 0.000000 -1.908035 105.144705 0.000000 -1.135364 -0.105670 
371 53.650647 0.000000 -0.907812 108.042692 0.000000 -0.859397 -0.167396 
372 56.899218 0.000000 -4.908704 107.887568 0.000000 -5.299450 -0.166781 
373 56.899218 0.000000 -6.909151 108.991510 0.000000 -5.833119 -0.191317 
374 59.064932 0.000000 -4.908704 108.964662 0.000000 -6.096986 -0.191047 
375 55.816361 0.000000 -1.908035 103.803489 0.000000 -1.013870 -0.077619 
376 55.816361 0.000000 -2.908258 104.059751 0.000000 -1.372472 -0.083032 
377 56.899218 0.000000 -1.908035 102.959275 0.000000 -1.058985 -0.060173 
378 55.816361 0.000000 -0.907812 103.825599 0.000000 -0.907580 -0.078058 
379 54.733504 0.000000 9.094420 110.234821 0.000000 -6.522436 -0.219426 
380 50.402075 0.000000 9.094420 107.412540 0.000000 -4.024974 -0.155365 
381 59.064932 0.000000 9.094420 109.475418 0.000000 -12.791349 -0.214849 
382 54.733504 0.000000 13.095313 101.917424 0.000000 10.387241 -0.049506 
383 52.567790 0.000000 3.093081 105.525618 0.000000 -3.707907 -0.114940 
384 50.402075 0.000000 3.093081 102.845027 0.000000 -2.761592 -0.058473 
385 54.733504 0.000000 3.093081 106.741145 0.000000 -4.464604 -0.141360 
386 52.567790 0.000000 5.093528 106.385332 0.000000 -3.925052 -0.133324 
387 53.650647 0.000000 0.092412 108.121727 0.000000 -1.049267 -0.169141 
388 52.567790 0.000000 0.092412 109.545974 0.000000 -0.929602 -0.200118 
389 54.733504 0.000000 0.092412 105.186555 0.000000 -1.204689 -0.106566 
390 53.650647 0.000000 1.092635 107.805726 0.000000 -1.297400 -0.162376 
391 54.192075 0.000000 -1.407923 103.932511 0.000000 -5.784535 -0.083543 
392 53.650647 0.000000 -1.407923 107.493624 0.000000 -6.667550 -0.159934 
393 54.192075 0.000000 -1.908035 103.234435 0.000000 -6.924915 -0.070530 
394 54.733504 0.000000 -1.407923 105.912720 0.000000 -0.761385 -0.121808 
395 54.192075 0.000000 -0.907812 106.913763 0.000000 -0.778575 -0.143116 
396 48.236361 0.000000 -0.907812 107.892371 0.000000 0.628787 -0.164116 
397 48.236361 0.000000 -2.908258 105.542748 0.000000 0.105335 -0.113928 
398 48.236361 0.000000 1.092635 104.674339 0.000000 -0.816911 -0.095738 
399 51.484932 0.000000 -1.908035 114.077259 0.000000 -1.027879 -0.301468 
400 50.402075 0.000000 -1.908035 109.336425 0.000000 0.246953 -0.195451 
401 51.484932 0.000000 -2.908258 110.854204 0.000000 -1.281632 -0.229030 
402 51.484932 0.000000 -0.907812 114.600163 0.000000 -0.686109 -0.313367 
403 53.109218 0.000000 -1.407923 113.041592 0.000000 -5.652853 -0.281036 
404 52.567790 0.000000 -1.407923 117.599106 0.000000 -3.783970 -0.384387 
405 53.109218 0.000000 -1.908035 113.587842 0.000000 -3.960119 -0.291788 
406 53.109218 0.000000 -0.907812 111.846106 0.000000 -2.090362 -0.251392 
407 51.484932 0.000000 0.092412 111.310161 0.000000 -0.854904 -0.239068 
408 50.402075 0.000000 0.092412 110.630494 0.000000 -0.711748 -0.223961 
409 51.484932 0.000000 1.092635 111.348508 0.000000 -1.338463 -0.240028 
410 52.026361 0.000000 -1.407923 125.288714 0.000000 -2.811560 -0.570517 
411 51.484932 0.000000 -1.407923 114.858220 0.000000 -0.909100 -0.319324 
412 52.026361 0.000000 -1.908035 116.224071 0.000000 -1.511536 -0.351032 
413 52.026361 0.000000 -0.907812 115.031957 0.000000 -1.193397 -0.323378 
414 48.236361 0.000000 -4.908704 100.113573 0.000000 -1.740625 -0.002576 
415 46.070647 0.000000 -4.908704 98.992838 0.000000 -1.331844 0.019864 
416 48.236361 0.000000 -6.909151 99.949239 0.000000 -1.781178 0.000698 
417 49.319218 0.000000 -1.908035 108.838102 0.000000 1.175483 -0.184711 
418 48.236361 0.000000 -1.908035 107.263576 0.000000 0.934805 -0.150635 
419 49.319218 0.000000 -2.908258 108.286334 0.000000 -0.060763 -0.172593 
420 49.319218 0.000000 -0.907812 110.163349 0.000000 0.594356 -0.213632 
421 46.070647 0.000000 9.094420 99.755587 0.000000 2.147380 0.004421 
422 41.739219 0.000000 9.094420 91.121481 0.000000 1.279432 0.169524 
423 46.070647 0.000000 13.095313 101.768506 0.000000 11.049900 -0.047893 
424 48.236361 0.000000 3.093081 100.120823 0.000000 -1.757944 -0.002727 
425 46.070647 0.000000 3.093081 99.070383 0.000000 -1.374961 0.018317 
426 48.236361 0.000000 5.093528 100.348505 0.000000 -2.031009 -0.007395 
427 49.319218 0.000000 0.092412 108.814929 0.000000 -0.111910 -0.184070 
428 48.236361 0.000000 0.092412 107.119410 0.000000 -0.017629 -0.147457 
429 49.319218 0.000000 1.092635 108.145649 0.000000 -0.799717 -0.169612 
430 49.860647 0.000000 -1.407923 109.307137 0.000000 0.695712 -0.194853 
431 49.319218 0.000000 -1.407923 109.840920 0.000000 2.250743 -0.207009 
432 49.860647 0.000000 -1.908035 109.126294 0.000000 0.526354 -0.190882 
433 50.402075 0.000000 -1.407923 109.439108 0.000000 0.323876 -0.197702 
434 49.860647 0.000000 -0.907812 110.184867 0.000000 0.300385 -0.214080 
435 37.407790 0.000000 -6.909151 90.860383 0.000000 1.135579 0.174310 
436 37.407790 0.000000 -10.910044 89.782909 0.000000 0.692145 0.193855 
437 43.904933 0.000000 -4.908704 97.908776 0.000000 -1.041026 0.041279 
438 41.739219 0.000000 -4.908704 96.131479 0.000000 1.016788 0.075770 
439 43.904933 0.000000 -6.909151 98.061565 0.000000 -1.146907 0.038261 
440 44.987790 0.000000 -1.908035 96.237470 0.000000 0.624171 0.073796 
441 43.904933 0.000000 -1.908035 93.315161 0.000000 0.490264 0.129204 
442 44.987790 0.000000 -2.908258 96.722943 0.000000 0.283372 0.064459 
443 46.070647 0.000000 -1.908035 99.111321 0.000000 0.891266 0.017615 
444 44.987790 0.000000 -0.907812 96.036300 0.000000 0.355016 0.077690 
445 39.573505 0.000000 -0.907812 84.912516 0.000000 0.377401 0.278972 
446 37.407790 0.000000 -0.907812 78.888885 0.000000 0.205371 0.377650 
447 39.573505 0.000000 -2.908258 85.809469 0.000000 0.511614 0.263647 
448 39.573505 0.000000 1.092635 84.788262 0.000000 0.572170 0.281062 
449 42.822076 0.000000 -1.908035 91.005148 0.000000 0.276088 0.171799 
450 41.739219 0.000000 -1.908035 88.096438 0.000000 0.500073 0.223877 
451 42.822076 0.000000 -2.908258 91.383162 0.000000 0.071724 0.164911 
452 42.822076 0.000000 -0.907812 89.598730 0.000000 0.099108 0.197206 
453 39.573505 0.000000 -4.908704 92.689810 0.000000 1.490378 0.140638 
454 37.407790 0.000000 -4.908704 90.804742 0.000000 1.109442 0.175327 
455 39.573505 0.000000 -6.909151 92.007076 0.000000 1.436846 0.153263 
456 40.656362 0.000000 -1.908035 86.436240 0.000000 0.539563 0.252849 
457 39.573505 0.000000 -1.908035 88.680068 0.000000 0.544033 0.213555 
458 40.656362 0.000000 -2.908258 87.519101 0.000000 0.647313 0.233999 
459 40.656362 0.000000 -0.907812 83.813031 0.000000 0.208585 0.297533 
460 43.904933 0.000000 3.093081 98.051435 0.000000 -1.095487 0.038472 
461 41.739219 0.000000 3.093081 94.591181 0.000000 1.457446 0.105038 
462 43.904933 0.000000 5.093528 98.211021 0.000000 0.313054 0.035450 
463 42.822076 0.000000 0.092412 90.837284 0.000000 -0.086741 0.174858 
464 41.739219 0.000000 0.092412 88.138003 0.000000 0.216406 0.223165 
465 43.904933 0.000000 0.092412 93.554963 0.000000 -0.125292 0.124745 
466 42.822076 0.000000 1.092635 91.415825 0.000000 -0.350291 0.164302 
467 42.280647 0.000000 -1.407923 88.659301 0.000000 0.238688 0.213947 
468 41.739219 0.000000 -1.407923 87.977127 0.000000 0.427203 0.225984 
469 42.280647 0.000000 -1.908035 89.526724 0.000000 0.313129 0.198487 
470 42.822076 0.000000 -1.407923 90.666267 0.000000 0.229565 0.177958 
471 42.280647 0.000000 -0.907812 88.293977 0.000000 0.176680 0.220414 
472 35.242076 0.000000 -0.907812 88.494637 0.000000 0.108175 0.216869 
473 35.242076 0.000000 -2.908258 89.270039 0.000000 0.235890 0.203080 
474 35.242076 0.000000 1.092635 89.227722 0.000000 0.240514 0.203836 
475 38.490647 0.000000 -1.908035 84.921806 0.000000 0.403302 0.278812 
476 37.407790 0.000000 -1.908035 80.254684 0.000000 0.380264 0.355904 
477 38.490647 0.000000 -2.908258 85.083649 0.000000 0.464132 0.276056 
478 38.490647 0.000000 -0.907812 82.950292 0.000000 0.287519 0.311917 
479 37.407790 0.000000 9.094420 89.784339 0.000000 0.693658 0.193829 
480 33.076362 0.000000 9.094420 89.397356 0.000000 0.544269 0.200782 
481 37.407790 0.000000 13.095313 101.030962 0.000000 11.132471 -0.033119 
482 39.573505 0.000000 3.093081 92.798571 0.000000 1.514404 0.138613 
483 37.407790 0.000000 3.093081 90.839397 0.000000 1.125385 0.174694 
484 39.573505 0.000000 5.093528 92.093804 0.000000 1.460666 0.151660 
485 38.490647 0.000000 0.092412 82.443011 0.000000 0.338814 0.320304 
486 37.407790 0.000000 0.092412 81.864600 0.000000 0.357969 0.329806 
487 39.573505 0.000000 0.092412 83.369598 0.000000 0.386353 0.304936 
488 38.490647 0.000000 1.092635 83.400083 0.000000 0.461598 0.304421 
489 39.032076 0.000000 -1.407923 84.396374 0.000000 0.348573 0.287713 
490 38.490647 0.000000 -1.407923 84.525317 0.000000 0.381443 0.285533 
491 39.032076 0.000000 -1.908035 86.028259 0.000000 0.445620 0.259894 
492 39.573505 0.000000 -1.407923 86.852500 0.000000 0.473703 0.245642 
493 39.032076 0.000000 -0.907812 83.222393 0.000000 0.293175 0.307395 
494 35.242076 0.000000 -4.908704 90.246162 0.000000 0.841375 0.185492 
495 33.076362 0.000000 -4.908704 89.937975 0.000000 0.670399 0.191071 
496 35.242076 0.000000 -6.909151 90.245761 0.000000 0.854265 0.185497 
497 36.324933 0.000000 -1.908035 84.610460 0.000000 0.342981 0.284095 
498 35.242076 0.000000 -1.908035 92.261451 0.000000 0.439437 0.148763 
499 36.324933 0.000000 -2.908258 85.550625 0.000000 0.357763 0.268096 
500 36.324933 0.000000 -0.907812 82.838061 0.000000 0.238462 0.313780 
501 35.242076 0.000000 3.093081 90.246289 0.000000 0.848738 0.185489 
502 33.076362 0.000000 3.093081 89.921238 0.000000 0.672645 0.191372 
503 35.242076 0.000000 5.093528 90.248967 0.000000 0.862330 0.185438 
504 36.324933 0.000000 0.092412 85.276025 0.000000 0.254722 0.272793 
505 35.242076 0.000000 0.092412 89.396733 0.000000 0.172031 0.200819 
506 36.324933 0.000000 1.092635 84.536029 0.000000 0.404917 0.285350 
507 36.866362 0.000000 -1.407923 79.276176 0.000000 0.284064 0.371521 
508 36.324933 0.000000 -1.407923 84.250797 0.000000 0.315264 0.290170 
509 36.866362 0.000000 -1.908035 77.090975 0.000000 0.363267 0.405685 
510 37.407790 0.000000 -1.407923 79.728772 0.000000 0.301174 0.364323 
511 36.866362 0.000000 -0.907812 80.263653 0.000000 0.199007 0.355771 
512 34.159219 0.000000 -1.908035 92.961027 0.000000 0.161660 0.135822 
513 33.076362 0.000000 -1.908035 96.068817 0.000000 0.117335 0.077077 
514 34.159219 0.000000 -2.908258 94.400372 0.000000 0.290130 0.108849 
515 34.159219 0.000000 -0.907812 94.907559 0.000000 0.067655 0.099255 
516 35.783505 0.000000 -1.407923 88.655793 0.000000 0.249213 0.214009 
517 35.242076 0.000000 -1.407923 91.338047 0.000000 0.352737 0.165724 
518 35.783505 0.000000 -1.908035 90.699085 0.000000 0.433907 0.177349 
519 35.783505 0.000000 -0.907812 87.141609 0.000000 0.141089 0.240632 
520 34.159219 0.000000 0.092412 93.818464 0.000000 0.184681 0.119806 
521 33.076362 0.000000 0.092412 96.041186 0.000000 0.121315 0.077608 
522 34.159219 0.000000 1.092635 94.335206 0.000000 0.300331 0.110078 
523 34.700648 0.000000 -1.407923 91.327301 0.000000 0.134786 0.165931 
524 34.159219 0.000000 -1.407923 93.842187 0.000000 0.117943 0.119363 
525 34.700648 0.000000 -1.908035 91.363496 0.000000 0.164300 0.165268 
526 34.700648 0.000000 -0.907812 91.571866 0.000000 0.127055 0.161458 
527 30.910648 0.000000 -4.908704 89.880338 0.000000 0.586978 0.192118 
528 28.744934 0.000000 -4.908704 89.830807 0.000000 0.553317 0.193012 
529 30.910648 0.000000 -6.909151 89.846650 0.000000 0.587768 0.192723 
530 34.159219 0.000000 -3.908481 92.818616 0.000000 0.487910 0.138447 
531 33.076362 0.000000 -3.908481 91.750845 0.000000 0.480812 0.158155 
532 34.159219 0.000000 -4.908704 90.275557 0.000000 0.837591 0.184962 
533 35.242076 0.000000 -3.908481 90.247882 0.000000 0.836127 0.185462 
534 34.700648 0.000000 -2.408146 90.897084 0.000000 0.188256 0.173768 
535 34.159219 0.000000 -2.408146 94.950681 0.000000 0.225284 0.098432 
536 34.700648 0.000000 -2.908258 90.997345 0.000000 0.248743 0.171942 
537 35.242076 0.000000 -2.408146 88.716558 0.000000 0.197982 0.212933 
538 34.971362 0.000000 -1.657979 94.147509 0.000000 0.410287 0.113608 
539 34.700648 0.000000 -1.657979 91.033299 0.000000 0.144500 0.171292 
540 34.971362 0.000000 -1.908035 91.759683 0.000000 0.340513 0.158004 
541 35.242076 0.000000 -1.657979 92.879525 0.000000 0.492111 0.137315 
542 34.971362 0.000000 -1.407923 90.496510 0.000000 0.146689 0.181036 
543 36.324933 0.000000 -3.908481 85.554792 0.000000 0.689468 0.267990 
544 36.324933 0.000000 -4.908704 90.816198 0.000000 1.091978 0.175123 
545 37.407790 0.000000 -3.908481 84.477194 0.000000 0.597339 0.286325 
546 35.783505 0.000000 -2.408146 88.547868 0.000000 0.312822 0.215918 
547 35.783505 0.000000 -2.908258 87.204168 0.000000 0.324254 0.239533 
548 36.324933 0.000000 -2.408146 82.403742 0.000000 0.309191 0.320953 
549 34.971362 0.000000 -2.158091 89.955487 0.000000 0.171103 0.190798 
550 34.700648 0.000000 -2.158091 91.112968 0.000000 0.176347 0.169840 
551 34.971362 0.000000 -2.408146 89.798403 0.000000 0.180732 0.193621 
552 35.242076 0.000000 -2.158091 91.295508 0.000000 0.357272 0.166500 
553 35.512790 0.000000 -1.657979 92.458516 0.000000 0.517613 0.145115 
554 35.512790 0.000000 -1.908035 91.824362 0.000000 0.471425 0.156806 
555 35.783505 0.000000 -1.657979 90.866438 0.000000 0.439542 0.174310 
556 35.512790 0.000000 -1.407923 90.412051 0.000000 0.350577 0.182554 
557 35.106719 0.000000 -1.783007 94.741875 0.000000 0.450978 0.102377 
558 34.971362 0.000000 -1.783007 94.158879 0.000000 0.414311 0.113393 
559 35.106719 0.000000 -1.908035 91.934782 0.000000 0.384745 0.154785 
560 35.242076 0.000000 -1.783007 92.894297 0.000000 0.497209 0.137040 
561 35.106719 0.000000 -1.657979 94.708896 0.000000 0.448051 0.103002 
562 69.893503 0.000000 -0.907812 98.556047 0.000000 0.000000 0.028671 
563 69.893503 0.000000 -2.908258 98.558445 0.000000 0.000000 0.028623 
564 69.893503 0.000000 1.092635 98.558440 0.000000 0.000000 0.028623 
565 69.893503 0.000000 -4.908704 96.678272 0.000000 4.227983 0.063544 
566 67.727789 0.000000 -4.908704 96.621147 0.000000 4.257788 0.064623 
567 69.893503 0.000000 -6.909151 96.775547 0.000000 5.803777 0.060081 
568 72.059217 0.000000 -4.908704 96.660972 0.000000 4.055852 0.064021 
569 68.810646 0.000000 -1.908035 98.558652 0.000000 0.000000 0.028619 
570 67.727789 0.000000 -1.908035 98.585665 0.000000 0.000000 0.028087 
571 68.810646 0.000000 -2.908258 98.563928 0.000000 0.000000 0.028515 
572 69.893503 0.000000 -1.908035 98.553041 0.000000 0.000000 0.028730 
573 68.810646 0.000000 -0.907812 98.560725 0.000000 0.000000 0.028578 
574 78.556360 0.000000 -4.908704 95.891555 0.000000 2.974287 0.079596 
575 76.390646 0.000000 -4.908704 96.260477 0.000000 3.588033 0.072105 
576 78.556360 0.000000 -6.909151 96.586486 0.000000 4.531612 0.065052 
577 79.639217 0.000000 -1.908035 98.932297 0.000000 0.000000 0.021240 
578 78.556360 0.000000 -1.908035 98.860675 0.000000 0.000000 0.022657 
579 79.639217 0.000000 -2.908258 94.564882 0.000000 0.882706 0.105670 
580 79.639217 0.000000 -0.907812 98.934342 0.000000 0.000000 0.021200 
581 80.722074 0.000000 9.094420 100.766086 0.000000 9.037531 -0.023548 
582 76.390646 0.000000 9.094420 100.781505 0.000000 9.293246 -0.024328 
583 85.053502 0.000000 9.094420 100.207624 0.000000 8.619357 -0.011586 
584 80.722074 0.000000 13.095313 100.457081 0.000000 9.959009 -0.019081 
585 82.887788 0.000000 3.093081 101.886601 0.000000 3.027235 -0.039004 
586 80.722074 0.000000 3.093081 102.333185 0.000000 3.990798 -0.048801 
587 85.053502 0.000000 3.093081 98.645852 0.000000 -4.715195 0.024676 
588 82.887788 0.000000 5.093528 101.207447 0.000000 5.813463 -0.027674 
589 81.804931 0.000000 0.092412 98.751336 0.000000 -4.720237 0.022589 
590 80.722074 0.000000 0.092412 98.862174 0.000000 -1.904691 0.022264 
591 82.887788 0.000000 0.092412 98.781570 0.000000 -4.721682 0.021991 
592 81.804931 0.000000 1.092635 98.715001 0.000000 -4.718500 0.023308 
593 81.263502 0.000000 -1.407923 98.957499 0.000000 -0.982245 0.020645 
594 80.722074 0.000000 -1.407923 98.957545 0.000000 -0.738896 0.020686 
595 81.263502 0.000000 -1.908035 98.873277 0.000000 -2.156792 0.021942 
596 81.804931 0.000000 -1.407923 98.894281 0.000000 -2.011065 0.021588 
597 81.263502 0.000000 -0.907812 98.974396 0.000000 -0.717945 0.020355 
598 98.047787 0.000000 -6.909151 108.196077 0.000000 6.857682 -0.175342 
599 98.047787 0.000000 -10.910044 102.843348 0.000000 9.571348 -0.066836 
600 102.379216 0.000000 -6.909151 104.185449 0.000000 17.006409 -0.114383 
601 95.882073 0.000000 -0.907812 92.945623 0.000000 -13.475584 0.117952 
602 93.716359 0.000000 -0.907812 93.735756 0.000000 -12.616955 0.105442 
603 95.882073 0.000000 -2.908258 92.789080 0.000000 -13.617543 0.120475 
604 98.047787 0.000000 -0.907812 92.235599 0.000000 -14.189070 0.129126 
605 95.882073 0.000000 1.092635 93.995785 0.000000 -12.651956 0.100472 
606 91.550645 0.000000 -0.907812 94.788068 0.000000 -11.595922 0.088076 
607 89.384931 0.000000 -0.907812 95.991656 0.000000 -10.465774 0.067607 
608 91.550645 0.000000 -2.908258 94.723915 0.000000 -11.660560 0.089141 
609 91.550645 0.000000 1.092635 95.128577 0.000000 -11.379161 0.082107 
610 95.882073 0.000000 -4.908704 92.986080 0.000000 -13.558265 0.116976 
611 93.716359 0.000000 -4.908704 93.860995 0.000000 -12.633813 0.103050 
612 95.882073 0.000000 -6.909151 105.889313 0.000000 3.323247 -0.122359 
613 98.047787 0.000000 -4.908704 92.267100 0.000000 -14.193916 0.128531 
614 94.799216 0.000000 -1.908035 93.227764 0.000000 -13.193797 0.113451 
615 93.716359 0.000000 -1.908035 93.840248 0.000000 -12.631020 0.103447 
616 94.799216 0.000000 -2.908258 93.178628 0.000000 -13.234534 0.114259 
617 95.882073 0.000000 -1.908035 92.821309 0.000000 -13.584756 0.119966 
618 94.799216 0.000000 -0.907812 93.353054 0.000000 -13.067428 0.111445 
619 91.550645 0.000000 -4.908704 94.813521 0.000000 -11.726422 0.087289 
620 89.384931 0.000000 -4.908704 96.438998 0.000000 -10.019758 0.059912 
621 91.550645 0.000000 -6.909151 101.881252 0.000000 1.144203 -0.038110 
622 94.799216 0.000000 -3.908481 93.210971 0.000000 -13.247337 0.113622 
623 93.716359 0.000000 -3.908481 93.750414 0.000000 -12.618928 0.105162 
624 94.799216 0.000000 -4.908704 93.857521 0.000000 -12.633345 0.103116 
625 95.882073 0.000000 -3.908481 92.862191 0.000000 -13.588576 0.119196 
626 137.030642 0.000000 21.097099 99.002487 0.000000 12.801893 0.003462 
627 154.356356 0.000000 21.097099 98.899421 0.000000 13.903522 0.002560 
628 137.030642 0.000000 37.100670 99.447456 0.000000 10.816763 -0.000680 
629 111.042072 0.000000 13.095313 98.378113 0.000000 14.183474 0.012058 
630 119.704929 0.000000 13.095313 98.385453 0.000000 15.315186 0.008575 
631 111.042072 0.000000 21.097099 99.060701 0.000000 11.444254 0.005601 
632 106.710644 0.000000 1.092635 95.189080 0.000000 26.616675 0.023059 
633 106.710644 0.000000 -2.908258 97.429161 0.000000 22.490349 0.000174 
634 111.042072 0.000000 1.092635 96.477642 0.000000 25.815841 0.002561 
635 106.710644 0.000000 5.093528 95.987102 0.000000 22.060028 0.029983 
636 100.213501 0.000000 -0.907812 75.037393 0.000000 22.132036 0.387956 
637 100.213501 0.000000 -2.908258 91.800218 0.000000 -15.106220 0.134452 
638 102.379216 0.000000 -0.907812 89.192761 0.000000 28.944205 0.120688 
639 100.213501 0.000000 1.092635 85.873626 0.000000 20.907425 0.218860 
640 96.964930 0.000000 -1.908035 92.538728 0.000000 -13.892444 0.124358 
641 96.964930 0.000000 -2.908258 92.473979 0.000000 -13.983093 0.125304 
642 98.047787 0.000000 -1.908035 92.220061 0.000000 -14.186680 0.129420 
643 96.964930 0.000000 -0.907812 92.648049 0.000000 -13.792903 0.122609 
644 95.340645 0.000000 -2.408146 93.067226 0.000000 -13.411533 0.115862 
645 94.799216 0.000000 -2.408146 93.208871 0.000000 -13.211330 0.113757 
646 95.340645 0.000000 -2.908258 92.984295 0.000000 -13.446604 0.117311 
647 95.882073 0.000000 -2.408146 92.899161 0.000000 -13.568700 0.118564 
648 95.340645 0.000000 -1.908035 93.015060 0.000000 -13.378885 0.116920 
649 128.367786 0.000000 13.095313 98.375363 0.000000 16.293716 0.005680 
650 128.367786 0.000000 5.093528 97.131761 0.000000 25.613860 -0.009065 
651 137.030642 0.000000 13.095313 98.254949 0.000000 17.440768 0.004178 
652 128.367786 0.000000 21.097099 98.995780 0.000000 12.391343 0.004629 
653 -365.415047 0.000000 -378.992184 99.246181 0.000000 12.189576 0.000161 
654 -504.020754 0.000000 -378.992184 99.249775 0.000000 12.189799 0.000089 
655 -365.415047 0.000000 -507.020754 99.247395 0.000000 12.187533 0.000142 
656 466.219197 0.000000 -378.992184 99.250390 0.000000 12.138149 0.000203 
657 466.219197 0.000000 -507.020754 99.249573 0.000000 12.158864 0.000168 
658 604.824905 0.000000 -378.992184 99.254031 0.000000 12.141102 0.000123 
659 -157.506486 0.000000 -186.949328 99.220474 0.000000 12.197836 0.000651 
660 -226.809339 0.000000 -186.949328 99.235050 0.000000 12.198685 0.000360 
661 -157.506486 0.000000 -250.963613 99.225382 0.000000 12.189464 0.000574 
662 258.310636 0.000000 -186.949328 99.237882 0.000000 11.999405 0.000786 
663 258.310636 0.000000 -250.963613 99.234774 0.000000 12.076602 0.000662 
664 327.613490 0.000000 -186.949328 99.252007 0.000000 12.010298 0.000479 
665 -53.552205 0.000000 -90.927900 99.109692 0.000000 12.248520 0.002724 
666 -88.203632 0.000000 -90.927900 99.175937 0.000000 12.236073 0.001441 
667 -53.552205 0.000000 -122.935043 99.134285 0.000000 12.201983 0.002351 
668 154.356356 0.000000 -90.927900 99.191898 0.000000 11.574966 0.002699 
669 154.356356 0.000000 -122.935043 99.175319 0.000000 11.785054 0.002537 
670 189.007783 0.000000 -90.927900 99.233014 0.000000 11.589163 0.001850 
671 -1.575065 0.000000 -42.917186 98.723629 0.000000 12.299343 0.010237 
672 -18.900778 0.000000 -42.917186 98.923961 0.000000 12.373147 0.006096 
673 -1.575065 0.000000 -58.920758 98.817140 0.000000 12.227272 0.008567 
674 7.087792 0.000000 -18.911829 98.075572 0.000000 11.940778 0.023860 
675 -1.575065 0.000000 -18.911829 98.351608 0.000000 12.404334 0.017309 
676 7.087792 0.000000 -26.913615 98.374276 0.000000 12.197141 0.017373 
677 7.087792 0.000000 13.095313 100.812789 0.000000 11.590698 -0.029756 
678 -1.575065 0.000000 13.095313 100.425935 0.000000 12.425104 -0.023975 
679 7.087792 0.000000 21.097099 100.324693 0.000000 12.123174 -0.021202 
680 28.744934 0.000000 9.094420 100.525607 0.000000 9.576284 -0.019710 
681 24.413505 0.000000 9.094420 100.559695 0.000000 9.304306 -0.019882 
682 28.744934 0.000000 13.095313 100.655312 0.000000 10.809868 -0.024835 
683 30.910648 0.000000 3.093081 89.862014 0.000000 0.587403 0.192447 
684 28.744934 0.000000 3.093081 89.814224 0.000000 0.553300 0.193310 
685 30.910648 0.000000 5.093528 89.768763 0.000000 0.553240 0.194126 
686 26.579219 0.000000 3.093081 92.064068 0.000000 0.557770 0.152390 
687 24.413505 0.000000 3.093081 100.497580 0.000000 4.820860 -0.012300 
688 26.579219 0.000000 5.093528 96.174999 0.000000 0.554131 0.075006 
689 26.579219 0.000000 -4.908704 92.072241 0.000000 0.557794 0.152239 
690 24.413505 0.000000 -4.908704 98.010386 0.000000 4.553704 0.037323 
691 26.579219 0.000000 -6.909151 95.518642 0.000000 0.582938 0.087585 
692 44.987790 0.000000 0.092412 96.854400 0.000000 0.002887 0.061923 
693 46.070647 0.000000 0.092412 99.441592 0.000000 -0.043142 0.011137 
694 44.987790 0.000000 1.092635 96.704667 0.000000 -0.473703 0.064798 
695 63.396360 0.000000 9.094420 101.351553 0.000000 9.141670 -0.035571 
696 67.727789 0.000000 9.094420 100.939624 0.000000 9.251262 -0.027439 
697 63.396360 0.000000 13.095313 101.327882 0.000000 9.893090 -0.036521 
698 56.899218 0.000000 3.093081 107.920888 0.000000 -5.187016 -0.167382 
699 59.064932 0.000000 3.093081 110.042509 0.000000 -7.113006 -0.215995 
700 56.899218 0.000000 5.093528 109.055443 0.000000 -5.714558 -0.192575 
701 137.030642 0.000000 -42.917186 99.250386 0.000000 10.943546 0.002960 
702 137.030642 0.000000 -58.920758 99.196666 0.000000 11.171177 0.003523 
703 154.356356 0.000000 -42.917186 99.274644 0.000000 10.992454 0.002371 
704 111.042072 0.000000 -18.911829 99.635048 0.000000 11.129930 -0.005102 
705 111.042072 0.000000 -26.913615 99.450988 0.000000 10.677995 -0.000452 
706 119.704929 0.000000 -18.911829 99.431604 0.000000 11.234717 -0.001286 
707 61.230646 0.000000 -0.907812 100.036492 0.000000 -0.694113 -0.000778 
708 61.230646 0.000000 -2.908258 101.098733 0.000000 -1.397621 -0.022291 
709 61.230646 0.000000 1.092635 101.553327 0.000000 -1.750611 -0.031614 
710 61.230646 0.000000 3.093081 110.350750 0.000000 -8.748104 -0.225382 
711 63.396360 0.000000 3.093081 110.987910 0.000000 -10.749179 -0.243386 
712 61.230646 0.000000 5.093528 110.407604 0.000000 -8.672797 -0.226506 
713 65.562075 0.000000 -4.908704 98.339374 0.000000 -15.798368 0.007978 
714 63.396360 0.000000 -4.908704 110.920064 0.000000 -10.782189 -0.241952 
715 65.562075 0.000000 -6.909151 96.529703 0.000000 5.997451 0.064605 
716 61.230646 0.000000 -4.908704 110.282048 0.000000 -8.808221 -0.223971 
717 61.230646 0.000000 -6.909151 110.323794 0.000000 -8.746418 -0.224784 
718 72.059217 0.000000 9.094420 100.737379 0.000000 9.364538 -0.023571 
719 72.059217 0.000000 13.095313 100.784867 0.000000 9.950565 -0.025660 
720 74.224931 0.000000 -4.908704 96.507148 0.000000 3.932132 0.067091 
721 74.224931 0.000000 -6.909151 96.746209 0.000000 5.435959 0.061062 
722 78.556360 0.000000 3.093081 101.891759 0.000000 4.949720 -0.040643 
723 76.390646 0.000000 3.093081 101.271757 0.000000 5.416487 -0.028531 
724 78.556360 0.000000 5.093528 101.340348 0.000000 6.933594 -0.031794 
725 79.639217 0.000000 0.092412 98.930683 0.000000 0.000000 0.021272 
726 78.556360 0.000000 0.092412 98.860453 0.000000 0.000000 0.022661 
727 79.639217 0.000000 1.092635 103.241445 0.000000 2.092240 -0.066317 
728 89.384931 0.000000 9.094420 98.960813 0.000000 8.848066 0.012847 
729 93.716359 0.000000 9.094420 97.622505 0.000000 10.311280 0.036352 
730 89.384931 0.000000 13.095313 99.568107 0.000000 9.890170 -0.001162 
731 98.047787 0.000000 9.094420 96.886911 0.000000 12.635560 0.045327 
732 102.379216 0.000000 9.094420 96.987774 0.000000 14.869796 0.037226 
733 98.047787 0.000000 13.095313 98.414292 0.000000 11.588593 0.018033 
734 87.219216 0.000000 -0.907812 97.102465 0.000000 -8.359657 0.050123 
735 87.219216 0.000000 -2.908258 97.111721 0.000000 -8.317653 0.050013 
736 87.219216 0.000000 1.092635 97.172612 0.000000 -8.224508 0.048984 
737 87.219216 0.000000 3.093081 96.511603 0.000000 -10.027301 0.058496 
738 89.384931 0.000000 3.093081 96.500577 0.000000 -10.026156 0.058711 
739 87.219216 0.000000 5.093528 99.208377 0.000000 5.316473 0.012943 
740 87.219216 0.000000 -4.908704 96.438200 0.000000 -10.019675 0.059928 
741 87.219216 0.000000 -6.909151 98.954653 0.000000 1.626807 0.020533 
742 128.367786 0.000000 -2.908258 98.616671 0.000000 16.422838 0.000504 
743 128.367786 0.000000 -10.910044 99.227374 0.000000 12.275025 0.000325 
744 137.030642 0.000000 -2.908258 98.720609 0.000000 15.270184 0.002106 
745 106.710644 0.000000 -6.909151 99.871134 0.000000 16.769333 -0.025545 
746 106.710644 0.000000 -10.910044 100.317987 0.000000 13.262952 -0.023960 
747 111.042072 0.000000 -6.909151 99.040417 0.000000 15.606592 -0.005257 
748 55.816361 0.000000 0.092412 103.795173 0.000000 -1.032344 -0.077450 
749 56.899218 0.000000 0.092412 102.999786 0.000000 -1.071386 -0.061010 
750 55.816361 0.000000 1.092635 104.705980 0.000000 -1.545462 -0.096573 
751 47.153504 0.000000 -1.908035 103.026513 0.000000 1.095694 -0.061566 
752 47.153504 0.000000 -2.908258 103.528831 0.000000 0.582059 -0.071856 
753 47.153504 0.000000 -0.907812 104.059640 0.000000 0.625127 -0.082880 
754 47.153504 0.000000 0.092412 103.279591 0.000000 0.066662 -0.066668 
755 47.153504 0.000000 1.092635 104.407777 0.000000 -0.705796 -0.090148 
756 50.943504 0.000000 -1.407923 107.422761 0.000000 0.711977 -0.154016 
757 50.943504 0.000000 -1.908035 109.614306 0.000000 0.176188 -0.201533 
758 50.943504 0.000000 -0.907812 112.035337 0.000000 -0.181428 -0.255195 
759 40.656362 0.000000 0.092412 85.512455 0.000000 0.478304 0.268739 
760 40.656362 0.000000 1.092635 86.800081 0.000000 0.586797 0.246540 
761 38.490647 0.000000 -3.908481 86.712978 0.000000 0.906822 0.248004 
762 38.490647 0.000000 -4.908704 91.809025 0.000000 1.362291 0.156925 
763 39.573505 0.000000 -3.908481 88.026357 0.000000 0.878101 0.225059 
764 37.949219 0.000000 -1.407923 83.982680 0.000000 0.362901 0.294678 
765 37.949219 0.000000 -1.908035 85.145785 0.000000 0.426326 0.275001 
766 37.949219 0.000000 -0.907812 82.098180 0.000000 0.288549 0.325981 
767 36.866362 0.000000 -2.408146 78.572365 0.000000 0.371327 0.382625 
768 36.866362 0.000000 -2.908258 82.687557 0.000000 0.390894 0.316262 
769 37.407790 0.000000 -2.408146 81.016496 0.000000 0.449917 0.343612 
770 35.512790 0.000000 -2.158091 90.694894 0.000000 0.422719 0.177426 
771 35.512790 0.000000 -2.408146 88.338401 0.000000 0.269752 0.219625 
772 35.783505 0.000000 -2.158091 88.844401 0.000000 0.322084 0.210657 
773 100.213501 0.000000 -4.908704 118.977527 0.000000 16.815262 -0.443840 
774 100.213501 0.000000 -6.909151 108.088005 0.000000 13.090772 -0.185439 
775 102.379216 0.000000 -4.908704 104.609423 0.000000 23.736088 -0.150653 
776 96.964930 0.000000 -3.908481 92.542949 0.000000 -13.898798 0.124263 
777 96.964930 0.000000 -4.908704 92.268144 0.000000 -14.194076 0.128512 
778 98.047787 0.000000 -3.908481 92.200890 0.000000 -14.183730 0.129782 
779 106.710644 0.000000 9.094420 97.404684 0.000000 16.444590 0.024190 
780 111.042072 0.000000 9.094420 97.689822 0.000000 17.505481 0.015026 
781 106.710644 0.000000 13.095313 98.314999 0.000000 13.511180 0.015161 
782 20.082077 0.000000 9.094420 100.730134 0.000000 9.313475 -0.023330 
783 15.750649 0.000000 9.094420 101.000750 0.000000 9.615504 -0.029361 
784 20.082077 0.000000 13.095313 100.638362 0.000000 10.717203 -0.024294 
785 22.247791 0.000000 3.093081 100.676723 0.000000 4.823460 -0.015907 
786 20.082077 0.000000 3.093081 100.894878 0.000000 4.835444 -0.020316 
787 22.247791 0.000000 5.093528 100.663818 0.000000 6.722568 -0.017840 
788 22.247791 0.000000 -4.908704 97.859437 0.000000 4.583989 0.040252 
789 20.082077 0.000000 -4.908704 97.656332 0.000000 4.610143 0.044199 
790 22.247791 0.000000 -6.909151 97.891533 0.000000 6.507534 0.037490 
791 65.562075 0.000000 3.093081 98.341411 0.000000 -15.796974 0.007942 
792 67.727789 0.000000 3.093081 100.690014 0.000000 5.450392 -0.016819 
793 65.562075 0.000000 5.093528 101.003678 0.000000 7.231508 -0.025404 
794 74.224931 0.000000 3.093081 100.859803 0.000000 5.604173 -0.020411 
795 72.059217 0.000000 3.093081 100.617144 0.000000 5.550525 -0.015462 
796 74.224931 0.000000 5.093528 100.793853 0.000000 7.446096 -0.021485 
797 69.893503 0.000000 3.093081 100.594474 0.000000 5.570364 -0.015028 
798 69.893503 0.000000 5.093528 100.666304 0.000000 7.396012 -0.018841 
799 91.550645 0.000000 3.093081 94.299013 0.000000 4.473485 0.108768 
800 93.716359 0.000000 3.093081 92.225599 0.000000 7.052314 0.144470 
801 91.550645 0.000000 5.093528 96.087770 0.000000 7.095331 0.071680 
802 128.367786 0.000000 -18.911829 99.346025 0.000000 11.191852 0.000511 
803 128.367786 0.000000 -26.913615 99.334294 0.000000 10.875814 0.001441 
804 137.030642 0.000000 -18.911829 99.296177 0.000000 11.113448 0.001676 
805 95.882073 0.000000 3.093081 90.720978 0.000000 10.688687 0.165546 
806 98.047787 0.000000 3.093081 90.066539 0.000000 15.039454 0.166183 
807 95.882073 0.000000 5.093528 93.704617 0.000000 11.536903 0.108634 
808 40.656362 0.000000 -3.908481 88.903526 0.000000 0.827122 0.209548 
809 40.656362 0.000000 -4.908704 94.168818 0.000000 1.396223 0.113028 
810 41.739219 0.000000 -3.908481 90.473225 0.000000 0.637209 0.181419 
811 37.949219 0.000000 -2.408146 83.704287 0.000000 0.405009 0.299343 
812 37.949219 0.000000 -2.908258 83.928997 0.000000 0.452845 0.295572 
813 38.490647 0.000000 -2.408146 84.924744 0.000000 0.425797 0.278761 
814 39.032076 0.000000 -2.408146 85.758670 0.000000 0.467407 0.264523 
815 39.032076 0.000000 -2.908258 85.412377 0.000000 0.503086 0.270447 
816 39.573505 0.000000 -2.408146 86.281711 0.000000 0.533142 0.255518 
817 100.213501 0.000000 3.093081 90.780823 0.000000 19.469571 0.137978 
818 102.379216 0.000000 3.093081 92.556635 0.000000 22.701260 0.091792 
819 100.213501 0.000000 5.093528 93.607962 0.000000 17.226755 0.094079 
820 42.822076 0.000000 -3.908481 94.881972 0.000000 -0.585709 0.099707 
821 42.822076 0.000000 -4.908704 97.433790 0.000000 -0.256748 0.050659 
822 43.904933 0.000000 -3.908481 94.800998 0.000000 -0.578772 0.101244 
1 19 21 9 22 
2 20 19 22 4 
3 28 29 3 30 
4 21 28 30 9 
5 35 37 21 38 
6 36 35 38 19 
7 44 45 28 46 
8 37 44 46 21 
9 51 53 37 54 
10 52 51 54 35 
11 60 61 44 62 
12 53 60 62 37 
13 67 69 53 70 
14 68 67 70 51 
15 11 78 76 77 
16 78 10 24 76 
17 76 24 14 79 
18 77 76 79 6 
19 24 82 80 81 
20 82 23 40 80 
21 80 40 27 83 
22 81 80 83 14 
23 40 86 84 85 
24 86 39 56 84 
25 84 56 43 87 
26 85 84 87 27 
27 56 90 88 89 
28 89 88 91 43 
29 92 93 60 94 
30 69 92 94 53 
31 95 97 69 98 
32 96 95 98 67 
33 6 79 104 105 
34 79 14 36 104 
35 104 36 19 106 
36 105 104 106 20 
37 14 83 107 108 
38 83 27 52 107 
39 107 52 35 109 
40 108 107 109 36 
41 27 87 110 111 
42 87 43 68 110 
43 110 68 51 112 
44 111 110 112 52 
45 43 91 113 114 
46 113 96 67 115 
47 114 113 115 68 
48 88 118 116 117 
49 118 72 100 116 
50 116 100 59 119 
51 117 116 119 91 
52 120 122 95 123 
53 121 120 123 96 
54 100 126 124 125 
55 125 124 128 59 
56 12 131 129 130 
57 131 7 132 129 
58 129 132 13 25 
59 130 129 25 10 
60 25 135 133 134 
61 135 13 136 133 
62 133 136 26 41 
63 134 133 41 23 
64 41 139 137 138 
65 139 26 140 137 
66 137 140 42 57 
67 138 137 57 39 
68 57 143 141 142 
69 143 42 144 141 
70 141 144 58 73 
71 142 141 73 55 
72 55 147 145 146 
73 147 73 148 145 
74 145 148 71 101 
75 146 145 101 72 
76 72 151 149 150 
77 151 101 152 149 
78 150 149 126 100 
79 126 167 165 166 
80 167 99 168 165 
81 165 168 127 169 
82 166 165 169 124 
83 101 171 170 152 
84 171 71 172 170 
85 99 174 173 168 
86 174 162 175 173 
87 173 175 161 176 
88 168 173 176 127 
89 177 178 92 179 
90 97 177 179 69 
91 180 181 97 182 
92 122 180 182 95 
93 162 188 187 175 
94 188 102 189 187 
95 187 189 163 190 
96 175 187 190 161 
97 73 200 199 148 
98 200 58 201 199 
99 199 201 74 158 
100 148 199 158 71 
101 158 204 202 203 
102 204 74 205 202 
103 211 212 177 213 
104 181 211 213 97 
105 15 219 218 33 
106 219 17 220 218 
107 218 220 8 221 
108 33 218 221 18 
109 31 223 222 49 
110 223 33 224 222 
111 222 224 18 225 
112 49 222 225 34 
113 227 49 228 226 
114 226 228 34 229 
115 7 243 242 132 
116 243 16 244 242 
117 242 244 15 32 
118 132 242 32 13 
119 13 246 245 136 
120 246 32 247 245 
121 245 247 31 48 
122 136 245 48 26 
123 26 249 248 140 
124 249 48 250 248 
125 248 250 47 64 
126 140 248 64 42 
127 42 252 251 144 
128 252 64 253 251 
129 251 253 63 154 
130 144 251 154 58 
131 58 255 254 201 
132 255 154 256 254 
133 254 256 153 192 
134 201 254 192 74 
135 192 259 257 258 
136 259 153 260 257 
137 18 221 261 45 
138 221 8 262 261 
139 261 262 29 263 
140 45 261 263 28 
141 34 225 264 61 
142 225 18 265 264 
143 264 265 45 266 
144 61 264 266 44 
145 229 34 268 267 
146 267 268 61 269 
147 93 267 269 60 
148 270 271 93 272 
149 178 270 272 92 
150 273 274 178 275 
151 212 273 275 177 
152 239 282 280 281 
153 282 193 283 280 
154 280 283 240 284 
155 281 280 284 238 
156 154 286 285 256 
157 286 63 287 285 
158 285 287 155 235 
159 256 285 235 153 
160 153 289 288 260 
161 289 235 290 288 
162 277 301 299 300 
163 301 234 302 299 
164 299 302 278 303 
165 300 299 303 276 
166 235 305 304 290 
167 305 155 306 304 
168 234 308 307 302 
169 302 307 310 278 
170 311 312 270 313 
171 274 311 313 178 
172 319 236 320 318 
173 318 320 297 321 
174 64 323 322 253 
175 323 47 324 322 
176 322 324 65 231 
177 253 322 231 63 
178 63 326 325 287 
179 326 231 327 325 
180 325 327 230 292 
181 287 325 292 155 
182 155 329 328 306 
183 329 292 330 328 
184 304 333 331 332 
185 333 306 334 331 
186 331 334 236 319 
187 332 331 319 296 
188 296 337 335 336 
189 337 319 338 335 
190 335 338 318 339 
191 341 226 342 340 
192 340 342 229 343 
193 345 232 346 344 
194 344 346 50 347 
195 74 353 352 205 
196 353 192 258 352 
197 205 361 359 360 
198 361 352 362 359 
199 359 362 215 356 
200 360 359 356 159 
201 364 191 365 363 
202 363 365 216 366 
203 356 369 367 368 
204 369 215 370 367 
205 352 373 372 362 
206 373 258 374 372 
207 372 374 191 364 
208 362 372 364 215 
209 215 376 375 370 
210 376 364 377 375 
211 375 377 363 378 
212 370 375 378 357 
213 5 217 379 380 
214 217 194 381 379 
215 379 381 211 382 
216 380 379 382 181 
217 197 358 383 384 
218 358 214 385 383 
219 383 385 217 386 
220 384 383 386 5 
221 354 371 387 388 
222 371 357 389 387 
223 387 389 214 390 
224 388 387 390 358 
225 367 393 391 392 
226 393 370 394 391 
227 391 394 357 395 
228 392 391 395 371 
229 159 401 399 400 
230 401 356 368 399 
231 368 405 403 404 
232 405 367 392 403 
233 403 392 371 406 
234 404 403 406 354 
235 355 402 407 408 
236 402 354 388 407 
237 407 388 358 409 
238 408 407 409 197 
239 399 412 410 411 
240 412 368 404 410 
241 410 404 354 413 
242 411 410 413 402 
243 202 416 414 415 
244 416 205 360 414 
245 414 360 159 397 
246 415 414 397 196 
247 397 419 417 418 
248 419 159 400 417 
249 418 417 420 396 
250 160 198 421 422 
251 198 5 380 421 
252 421 380 181 423 
253 422 421 423 180 
254 195 398 424 425 
255 398 197 384 424 
256 424 384 5 426 
257 425 424 426 198 
258 396 420 427 428 
259 420 355 408 427 
260 427 408 197 429 
261 428 427 429 398 
262 417 432 430 431 
263 432 400 433 430 
264 430 433 355 434 
265 431 430 434 420 
266 71 436 435 172 
267 436 158 203 435 
268 203 439 437 438 
269 439 202 415 437 
270 437 415 196 208 
271 208 442 440 441 
272 442 196 443 440 
273 440 443 209 444 
274 441 440 444 206 
275 157 451 449 450 
276 451 208 441 449 
277 449 441 206 452 
278 435 455 453 454 
279 455 203 438 453 
280 447 458 456 457 
281 458 157 450 456 
282 456 450 207 459 
283 457 456 459 445 
284 185 210 460 461 
285 210 195 425 460 
286 460 425 198 462 
287 461 460 462 160 
288 207 452 463 464 
289 452 206 465 463 
290 463 465 210 466 
291 464 463 466 185 
292 450 469 467 468 
293 469 449 470 467 
294 467 470 452 471 
295 468 467 471 207 
296 75 186 479 480 
297 186 160 422 479 
298 479 422 180 481 
299 480 479 481 122 
300 183 448 482 483 
301 448 185 461 482 
302 482 461 160 484 
303 483 482 484 186 
304 446 478 485 486 
305 478 445 487 485 
306 485 487 448 488 
307 486 485 488 183 
308 475 491 489 490 
309 491 457 492 489 
310 489 492 445 493 
311 490 489 493 478 
312 172 496 494 495 
313 496 435 454 494 
314 163 474 501 502 
315 474 183 483 501 
316 501 483 186 503 
317 502 501 503 75 
318 472 500 504 505 
319 500 446 486 504 
320 504 486 183 506 
321 505 504 506 474 
322 497 509 507 508 
323 509 476 510 507 
324 507 510 446 511 
325 508 507 511 500 
326 102 514 512 513 
327 513 512 515 189 
328 518 497 508 516 
329 516 508 500 519 
330 517 516 519 472 
331 189 515 520 521 
332 515 472 505 520 
333 520 505 474 522 
334 521 520 522 163 
335 512 525 523 524 
336 523 517 472 526 
337 524 523 526 515 
338 170 529 527 528 
339 529 172 495 527 
340 527 495 102 188 
341 528 527 188 162 
342 495 532 530 531 
343 532 494 533 530 
344 530 533 473 514 
345 531 530 514 102 
346 514 536 534 535 
347 536 473 537 534 
348 535 534 525 512 
349 525 540 538 539 
350 538 541 517 542 
351 539 538 542 523 
352 494 544 543 533 
353 544 454 545 543 
354 543 545 184 499 
355 533 543 499 473 
356 473 547 546 537 
357 547 499 548 546 
358 546 548 497 518 
359 534 551 549 550 
360 551 537 552 549 
361 549 552 498 540 
362 550 549 540 525 
363 498 554 553 541 
364 554 518 555 553 
365 553 555 516 556 
366 541 553 556 517 
367 540 559 557 558 
368 559 498 560 557 
369 557 560 541 561 
370 558 557 561 538 
371 563 277 300 562 
372 562 300 276 564 
373 283 562 564 240 
374 260 567 565 566 
375 567 288 568 565 
376 565 568 277 563 
377 566 565 563 193 
378 193 571 569 570 
379 571 563 572 569 
380 569 572 562 573 
381 570 569 573 283 
382 290 576 574 575 
383 576 304 332 574 
384 574 332 296 308 
385 575 574 308 234 
386 308 579 577 578 
387 579 296 336 577 
388 577 336 309 580 
389 578 577 580 307 
390 237 298 581 582 
391 298 66 583 581 
392 581 583 274 584 
393 582 581 584 273 
394 295 321 585 586 
395 321 297 587 585 
396 585 587 66 588 
397 586 585 588 298 
398 309 339 589 590 
399 339 318 591 589 
400 589 591 321 592 
401 590 589 592 295 
402 336 595 593 594 
403 595 335 596 593 
404 593 596 339 597 
405 594 593 597 309 
406 292 599 598 330 
407 599 230 600 598 
408 601 604 348 605 
409 602 601 605 316 
410 315 608 606 607 
411 608 291 602 606 
412 606 602 316 609 
413 607 606 609 314 
414 330 612 610 611 
415 612 598 613 610 
416 291 616 614 615 
417 614 617 601 618 
418 615 614 618 602 
419 328 621 619 620 
420 621 330 611 619 
421 619 611 291 608 
422 620 619 608 315 
423 611 624 622 623 
424 624 610 625 622 
425 622 625 603 616 
426 623 622 616 291 
427 343 229 627 626 
428 626 627 267 628 
429 271 626 628 93 
430 347 50 630 629 
431 629 630 271 631 
432 312 629 631 270 
433 293 633 632 350 
434 633 344 634 632 
435 632 634 347 635 
436 350 632 635 233 
437 349 637 636 604 
438 637 293 638 636 
439 636 638 350 639 
440 604 636 639 348 
441 603 641 640 617 
442 641 349 642 640 
443 640 642 604 643 
444 617 640 643 601 
445 616 646 644 645 
446 646 603 647 644 
447 644 647 617 648 
448 645 644 648 614 
449 50 650 649 630 
450 650 343 651 649 
451 649 651 626 652 
452 630 649 652 271 
453 1 655 653 654 
454 655 12 130 653 
455 653 130 10 78 
456 654 653 78 11 
457 16 657 656 244 
458 657 2 658 656 
459 656 658 17 219 
460 244 656 219 15 
461 10 661 659 660 
462 661 25 134 659 
463 659 134 23 82 
464 660 659 82 24 
465 32 663 662 247 
466 663 15 664 662 
467 662 664 33 223 
468 247 662 223 31 
469 23 667 665 666 
470 667 41 138 665 
471 665 138 39 86 
472 666 665 86 40 
473 48 669 668 250 
474 669 31 670 668 
475 668 670 49 227 
476 250 668 227 47 
477 39 673 671 672 
478 673 57 142 671 
479 671 142 55 90 
480 672 671 90 56 
481 90 676 674 675 
482 676 55 146 674 
483 674 146 72 118 
484 675 674 118 88 
485 91 119 677 678 
486 119 59 121 677 
487 677 121 96 679 
488 678 677 679 113 
489 103 164 680 681 
490 164 75 480 680 
491 680 480 122 682 
492 681 680 682 120 
493 161 190 683 684 
494 190 163 502 683 
495 683 502 75 685 
496 684 683 685 164 
497 127 176 686 687 
498 176 161 684 686 
499 686 684 164 688 
500 687 686 688 103 
501 152 691 689 690 
502 691 170 528 689 
503 689 528 162 174 
504 690 689 174 99 
505 206 444 692 465 
506 444 209 693 692 
507 692 693 195 694 
508 465 692 694 210 
509 194 241 695 381 
510 241 156 696 695 
511 695 696 212 697 
512 381 695 697 211 
513 214 366 698 385 
514 366 216 699 698 
515 698 699 194 700 
516 385 698 700 217 
517 47 702 701 324 
518 702 227 703 701 
519 701 703 226 341 
520 324 701 341 65 
521 231 705 704 327 
522 705 65 706 704 
523 704 706 232 345 
524 327 704 345 230 
525 191 708 707 365 
526 708 239 281 707 
527 707 281 238 709 
528 365 707 709 216 
529 216 709 710 699 
530 709 238 711 710 
531 710 711 241 712 
532 699 710 712 194 
533 257 715 713 714 
534 715 260 566 713 
535 713 566 193 282 
536 714 713 282 239 
537 258 717 716 374 
538 717 257 714 716 
539 716 714 239 708 
540 374 716 708 191 
541 156 279 718 696 
542 279 237 582 718 
543 718 582 273 719 
544 696 718 719 212 
545 288 721 720 568 
546 721 290 575 720 
547 720 575 234 301 
548 568 720 301 277 
549 278 310 722 723 
550 310 295 586 722 
551 722 586 298 724 
552 723 722 724 237 
553 307 580 725 726 
554 580 309 590 725 
555 725 590 295 727 
556 726 725 727 310 
557 66 317 728 583 
558 317 294 729 728 
559 728 729 311 730 
560 583 728 730 274 
561 294 351 731 729 
562 351 233 732 731 
563 731 732 312 733 
564 729 731 733 311 
565 236 735 734 320 
566 735 315 607 734 
567 734 607 314 736 
568 320 734 736 297 
569 297 736 737 587 
570 736 314 738 737 
571 737 738 317 739 
572 587 737 739 66 
573 306 741 740 334 
574 741 328 620 740 
575 740 620 315 735 
576 334 740 735 236 
577 232 743 742 346 
578 743 340 744 742 
579 742 744 343 650 
580 346 742 650 50 
581 230 746 745 600 
582 746 345 747 745 
583 745 747 344 633 
584 600 745 633 293 
585 357 378 748 389 
586 378 363 749 748 
587 748 749 366 750 
588 389 748 750 214 
589 196 752 751 443 
590 752 397 418 751 
591 751 418 396 753 
592 443 751 753 209 
593 209 753 754 693 
594 753 396 428 754 
595 754 428 398 755 
596 693 754 755 195 
597 400 757 756 433 
598 757 399 411 756 
599 756 411 402 758 
600 433 756 758 355 
601 445 459 759 487 
602 459 207 464 759 
603 759 464 185 760 
604 487 759 760 448 
605 454 762 761 545 
606 762 453 763 761 
607 761 763 447 477 
608 545 761 477 184 
609 476 765 764 510 
610 765 475 490 764 
611 764 490 478 766 
612 510 764 766 446 
613 499 768 767 548 
614 768 184 769 767 
615 767 769 476 509 
616 548 767 509 497 
617 537 771 770 552 
618 771 546 772 770 
619 770 772 518 554 
620 552 770 554 498 
621 598 774 773 613 
622 774 600 775 773 
623 773 775 293 637 
624 613 773 637 349 
625 610 777 776 625 
626 777 613 778 776 
627 776 778 349 641 
628 625 776 641 603 
629 233 635 779 732 
630 635 347 780 779 
631 779 780 629 781 
632 732 779 781 312 
633 59 128 782 783 
634 128 103 681 782 
635 782 681 120 784 
636 783 782 784 121 
637 124 169 785 786 
638 169 127 687 785 
639 785 687 103 787 
640 786 785 787 128 
641 149 790 788 789 
642 790 152 690 788 
643 788 690 99 167 
644 789 788 167 126 
645 238 284 791 711 
646 284 240 792 791 
647 791 792 156 793 
648 711 791 793 241 
649 276 303 794 795 
650 303 278 723 794 
651 794 723 237 796 
652 795 794 796 279 
653 240 564 797 792 
654 564 276 795 797 
655 797 795 279 798 
656 792 797 798 156 
657 314 609 799 738 
658 609 316 800 799 
659 799 800 294 801 
660 738 799 801 317 
661 65 803 802 706 
662 803 341 804 802 
663 802 804 340 743 
664 706 802 743 232 
665 316 605 805 800 
666 605 348 806 805 
667 805 806 351 807 
668 800 805 807 294 
669 453 809 808 763 
670 809 438 810 808 
671 808 810 157 458 
672 763 808 458 447 
673 184 812 811 769 
674 812 477 813 811 
675 811 813 475 765 
676 769 811 765 476 
677 477 815 814 813 
678 815 447 816 814 
679 814 816 457 491 
680 813 814 491 475 
681 348 639 817 806 
682 639 350 818 817 
683 817 818 233 819 
684 806 817 819 351 
685 438 821 820 810 
686 821 437 822 820 
687 820 822 208 451 
688 810 820 451 157 
