2 0.000000 100.000000 391.401719
493 403 
1 -305.664859 0.000000 -350.690284 99.936038 0.000000 -3.489328 0.000061 
2 415.224588 0.000000 -350.690284 99.935426 0.000000 -3.509478 0.000059 
3 415.224588 0.000000 353.332572 99.941706 0.000000 -3.507235 -0.000065 
4 -305.664859 0.000000 353.332572 99.941990 0.000000 -3.489295 -0.000058 
5 54.779864 0.000000 1.321144 99.689378 0.000000 -5.447912 0.003235 
6 -305.664859 0.000000 1.321144 99.939008 0.000000 -3.485960 0.000004 
7 54.779864 0.000000 -350.690284 99.929602 0.000000 -3.498789 0.000183 
8 415.224588 0.000000 1.321144 99.900679 0.000000 -4.601594 -0.000132 
9 54.779864 0.000000 353.332572 99.948001 0.000000 -3.498365 -0.000184 
10 235.002226 0.000000 -174.684570 99.924632 0.000000 -3.562412 0.000238 
11 54.779864 0.000000 -174.684570 99.900273 0.000000 -3.523401 0.000752 
12 235.002226 0.000000 -350.690284 99.932125 0.000000 -3.506670 0.000127 
13 415.224588 0.000000 -174.684570 99.933607 0.000000 -3.567286 0.000055 
14 235.002226 0.000000 1.321144 99.894936 0.000000 -4.810018 -0.000213 
15 -125.442497 0.000000 -174.684570 99.927400 0.000000 -3.487282 0.000235 
16 -305.664859 0.000000 -174.684570 99.936160 0.000000 -3.487467 0.000060 
17 -125.442497 0.000000 -350.690284 99.932649 0.000000 -3.491403 0.000128 
18 -125.442497 0.000000 1.321144 99.939036 0.000000 -3.474694 0.000012 
19 235.002226 0.000000 177.326858 99.949824 0.000000 -3.555387 -0.000261 
20 54.779864 0.000000 177.326858 99.975898 0.000000 -3.522251 -0.000759 
21 415.224588 0.000000 177.326858 99.940209 0.000000 -3.551906 -0.000066 
22 235.002226 0.000000 353.332572 99.945188 0.000000 -3.505488 -0.000133 
23 144.891045 0.000000 -86.681713 99.886843 0.000000 -3.721771 0.000877 
24 54.779864 0.000000 -86.681713 99.812927 0.000000 -3.589705 0.002449 
25 144.891045 0.000000 -174.684570 99.911797 0.000000 -3.553243 0.000501 
26 235.002226 0.000000 -86.681713 99.918226 0.000000 -3.739957 0.000236 
27 144.891045 0.000000 1.321144 99.895186 0.000000 -4.941666 -0.000347 
28 -125.442497 0.000000 177.326858 99.950364 0.000000 -3.487282 -0.000224 
29 -305.664859 0.000000 177.326858 99.941849 0.000000 -3.487456 -0.000054 
30 -125.442497 0.000000 353.332572 99.945238 0.000000 -3.491296 -0.000124 
31 -35.331316 0.000000 -86.681713 99.896246 0.000000 -3.480151 0.000863 
32 -125.442497 0.000000 -86.681713 99.928156 0.000000 -3.480134 0.000225 
33 -35.331316 0.000000 -174.684570 99.914531 0.000000 -3.494726 0.000487 
34 -35.331316 0.000000 1.321144 99.940476 0.000000 -3.438338 0.000008 
35 144.891045 0.000000 89.324001 99.980484 0.000000 -3.704345 -0.000982 
36 54.779864 0.000000 89.324001 100.057695 0.000000 -3.587700 -0.002441 
37 235.002226 0.000000 89.324001 99.946453 0.000000 -3.701595 -0.000300 
38 144.891045 0.000000 177.326858 99.963308 0.000000 -3.549614 -0.000526 
39 99.835455 0.000000 -42.680284 99.758938 0.000000 -4.071666 0.003158 
40 54.779864 0.000000 -42.680284 99.544533 0.000000 -3.712610 0.007710 
41 99.835455 0.000000 -86.681713 99.841872 0.000000 -3.686518 0.001801 
42 144.891045 0.000000 -42.680284 99.878257 0.000000 -4.082406 0.000767 
43 99.835455 0.000000 1.321144 99.915403 0.000000 -5.169078 -0.000981 
44 -35.331316 0.000000 89.324001 99.981025 0.000000 -3.481110 -0.000832 
45 -125.442497 0.000000 89.324001 99.949729 0.000000 -3.480256 -0.000206 
46 -35.331316 0.000000 177.326858 99.962746 0.000000 -3.494641 -0.000476 
47 9.724274 0.000000 -42.680284 99.806354 0.000000 -3.442867 0.002684 
48 -35.331316 0.000000 -42.680284 99.901711 0.000000 -3.455465 0.000771 
49 9.724274 0.000000 -86.681713 99.854181 0.000000 -3.504869 0.001686 
50 9.724274 0.000000 1.321144 99.954551 0.000000 -3.302943 -0.000182 
51 99.835455 0.000000 45.322573 100.098890 0.000000 -4.025839 -0.003600 
52 54.779864 0.000000 45.322573 100.304178 0.000000 -3.707521 -0.007467 
53 144.891045 0.000000 45.322573 99.971223 0.000000 -4.010298 -0.001033 
54 99.835455 0.000000 89.324001 100.027083 0.000000 -3.676986 -0.001894 
55 77.307660 0.000000 -20.679570 99.417237 0.000000 -4.648097 0.009461 
56 54.779864 0.000000 -20.679570 98.942941 0.000000 -3.818690 0.019571 
57 77.307660 0.000000 -42.680284 99.617258 0.000000 -3.976202 0.006059 
58 99.835455 0.000000 -20.679570 99.761873 0.000000 -4.612181 0.002630 
59 77.307660 0.000000 1.321144 100.070245 0.000000 -5.746901 -0.004708 
60 9.724274 0.000000 45.322573 100.072271 0.000000 -3.452423 -0.002638 
61 -35.331316 0.000000 45.322573 99.977240 0.000000 -3.457206 -0.000740 
62 9.724274 0.000000 89.324001 100.020859 0.000000 -3.506435 -0.001647 
63 32.252069 0.000000 -20.679570 99.565330 0.000000 -3.285751 0.007595 
64 9.724274 0.000000 -20.679570 99.828248 0.000000 -3.354916 0.002307 
65 32.252069 0.000000 -42.680284 99.671320 0.000000 -3.493087 0.005343 
66 32.252069 0.000000 1.321144 100.054999 0.000000 -2.907253 -0.001946 
67 77.307660 0.000000 23.321858 100.433386 0.000000 -4.480809 -0.010694 
68 54.779864 0.000000 23.321858 100.785023 0.000000 -3.826846 -0.017227 
69 99.835455 0.000000 23.321858 100.088901 0.000000 -4.475770 -0.003782 
70 77.307660 0.000000 45.322573 100.237019 0.000000 -3.939580 -0.006298 
71 66.043762 0.000000 -9.679213 99.094175 0.000000 -10.626315 0.006743 
72 54.779864 0.000000 -9.679213 99.605794 0.000000 -6.086641 0.004164 
73 66.043762 0.000000 -20.679570 99.048874 0.000000 -4.416137 0.016982 
74 77.307660 0.000000 -9.679213 99.502580 0.000000 -5.384506 0.007024 
75 66.043762 0.000000 1.321144 99.153366 0.000000 -9.850444 0.007158 
76 32.252069 0.000000 23.321858 100.323352 0.000000 -3.348550 -0.007599 
77 9.724274 0.000000 23.321858 100.064748 0.000000 -3.369478 -0.002431 
78 32.252069 0.000000 45.322573 100.196509 0.000000 -3.508479 -0.005165 
79 43.515967 0.000000 -9.679213 99.980680 0.000000 -3.559540 -0.000881 
80 32.252069 0.000000 -9.679213 99.647314 0.000000 -3.042388 0.006116 
81 43.515967 0.000000 -20.679570 99.250213 0.000000 -3.394375 0.013787 
82 43.515967 0.000000 1.321144 99.982760 0.000000 -3.404566 -0.000814 
83 66.043762 0.000000 12.321501 101.189047 0.000000 -4.922860 -0.026346 
84 54.779864 0.000000 12.321501 101.463722 0.000000 -3.833251 -0.030958 
85 77.307660 0.000000 12.321501 100.453179 0.000000 -5.071667 -0.011656 
86 66.043762 0.000000 23.321858 100.708287 0.000000 -4.262239 -0.016033 
87 60.411813 0.000000 -4.179034 99.405930 0.000000 -7.671000 0.005962 
88 54.779864 0.000000 -4.179034 99.682264 0.000000 -5.508992 0.003310 
89 60.411813 0.000000 -9.679213 99.382870 0.000000 -7.774954 0.006260 
90 66.043762 0.000000 -4.179034 99.147615 0.000000 -9.881715 0.007210 
91 60.411813 0.000000 1.321144 99.443623 0.000000 -7.410493 0.005605 
92 325.113407 0.000000 -86.681713 99.926511 0.000000 -3.744403 0.000067 
93 325.113407 0.000000 -174.684570 99.930947 0.000000 -3.565428 0.000109 
94 415.224588 0.000000 -86.681713 99.928189 0.000000 -3.756974 0.000024 
95 325.113407 0.000000 1.321144 99.897632 0.000000 -4.698286 -0.000161 
96 189.946636 0.000000 -42.680284 99.904735 0.000000 -4.086544 0.000234 
97 189.946636 0.000000 -86.681713 99.905900 0.000000 -3.736779 0.000485 
98 235.002226 0.000000 -42.680284 99.910750 0.000000 -4.107274 0.000097 
99 189.946636 0.000000 1.321144 99.894246 0.000000 -4.862791 -0.000251 
100 122.363250 0.000000 -20.679570 99.851773 0.000000 -4.563255 0.000880 
101 122.363250 0.000000 -42.680284 99.841565 0.000000 -4.082844 0.001499 
102 144.891045 0.000000 -20.679570 99.879971 0.000000 -4.552738 0.000326 
103 122.363250 0.000000 1.321144 99.897348 0.000000 -5.016548 -0.000465 
104 88.571557 0.000000 -9.679213 99.739063 0.000000 -5.148892 0.002561 
105 88.571557 0.000000 -20.679570 99.648658 0.000000 -4.647819 0.004854 
106 99.835455 0.000000 -9.679213 99.815744 0.000000 -5.035546 0.001146 
107 88.571557 0.000000 1.321144 99.948944 0.000000 -5.341542 -0.001832 
108 71.675711 0.000000 -4.179034 98.703379 0.000000 -14.239441 0.005488 
109 71.675711 0.000000 -9.679213 99.178894 0.000000 -5.559028 0.013264 
110 77.307660 0.000000 -4.179034 99.738886 0.000000 -5.720311 0.001943 
111 71.675711 0.000000 1.321144 98.706802 0.000000 -14.222357 0.005469 
112 43.515967 0.000000 12.321501 100.840135 0.000000 -3.207784 -0.017902 
113 32.252069 0.000000 12.321501 100.318157 0.000000 -3.147864 -0.007364 
114 43.515967 0.000000 23.321858 100.577720 0.000000 -3.477706 -0.012797 
115 60.411813 0.000000 6.821323 99.397960 0.000000 -7.669586 0.006122 
116 54.779864 0.000000 6.821323 99.674866 0.000000 -5.616393 0.003338 
117 66.043762 0.000000 6.821323 99.107434 0.000000 -10.544620 0.006653 
118 60.411813 0.000000 12.321501 101.518158 0.000000 -4.435058 -0.032561 
119 63.227788 0.000000 -1.428945 99.288224 0.000000 -8.649175 0.006704 
120 60.411813 0.000000 -1.428945 99.686475 0.000000 -8.944584 -0.001740 
121 63.227788 0.000000 -4.179034 99.296770 0.000000 -8.558739 0.006690 
122 66.043762 0.000000 -1.428945 99.139792 0.000000 -9.955570 0.007219 
123 63.227788 0.000000 1.321144 99.303467 0.000000 -8.522324 0.006619 
124 49.147916 0.000000 -4.179034 100.015786 0.000000 -2.823187 -0.001113 
125 43.515967 0.000000 -4.179034 99.982879 0.000000 -3.396022 -0.000811 
126 49.147916 0.000000 -9.679213 99.996943 0.000000 -2.715864 -0.000676 
127 49.147916 0.000000 1.321144 100.014911 0.000000 -2.837453 -0.001103 
128 57.595839 0.000000 -1.428945 99.999519 0.000000 -2.307012 -0.000523 
129 54.779864 0.000000 -1.428945 99.868778 0.000000 -2.402846 0.002045 
130 57.595839 0.000000 -4.179034 99.583105 0.000000 -6.296604 0.004356 
131 57.595839 0.000000 1.321144 99.590807 0.000000 -6.235839 0.004279 
132 144.891045 0.000000 -262.687427 99.924516 0.000000 -3.515417 0.000273 
133 54.779864 0.000000 -262.687427 99.922406 0.000000 -3.505187 0.000323 
134 144.891045 0.000000 -350.690284 99.930299 0.000000 -3.503357 0.000166 
135 235.002226 0.000000 -262.687427 99.929036 0.000000 -3.521421 0.000179 
136 99.835455 0.000000 -130.683141 99.880638 0.000000 -3.581332 0.001103 
137 54.779864 0.000000 -130.683141 99.874893 0.000000 -3.545893 0.001243 
138 99.835455 0.000000 -174.684570 99.902530 0.000000 -3.541334 0.000694 
139 144.891045 0.000000 -130.683141 99.895344 0.000000 -3.606355 0.000791 
140 77.307660 0.000000 -64.680999 99.752031 0.000000 -3.746578 0.003550 
141 54.779864 0.000000 -64.680999 99.732481 0.000000 -3.636442 0.004021 
142 77.307660 0.000000 -86.681713 99.819422 0.000000 -3.644988 0.002280 
143 99.835455 0.000000 -64.680999 99.804874 0.000000 -3.813748 0.002444 
144 66.043762 0.000000 -31.679927 99.374350 0.000000 -4.039323 0.010842 
145 54.779864 0.000000 -31.679927 99.343157 0.000000 -3.767827 0.011674 
146 66.043762 0.000000 -42.680284 99.555667 0.000000 -3.860423 0.007377 
147 77.307660 0.000000 -31.679927 99.515179 0.000000 -4.215198 0.007896 
148 60.411813 0.000000 -15.179392 98.511775 0.000000 -4.351594 0.027649 
149 54.779864 0.000000 -15.179392 98.570367 0.000000 -3.798500 0.026945 
150 60.411813 0.000000 -20.679570 98.926393 0.000000 -4.136908 0.019645 
151 66.043762 0.000000 -15.179392 98.787548 0.000000 -4.807767 0.021791 
152 63.227788 0.000000 -6.929124 99.268223 0.000000 -8.766343 0.006897 
153 60.411813 0.000000 -6.929124 99.414662 0.000000 -7.573007 0.005937 
154 63.227788 0.000000 -9.679213 99.216437 0.000000 -9.292045 0.006976 
155 66.043762 0.000000 -6.929124 99.168842 0.000000 -9.696441 0.007152 
156 61.819800 0.000000 -2.803990 99.361029 0.000000 -8.068844 0.006228 
157 60.411813 0.000000 -2.803990 99.433205 0.000000 -7.492879 0.005689 
158 61.819800 0.000000 -4.179034 99.366336 0.000000 -8.012402 0.006213 
159 63.227788 0.000000 -2.803990 99.289664 0.000000 -8.629203 0.006710 
160 61.819800 0.000000 -1.428945 98.781876 0.000000 -13.362164 0.006359 
161 325.113407 0.000000 89.324001 99.937191 0.000000 -3.682918 -0.000101 
162 415.224588 0.000000 89.324001 99.934979 0.000000 -3.671522 -0.000048 
163 325.113407 0.000000 177.326858 99.943100 0.000000 -3.554340 -0.000126 
164 189.946636 0.000000 45.322573 99.940632 0.000000 -3.978439 -0.000396 
165 235.002226 0.000000 45.322573 99.932852 0.000000 -3.961137 -0.000227 
166 189.946636 0.000000 89.324001 99.958031 0.000000 -3.706547 -0.000535 
167 122.363250 0.000000 23.321858 99.979022 0.000000 -4.398910 -0.001516 
168 144.891045 0.000000 23.321858 99.943939 0.000000 -4.350263 -0.000772 
169 122.363250 0.000000 45.322573 100.011743 0.000000 -4.026358 -0.001856 
170 88.571557 0.000000 12.321501 100.145262 0.000000 -4.929168 -0.005337 
171 99.835455 0.000000 12.321501 100.025224 0.000000 -4.815582 -0.002824 
172 88.571557 0.000000 23.321858 100.214411 0.000000 -4.507775 -0.006325 
173 71.675711 0.000000 6.821323 100.708854 0.000000 -5.662817 -0.017434 
174 77.307660 0.000000 6.821323 100.333995 0.000000 -5.454184 -0.009666 
175 71.675711 0.000000 12.321501 100.762894 0.000000 -5.089727 -0.017907 
176 68.859736 0.000000 -1.428945 99.046291 0.000000 -10.996532 0.006891 
177 68.859736 0.000000 -4.179034 99.051050 0.000000 -10.956669 0.006884 
178 71.675711 0.000000 -1.428945 98.702154 0.000000 -14.246483 0.005492 
179 68.859736 0.000000 1.321144 99.055565 0.000000 -10.931039 0.006851 
180 64.635775 0.000000 -2.803990 99.218397 0.000000 -9.208771 0.007091 
181 64.635775 0.000000 -4.179034 99.225802 0.000000 -9.138518 0.007073 
182 66.043762 0.000000 -2.803990 99.141156 0.000000 -9.939683 0.007223 
183 64.635775 0.000000 -1.428945 99.216737 0.000000 -9.229230 0.007086 
184 63.227788 0.000000 4.071233 99.280314 0.000000 -8.693547 0.006784 
185 60.411813 0.000000 4.071233 99.427640 0.000000 -7.485357 0.005811 
186 66.043762 0.000000 4.071233 99.178703 0.000000 -9.639236 0.007067 
187 63.227788 0.000000 6.821323 99.231651 0.000000 -9.193597 0.006856 
188 61.819800 0.000000 -0.053901 99.365005 0.000000 -8.046150 0.006186 
189 60.411813 0.000000 -0.053901 99.437546 0.000000 -7.465159 0.005645 
190 63.227788 0.000000 -0.053901 99.293226 0.000000 -8.610472 0.006672 
191 61.819800 0.000000 1.321144 99.373698 0.000000 -7.969261 0.006136 
192 62.523794 0.000000 -2.116467 99.304549 0.000000 -8.513630 0.006612 
193 61.819800 0.000000 -2.116467 97.957362 0.000000 -17.567904 0.009572 
194 62.523794 0.000000 -2.803990 99.305703 0.000000 -8.498981 0.006614 
195 63.227788 0.000000 -2.116467 99.288141 0.000000 -8.646403 0.006710 
196 62.523794 0.000000 -1.428945 99.304831 0.000000 -8.514976 0.006605 
197 57.595839 0.000000 -6.929124 99.538230 0.000000 -6.602525 0.004855 
198 54.779864 0.000000 -6.929124 99.671523 0.000000 -5.620702 0.003400 
199 57.595839 0.000000 -9.679213 99.472869 0.000000 -7.041376 0.005557 
200 59.003826 0.000000 -2.803990 99.775788 0.000000 -5.444862 0.001515 
201 57.595839 0.000000 -2.803990 99.777503 0.000000 -4.192443 0.002687 
202 59.003826 0.000000 -4.179034 99.502585 0.000000 -6.923409 0.005130 
203 59.003826 0.000000 -1.428945 100.044282 0.000000 -3.649852 -0.002218 
204 61.115807 0.000000 -2.116467 99.048448 0.000000 -13.059961 0.001884 
205 60.411813 0.000000 -2.116467 99.657323 0.000000 -9.118681 -0.001473 
206 61.115807 0.000000 -2.803990 99.381822 0.000000 -7.892168 0.006097 
207 61.115807 0.000000 -1.428945 99.378964 0.000000 -10.937493 0.000419 
208 64.635775 0.000000 -0.053901 99.221619 0.000000 -9.192259 0.007057 
209 66.043762 0.000000 -0.053901 99.144152 0.000000 -9.923767 0.007196 
210 64.635775 0.000000 1.321144 99.231938 0.000000 -9.106044 0.007010 
211 62.523794 0.000000 -0.741423 99.306576 0.000000 -8.502563 0.006591 
212 61.819800 0.000000 -0.741423 99.362100 0.000000 -8.070148 0.006205 
213 63.227788 0.000000 -0.741423 99.289951 0.000000 -8.636977 0.006691 
214 62.523794 0.000000 -0.053901 99.309682 0.000000 -8.477076 0.006573 
215 62.171797 0.000000 -1.772706 97.784697 0.000000 -17.546574 0.013027 
216 61.819800 0.000000 -1.772706 98.052201 0.000000 -17.229367 0.008891 
217 62.171797 0.000000 -2.116467 97.695121 0.000000 -18.082896 0.012867 
218 62.523794 0.000000 -1.772706 99.304506 0.000000 -8.516021 0.006609 
219 62.171797 0.000000 -1.428945 99.350502 0.000000 -8.164818 0.006281 
220 49.147916 0.000000 6.821323 99.996440 0.000000 -2.740945 -0.000680 
221 43.515967 0.000000 6.821323 99.980617 0.000000 -3.563692 -0.000882 
222 49.147916 0.000000 12.321501 101.167707 0.000000 -3.429554 -0.024667 
223 51.963890 0.000000 -1.428945 99.890156 0.000000 -3.230625 0.001152 
224 49.147916 0.000000 -1.428945 99.989416 0.000000 -3.251751 -0.000846 
225 51.963890 0.000000 -4.179034 99.732467 0.000000 -5.129371 0.002712 
226 51.963890 0.000000 1.321144 99.739588 0.000000 -5.071208 0.002630 
227 -35.331316 0.000000 -262.687427 99.925360 0.000000 -3.495482 0.000270 
228 -125.442497 0.000000 -262.687427 99.930159 0.000000 -3.490448 0.000178 
229 -35.331316 0.000000 -350.690284 99.930634 0.000000 -3.494373 0.000166 
230 9.724274 0.000000 -130.683141 99.884912 0.000000 -3.509293 0.001069 
231 -35.331316 0.000000 -130.683141 99.903835 0.000000 -3.490082 0.000704 
232 9.724274 0.000000 -174.684570 99.906744 0.000000 -3.505863 0.000635 
233 32.252069 0.000000 -64.680999 99.771358 0.000000 -3.537204 0.003316 
234 9.724274 0.000000 -64.680999 99.828089 0.000000 -3.486612 0.002220 
235 32.252069 0.000000 -86.681713 99.827931 0.000000 -3.537893 0.002187 
236 43.515967 0.000000 -31.679927 99.454238 0.000000 -3.537817 0.009634 
237 32.252069 0.000000 -31.679927 99.609679 0.000000 -3.426434 0.006617 
238 43.515967 0.000000 -42.680284 99.592719 0.000000 -3.579285 0.006848 
239 49.147916 0.000000 -15.179392 98.838116 0.000000 -3.431120 0.021925 
240 43.515967 0.000000 -15.179392 99.126181 0.000000 -3.235238 0.016353 
241 49.147916 0.000000 -20.679570 99.074101 0.000000 -3.560265 0.017165 
242 51.963890 0.000000 -6.929124 99.716372 0.000000 -5.276255 0.002881 
243 49.147916 0.000000 -6.929124 100.009287 0.000000 -2.664520 -0.000896 
244 51.963890 0.000000 -9.679213 100.024770 0.000000 -2.698788 -0.001224 
245 53.371877 0.000000 -2.803990 99.812732 0.000000 -3.677089 0.002390 
246 51.963890 0.000000 -2.803990 99.850627 0.000000 -3.611553 0.001681 
247 53.371877 0.000000 -4.179034 99.709559 0.000000 -5.294952 0.002997 
248 54.779864 0.000000 -2.803990 99.831097 0.000000 -3.049200 0.002445 
249 53.371877 0.000000 -1.428945 99.925217 0.000000 -2.024668 0.001085 
250 -215.553678 0.000000 -86.681713 99.935100 0.000000 -3.484273 0.000084 
251 -305.664859 0.000000 -86.681713 99.937238 0.000000 -3.486420 0.000039 
252 -215.553678 0.000000 -174.684570 99.933509 0.000000 -3.486834 0.000114 
253 -215.553678 0.000000 1.321144 99.938989 0.000000 -3.482939 0.000007 
254 -80.386907 0.000000 -42.680284 99.924236 0.000000 -3.467069 0.000313 
255 -125.442497 0.000000 -42.680284 99.932339 0.000000 -3.476336 0.000144 
256 -80.386907 0.000000 -86.681713 99.918338 0.000000 -3.477884 0.000423 
257 -80.386907 0.000000 1.321144 99.939314 0.000000 -3.461578 0.000015 
258 -12.803521 0.000000 -20.679570 99.895260 0.000000 -3.416319 0.000927 
259 -35.331316 0.000000 -20.679570 99.917138 0.000000 -3.442599 0.000471 
260 -12.803521 0.000000 -42.680284 99.871884 0.000000 -3.446415 0.001373 
261 -12.803521 0.000000 1.321144 99.943199 0.000000 -3.402881 -0.000022 
262 20.988172 0.000000 -9.679213 99.824108 0.000000 -3.222155 0.002477 
263 9.724274 0.000000 -9.679213 99.880454 0.000000 -3.315356 0.001290 
264 20.988172 0.000000 -20.679570 99.743530 0.000000 -3.313730 0.004025 
265 20.988172 0.000000 1.321144 99.974514 0.000000 -3.189530 -0.000508 
266 37.884018 0.000000 -4.179034 99.979018 0.000000 -3.656949 -0.000918 
267 32.252069 0.000000 -4.179034 99.814118 0.000000 -2.920749 0.002861 
268 37.884018 0.000000 -9.679213 99.979837 0.000000 -3.669847 -0.000944 
269 37.884018 0.000000 1.321144 99.979018 0.000000 -3.657211 -0.000918 
270 46.331941 0.000000 -1.428945 99.980673 0.000000 -3.507287 -0.000844 
271 43.515967 0.000000 -1.428945 99.989559 0.000000 -3.456600 -0.000986 
272 46.331941 0.000000 -4.179034 99.993243 0.000000 -2.902046 -0.000707 
273 46.331941 0.000000 1.321144 99.992795 0.000000 -2.925311 -0.000712 
274 46.331941 0.000000 -6.929124 99.987107 0.000000 -3.074253 -0.000687 
275 43.515967 0.000000 -6.929124 99.983146 0.000000 -3.377005 -0.000803 
276 46.331941 0.000000 -9.679213 99.983716 0.000000 -3.336475 -0.000788 
277 47.739928 0.000000 -2.803990 99.995713 0.000000 -3.072251 -0.000858 
278 46.331941 0.000000 -2.803990 99.992832 0.000000 -2.922814 -0.000711 
279 47.739928 0.000000 -4.179034 100.005528 0.000000 -2.773530 -0.000880 
280 49.147916 0.000000 -2.803990 99.996581 0.000000 -3.184041 -0.000945 
281 47.739928 0.000000 -1.428945 99.984807 0.000000 -3.395019 -0.000849 
282 -215.553678 0.000000 89.324001 99.942856 0.000000 -3.484287 -0.000071 
283 -305.664859 0.000000 89.324001 99.940774 0.000000 -3.486418 -0.000031 
284 -215.553678 0.000000 177.326858 99.944425 0.000000 -3.486825 -0.000105 
285 -80.386907 0.000000 45.322573 99.954056 0.000000 -3.467444 -0.000284 
286 -125.442497 0.000000 45.322573 99.945666 0.000000 -3.476340 -0.000122 
287 -80.386907 0.000000 89.324001 99.959500 0.000000 -3.478132 -0.000400 
288 -12.803521 0.000000 23.321858 99.988477 0.000000 -3.420145 -0.000939 
289 -35.331316 0.000000 23.321858 99.963191 0.000000 -3.443903 -0.000450 
290 -12.803521 0.000000 45.322573 100.007689 0.000000 -3.450468 -0.001344 
291 20.988172 0.000000 12.321501 100.103796 0.000000 -3.252063 -0.003135 
292 9.724274 0.000000 12.321501 100.023243 0.000000 -3.326115 -0.001571 
293 20.988172 0.000000 23.321858 100.154461 0.000000 -3.344865 -0.004210 
294 37.884018 0.000000 6.821323 99.978723 0.000000 -3.695545 -0.000940 
295 32.252069 0.000000 6.821323 100.236771 0.000000 -3.014268 -0.005650 
296 37.884018 0.000000 12.321501 100.536944 0.000000 -3.127880 -0.011746 
297 40.699992 0.000000 -1.428945 99.980410 0.000000 -3.577753 -0.000888 
298 37.884018 0.000000 -1.428945 99.979018 0.000000 -3.657297 -0.000918 
299 40.699992 0.000000 -4.179034 99.980455 0.000000 -3.574658 -0.000887 
300 40.699992 0.000000 1.321144 99.980422 0.000000 -3.576948 -0.000888 
301 46.331941 0.000000 4.071233 99.993663 0.000000 -2.882248 -0.000704 
302 43.515967 0.000000 4.071233 99.982974 0.000000 -3.389290 -0.000808 
303 49.147916 0.000000 4.071233 100.016642 0.000000 -2.819762 -0.001128 
304 46.331941 0.000000 6.821323 99.987238 0.000000 -3.064483 -0.000684 
305 44.923954 0.000000 -0.053901 99.985884 0.000000 -3.164681 -0.000719 
306 43.515967 0.000000 -0.053901 99.985671 0.000000 -3.180660 -0.000725 
307 44.923954 0.000000 -1.428945 99.972924 0.000000 -3.828593 -0.000924 
308 46.331941 0.000000 -0.053901 99.992584 0.000000 -2.935763 -0.000714 
309 44.923954 0.000000 1.321144 99.985987 0.000000 -3.157102 -0.000716 
310 40.699992 0.000000 4.071233 99.980483 0.000000 -3.572859 -0.000886 
311 37.884018 0.000000 4.071233 99.978561 0.000000 -3.689088 -0.000932 
312 40.699992 0.000000 6.821323 99.979017 0.000000 -3.655930 -0.000917 
313 42.107980 0.000000 -0.053901 99.982658 0.000000 -3.412017 -0.000817 
314 40.699992 0.000000 -0.053901 99.980408 0.000000 -3.577861 -0.000888 
315 42.107980 0.000000 -1.428945 99.982662 0.000000 -3.411710 -0.000817 
316 42.107980 0.000000 1.321144 99.982703 0.000000 -3.408799 -0.000816 
317 44.923954 0.000000 -2.803990 99.986012 0.000000 -3.155181 -0.000716 
318 43.515967 0.000000 -2.803990 99.985789 0.000000 -3.171846 -0.000722 
319 44.923954 0.000000 -4.179034 99.986218 0.000000 -3.139976 -0.000710 
320 44.219960 0.000000 -0.741423 99.980307 0.000000 -3.602563 -0.000904 
321 43.515967 0.000000 -0.741423 99.985661 0.000000 -3.181413 -0.000725 
322 44.219960 0.000000 -1.428945 99.980497 0.000000 -3.668144 -0.000956 
323 44.923954 0.000000 -0.741423 99.977541 0.000000 -3.604043 -0.000850 
324 44.219960 0.000000 -0.053901 99.985756 0.000000 -3.174281 -0.000723 
325 37.884018 0.000000 -15.179392 99.386702 0.000000 -3.163238 0.011228 
326 32.252069 0.000000 -15.179392 99.577908 0.000000 -3.176543 0.007415 
327 37.884018 0.000000 -20.679570 99.422982 0.000000 -3.310673 0.010411 
328 40.699992 0.000000 -6.929124 99.979016 0.000000 -3.656243 -0.000917 
329 37.884018 0.000000 -6.929124 99.978550 0.000000 -3.689391 -0.000932 
330 40.699992 0.000000 -9.679213 99.978523 0.000000 -3.690107 -0.000932 
331 42.107980 0.000000 -2.803990 99.982715 0.000000 -3.407881 -0.000816 
332 40.699992 0.000000 -2.803990 99.980426 0.000000 -3.576625 -0.000888 
333 42.107980 0.000000 -4.179034 99.982809 0.000000 -3.401211 -0.000813 
334 42.811973 0.000000 -0.741423 99.982670 0.000000 -3.411075 -0.000817 
335 42.107980 0.000000 -0.741423 99.982654 0.000000 -3.412321 -0.000817 
336 42.811973 0.000000 -1.428945 99.982679 0.000000 -3.410415 -0.000817 
337 42.811973 0.000000 -0.053901 99.982675 0.000000 -3.410751 -0.000817 
338 42.811973 0.000000 -2.116467 99.982702 0.000000 -3.408799 -0.000816 
339 42.107980 0.000000 -2.116467 99.982683 0.000000 -3.410206 -0.000817 
340 42.811973 0.000000 -2.803990 99.982736 0.000000 -3.406309 -0.000815 
341 43.515967 0.000000 -2.116467 99.985721 0.000000 -3.176894 -0.000724 
342 43.163970 0.000000 -1.085184 99.990030 0.000000 -3.415529 -0.000967 
343 42.811973 0.000000 -1.085184 99.982673 0.000000 -3.410868 -0.000817 
344 43.163970 0.000000 -1.428945 99.979867 0.000000 -3.600152 -0.000893 
345 43.515967 0.000000 -1.085184 99.988543 0.000000 -3.462186 -0.000970 
346 43.163970 0.000000 -0.741423 99.982685 0.000000 -3.409972 -0.000817 
347 26.620120 0.000000 -4.179034 99.869641 0.000000 -3.090133 0.001651 
348 20.988172 0.000000 -4.179034 99.894538 0.000000 -3.193401 0.001088 
349 26.620120 0.000000 -9.679213 99.763295 0.000000 -3.144582 0.003740 
350 26.620120 0.000000 1.321144 99.998940 0.000000 -3.083455 -0.000930 
351 35.068044 0.000000 -1.428945 99.978741 0.000000 -3.694652 -0.000940 
352 32.252069 0.000000 -1.428945 99.972371 0.000000 -3.728579 -0.000838 
353 35.068044 0.000000 -4.179034 99.978736 0.000000 -3.694909 -0.000940 
354 35.068044 0.000000 1.321144 99.978740 0.000000 -3.694701 -0.000940 
355 39.292005 0.000000 -0.053901 99.980421 0.000000 -3.577089 -0.000888 
356 37.884018 0.000000 -0.053901 99.979018 0.000000 -3.657310 -0.000918 
357 39.292005 0.000000 -1.428945 99.980422 0.000000 -3.576997 -0.000888 
358 39.292005 0.000000 1.321144 99.979017 0.000000 -3.657428 -0.000918 
359 41.403986 0.000000 -0.741423 99.982652 0.000000 -3.412500 -0.000818 
360 40.699992 0.000000 -0.741423 99.980407 0.000000 -3.577939 -0.000888 
361 41.403986 0.000000 -1.428945 99.982660 0.000000 -3.411938 -0.000817 
362 41.403986 0.000000 -0.053901 99.982656 0.000000 -3.412220 -0.000817 
363 42.459976 0.000000 -1.085184 99.982663 0.000000 -3.411648 -0.000817 
364 42.107980 0.000000 -1.085184 99.982656 0.000000 -3.412130 -0.000817 
365 42.459976 0.000000 -1.428945 99.982669 0.000000 -3.411211 -0.000817 
366 42.459976 0.000000 -0.741423 99.982660 0.000000 -3.411847 -0.000817 
367 44.219960 0.000000 -2.116467 99.979070 0.000000 -3.512604 -0.000815 
368 44.219960 0.000000 -2.803990 99.985880 0.000000 -3.165055 -0.000719 
369 44.923954 0.000000 -2.116467 99.977795 0.000000 -3.591374 -0.000846 
370 43.163970 0.000000 -1.772706 99.982704 0.000000 -3.408574 -0.000816 
371 42.811973 0.000000 -1.772706 99.982689 0.000000 -3.409723 -0.000816 
372 43.163970 0.000000 -2.116467 99.982717 0.000000 -3.407622 -0.000816 
373 43.515967 0.000000 -1.772706 99.987741 0.000000 -3.461254 -0.000953 
374 42.987972 0.000000 -1.257065 99.977298 0.000000 -3.639343 -0.000870 
375 42.811973 0.000000 -1.257065 99.982676 0.000000 -3.410672 -0.000817 
376 42.987972 0.000000 -1.428945 99.977982 0.000000 -3.626876 -0.000875 
377 43.163970 0.000000 -1.257065 99.979054 0.000000 -3.614277 -0.000887 
378 42.987972 0.000000 -1.085184 99.982680 0.000000 -3.410355 -0.000817 
379 39.292005 0.000000 -2.803990 99.979017 0.000000 -3.657385 -0.000918 
380 37.884018 0.000000 -2.803990 99.979018 0.000000 -3.657173 -0.000918 
381 39.292005 0.000000 -4.179034 99.979017 0.000000 -3.657108 -0.000918 
382 41.403986 0.000000 -2.116467 99.982679 0.000000 -3.410554 -0.000817 
383 40.699992 0.000000 -2.116467 99.980416 0.000000 -3.577309 -0.000888 
384 41.403986 0.000000 -2.803990 99.982709 0.000000 -3.408407 -0.000816 
385 42.459976 0.000000 -1.772706 99.982678 0.000000 -3.410543 -0.000817 
386 42.107980 0.000000 -1.772706 99.982671 0.000000 -3.411066 -0.000817 
387 42.459976 0.000000 -2.116467 99.982690 0.000000 -3.409651 -0.000816 
388 42.987972 0.000000 -1.600826 99.982691 0.000000 -3.409573 -0.000816 
389 42.811973 0.000000 -1.600826 99.982684 0.000000 -3.410098 -0.000817 
390 42.987972 0.000000 -1.772706 99.982696 0.000000 -3.409191 -0.000816 
391 43.163970 0.000000 -1.600826 99.989985 0.000000 -3.415279 -0.000966 
392 43.867964 0.000000 -1.085184 99.983301 0.000000 -3.582508 -0.000949 
393 43.867964 0.000000 -1.428945 99.981696 0.000000 -3.675120 -0.000985 
394 44.219960 0.000000 -1.085184 99.980287 0.000000 -3.648238 -0.000937 
395 43.867964 0.000000 -0.741423 99.983836 0.000000 -3.492266 -0.000896 
396 43.339968 0.000000 -1.257065 99.990899 0.000000 -3.432400 -0.000996 
397 43.339968 0.000000 -1.428945 99.990723 0.000000 -3.434063 -0.000994 
398 43.515967 0.000000 -1.257065 99.989671 0.000000 -3.454738 -0.000987 
399 43.339968 0.000000 -1.085184 99.989169 0.000000 -3.443548 -0.000969 
400 43.075971 0.000000 -1.343005 99.973635 0.000000 -3.706377 -0.000846 
401 42.987972 0.000000 -1.343005 99.976661 0.000000 -3.651070 -0.000866 
402 43.075971 0.000000 -1.428945 99.977691 0.000000 -3.634698 -0.000875 
403 43.163970 0.000000 -1.343005 99.978343 0.000000 -3.626981 -0.000882 
404 43.075971 0.000000 -1.257065 99.976307 0.000000 -3.659210 -0.000865 
405 111.099352 0.000000 -9.679213 99.848336 0.000000 -4.977631 0.000553 
406 111.099352 0.000000 -20.679570 99.819614 0.000000 -4.582793 0.001504 
407 122.363250 0.000000 -9.679213 99.864362 0.000000 -4.950866 0.000260 
408 111.099352 0.000000 1.321144 99.902498 0.000000 -5.073775 -0.000625 
409 325.113407 0.000000 -262.687427 99.932600 0.000000 -3.523940 0.000106 
410 325.113407 0.000000 -350.690284 99.934002 0.000000 -3.508534 0.000089 
411 415.224588 0.000000 -262.687427 99.934726 0.000000 -3.525034 0.000062 
412 -215.553678 0.000000 -262.687427 99.933740 0.000000 -3.488816 0.000108 
413 -305.664859 0.000000 -262.687427 99.935861 0.000000 -3.488534 0.000065 
414 -215.553678 0.000000 -350.690284 99.934593 0.000000 -3.489914 0.000090 
415 189.946636 0.000000 -130.683141 99.911809 0.000000 -3.614976 0.000456 
416 189.946636 0.000000 -174.684570 99.919085 0.000000 -3.559554 0.000351 
417 235.002226 0.000000 -130.683141 99.922235 0.000000 -3.615549 0.000247 
418 -80.386907 0.000000 -130.683141 99.918940 0.000000 -3.485120 0.000406 
419 -125.442497 0.000000 -130.683141 99.926859 0.000000 -3.484194 0.000248 
420 -80.386907 0.000000 -174.684570 99.921914 0.000000 -3.489358 0.000344 
421 122.363250 0.000000 -64.680999 99.851034 0.000000 -3.840756 0.001502 
422 122.363250 0.000000 -86.681713 99.866869 0.000000 -3.710223 0.001284 
423 144.891045 0.000000 -64.680999 99.880517 0.000000 -3.849750 0.000906 
424 -12.803521 0.000000 -64.680999 99.870831 0.000000 -3.471969 0.001376 
425 -35.331316 0.000000 -64.680999 99.895343 0.000000 -3.469254 0.000888 
426 -12.803521 0.000000 -86.681713 99.877913 0.000000 -3.487257 0.001224 
427 88.571557 0.000000 -31.679927 99.653040 0.000000 -4.280838 0.005095 
428 88.571557 0.000000 -42.680284 99.693787 0.000000 -4.042133 0.004481 
429 99.835455 0.000000 -31.679927 99.748439 0.000000 -4.292144 0.003183 
430 20.988172 0.000000 -31.679927 99.729273 0.000000 -3.396415 0.004254 
431 9.724274 0.000000 -31.679927 99.806428 0.000000 -3.402674 0.002710 
432 20.988172 0.000000 -42.680284 99.746323 0.000000 -3.452018 0.003875 
433 71.675711 0.000000 -15.179392 99.149255 0.000000 -4.977950 0.014465 
434 71.675711 0.000000 -20.679570 99.239398 0.000000 -4.582171 0.013055 
435 77.307660 0.000000 -15.179392 99.413014 0.000000 -4.982043 0.009223 
436 111.099352 0.000000 -31.679927 99.805678 0.000000 -4.289725 0.002042 
437 111.099352 0.000000 -42.680284 99.809458 0.000000 -4.080384 0.002142 
438 122.363250 0.000000 -31.679927 99.843620 0.000000 -4.279494 0.001294 
439 68.859736 0.000000 -6.929124 98.926907 0.000000 -12.351807 0.006090 
440 68.859736 0.000000 -9.679213 98.387958 0.000000 -16.242210 0.005600 
441 71.675711 0.000000 -6.929124 98.382033 0.000000 -16.267997 0.005633 
442 57.595839 0.000000 4.071233 99.572959 0.000000 -6.364673 0.004472 
443 54.779864 0.000000 4.071233 99.682538 0.000000 -5.529920 0.003281 
444 57.595839 0.000000 6.821323 99.522135 0.000000 -6.697200 0.005049 
445 56.187852 0.000000 -2.803990 99.769019 0.000000 -3.778284 0.003187 
446 56.187852 0.000000 -4.179034 99.650361 0.000000 -5.775145 0.003645 
447 56.187852 0.000000 -1.428945 99.894958 0.000000 -2.212477 0.001610 
448 59.003826 0.000000 -0.053901 99.507582 0.000000 -6.892096 0.005074 
449 57.595839 0.000000 -0.053901 99.749909 0.000000 -4.547350 0.002928 
450 59.003826 0.000000 1.321144 99.510826 0.000000 -6.864104 0.005048 
451 56.187852 0.000000 -0.053901 99.750834 0.000000 -4.112466 0.003286 
452 54.779864 0.000000 -0.053901 99.815142 0.000000 -3.340541 0.002578 
453 56.187852 0.000000 1.321144 99.657434 0.000000 -5.715713 0.003573 
454 111.099352 0.000000 12.321501 99.971015 0.000000 -4.737378 -0.001665 
455 122.363250 0.000000 12.321501 99.944774 0.000000 -4.685945 -0.001092 
456 111.099352 0.000000 23.321858 100.019251 0.000000 -4.435329 -0.002352 
457 68.859736 0.000000 4.071233 98.935631 0.000000 -12.302733 0.006038 
458 71.675711 0.000000 4.071233 98.386809 0.000000 -16.247606 0.005605 
459 68.859736 0.000000 6.821323 98.729409 0.000000 -14.103169 0.005360 
460 61.115807 0.000000 -0.741423 99.383638 0.000000 -7.887107 0.006069 
461 60.411813 0.000000 -0.741423 99.435326 0.000000 -7.483663 0.005661 
462 61.115807 0.000000 -0.053901 99.386193 0.000000 -7.865731 0.006051 
463 51.963890 0.000000 4.071233 99.727625 0.000000 -5.186306 0.002750 
464 51.963890 0.000000 6.821323 100.006139 0.000000 -3.141798 -0.001110 
465 50.555903 0.000000 -2.803990 99.855907 0.000000 -4.038186 0.001249 
466 50.555903 0.000000 -4.179034 99.858308 0.000000 -4.331514 0.000956 
467 50.555903 0.000000 -1.428945 99.883025 0.000000 -3.773332 0.000914 
468 53.371877 0.000000 -0.053901 99.794958 0.000000 -3.983046 0.002510 
469 51.963890 0.000000 -0.053901 99.806691 0.000000 -4.371634 0.001951 
470 53.371877 0.000000 1.321144 99.716665 0.000000 -5.234672 0.002918 
471 50.555903 0.000000 -0.053901 99.848354 0.000000 -4.118434 0.001334 
472 49.147916 0.000000 -0.053901 99.997114 0.000000 -3.181976 -0.000955 
473 50.555903 0.000000 1.321144 99.862324 0.000000 -4.295303 0.000907 
474 26.620120 0.000000 -15.179392 99.699365 0.000000 -3.221839 0.004966 
475 20.988172 0.000000 -15.179392 99.773356 0.000000 -3.265905 0.003461 
476 26.620120 0.000000 -20.679570 99.670920 0.000000 -3.294724 0.005485 
477 35.068044 0.000000 -6.929124 99.980741 0.000000 -3.624653 -0.000929 
478 32.252069 0.000000 -6.929124 99.716699 0.000000 -2.974909 0.004773 
479 35.068044 0.000000 -9.679213 99.548104 0.000000 -2.984506 0.008127 
480 47.739928 0.000000 -0.053901 99.996124 0.000000 -3.059443 -0.000859 
481 47.739928 0.000000 1.321144 100.004768 0.000000 -2.796201 -0.000877 
482 26.620120 0.000000 6.821323 100.111774 0.000000 -3.127993 -0.003215 
483 20.988172 0.000000 6.821323 100.048225 0.000000 -3.211852 -0.001996 
484 26.620120 0.000000 12.321501 100.184470 0.000000 -3.199201 -0.004716 
485 35.068044 0.000000 4.071233 99.979829 0.000000 -3.669382 -0.000943 
486 32.252069 0.000000 4.071233 100.159468 0.000000 -2.951737 -0.004063 
487 35.068044 0.000000 6.821323 99.977422 0.000000 -3.651102 -0.000882 
488 43.867964 0.000000 -1.772706 99.983556 0.000000 -3.540583 -0.000925 
489 43.867964 0.000000 -2.116467 99.985760 0.000000 -3.173975 -0.000723 
490 44.219960 0.000000 -1.772706 99.980096 0.000000 -3.634037 -0.000923 
491 43.339968 0.000000 -1.600826 99.989046 0.000000 -3.445310 -0.000968 
492 43.339968 0.000000 -1.772706 99.990332 0.000000 -3.338640 -0.000921 
493 43.515967 0.000000 -1.600826 99.988409 0.000000 -3.465233 -0.000969 
1 19 21 3 22 
2 20 19 22 9 
3 28 20 9 30 
4 29 28 30 4 
5 35 37 19 38 
6 36 35 38 20 
7 44 36 20 46 
8 45 44 46 28 
9 51 53 35 54 
10 52 51 54 36 
11 60 52 36 62 
12 61 60 62 44 
13 67 69 51 70 
14 68 67 70 52 
15 76 68 52 78 
16 77 76 78 60 
17 83 85 67 86 
18 84 83 86 68 
19 10 93 92 26 
20 93 13 94 92 
21 92 94 8 95 
22 26 92 95 14 
23 23 97 96 42 
24 97 26 98 96 
25 96 98 14 99 
26 42 96 99 27 
27 101 42 102 100 
28 100 102 27 103 
29 55 105 104 74 
30 105 58 106 104 
31 104 106 43 107 
32 74 104 107 59 
33 109 74 110 108 
34 108 110 59 111 
35 112 84 68 114 
36 113 112 114 76 
37 115 117 83 118 
38 116 115 118 84 
39 7 134 132 133 
40 134 12 135 132 
41 132 135 10 25 
42 133 132 25 11 
43 11 138 136 137 
44 138 25 139 136 
45 136 139 23 41 
46 137 136 41 24 
47 24 142 140 141 
48 142 41 143 140 
49 140 143 39 57 
50 141 140 57 40 
51 40 146 144 145 
52 146 57 147 144 
53 144 147 55 73 
54 145 144 73 56 
55 56 150 148 149 
56 150 73 151 148 
57 148 151 71 89 
58 149 148 89 72 
59 89 154 152 153 
60 154 71 155 152 
61 152 155 90 121 
62 153 152 121 87 
63 87 158 156 157 
64 158 121 159 156 
65 14 95 161 37 
66 95 8 162 161 
67 161 162 21 163 
68 37 161 163 19 
69 27 99 164 53 
70 99 14 165 164 
71 164 165 37 166 
72 53 164 166 35 
73 103 27 168 167 
74 167 168 53 169 
75 69 167 169 51 
76 59 107 170 85 
77 107 43 171 170 
78 170 171 69 172 
79 85 170 172 67 
80 111 59 174 173 
81 173 174 85 175 
82 117 173 175 83 
83 90 177 176 122 
84 177 108 178 176 
85 176 178 111 179 
86 122 176 179 75 
87 121 181 180 159 
88 181 90 182 180 
89 180 182 122 183 
90 159 180 183 119 
91 91 123 184 185 
92 123 75 186 184 
93 184 186 117 187 
94 185 184 187 115 
95 188 190 123 191 
96 189 188 191 91 
97 156 194 192 193 
98 194 159 195 192 
99 192 195 119 196 
100 72 199 197 198 
101 199 89 153 197 
102 197 153 87 130 
103 198 197 130 88 
104 130 202 200 201 
105 202 87 157 200 
106 200 157 120 203 
107 201 200 203 128 
108 157 206 204 205 
109 206 156 193 204 
110 204 193 160 207 
111 205 204 207 120 
112 119 183 208 190 
113 183 122 209 208 
114 208 209 75 210 
115 190 208 210 123 
116 160 196 211 212 
117 196 119 213 211 
118 211 213 190 214 
119 212 211 214 188 
120 193 217 215 216 
121 217 192 218 215 
122 215 218 196 219 
123 216 215 219 160 
124 220 116 84 222 
125 221 220 222 112 
126 17 229 227 228 
127 229 7 133 227 
128 227 133 11 33 
129 228 227 33 15 
130 33 232 230 231 
131 232 11 137 230 
132 230 137 24 49 
133 231 230 49 31 
134 49 235 233 234 
135 235 24 141 233 
136 233 141 40 65 
137 234 233 65 47 
138 65 238 236 237 
139 238 40 145 236 
140 236 145 56 81 
141 237 236 81 63 
142 81 241 239 240 
143 241 56 149 239 
144 239 149 72 126 
145 240 239 126 79 
146 126 244 242 243 
147 244 72 198 242 
148 242 198 88 225 
149 243 242 225 124 
150 225 247 245 246 
151 247 88 248 245 
152 245 248 129 249 
153 246 245 249 223 
154 16 252 250 251 
155 252 15 32 250 
156 250 32 18 253 
157 251 250 253 6 
158 32 256 254 255 
159 256 31 48 254 
160 254 48 34 257 
161 255 254 257 18 
162 48 260 258 259 
163 260 47 64 258 
164 258 64 50 261 
165 259 258 261 34 
166 64 264 262 263 
167 263 262 265 50 
168 79 276 274 275 
169 276 126 243 274 
170 274 243 124 272 
171 275 274 272 125 
172 272 279 277 278 
173 279 124 280 277 
174 277 280 224 281 
175 278 277 281 270 
176 6 253 282 283 
177 253 18 45 282 
178 282 45 28 284 
179 283 282 284 29 
180 18 257 285 286 
181 257 34 61 285 
182 285 61 44 287 
183 286 285 287 45 
184 34 261 288 289 
185 261 50 77 288 
186 288 77 60 290 
187 289 288 290 61 
188 50 265 291 292 
189 291 113 76 293 
190 292 291 293 77 
191 294 221 112 296 
192 295 294 296 113 
193 82 273 301 302 
194 273 127 303 301 
195 301 303 220 304 
196 302 301 304 221 
197 307 270 308 305 
198 305 308 273 309 
199 306 305 309 82 
200 269 300 310 311 
201 300 82 302 310 
202 310 302 221 312 
203 311 310 312 294 
204 313 306 82 316 
205 314 313 316 300 
206 125 319 317 318 
207 319 272 278 317 
208 317 278 270 307 
209 322 307 323 320 
210 320 323 305 324 
211 321 320 324 306 
212 63 327 325 326 
213 327 81 240 325 
214 325 240 79 268 
215 326 325 268 80 
216 268 330 328 329 
217 330 79 275 328 
218 328 275 125 299 
219 329 328 299 266 
220 299 333 331 332 
221 333 125 318 331 
222 334 321 306 337 
223 335 334 337 313 
224 331 340 338 339 
225 340 318 341 338 
226 342 345 321 346 
227 343 342 346 334 
228 262 349 347 348 
229 349 80 267 347 
230 347 267 66 350 
231 348 347 350 265 
232 267 353 351 352 
233 353 266 298 351 
234 351 298 269 354 
235 352 351 354 66 
236 298 357 355 356 
237 357 297 314 355 
238 355 314 300 358 
239 356 355 358 269 
240 297 361 359 360 
241 361 315 335 359 
242 359 335 313 362 
243 360 359 362 314 
244 315 365 363 364 
245 365 336 343 363 
246 363 343 334 366 
247 364 363 366 335 
248 318 368 367 341 
249 368 317 369 367 
250 367 369 307 322 
251 338 372 370 371 
252 372 341 373 370 
253 336 376 374 375 
254 374 377 342 378 
255 375 374 378 343 
256 266 381 379 380 
257 381 299 332 379 
258 379 332 297 357 
259 380 379 357 298 
260 332 384 382 383 
261 384 331 339 382 
262 382 339 315 361 
263 383 382 361 297 
264 339 387 385 386 
265 387 338 371 385 
266 385 371 336 365 
267 386 385 365 315 
268 371 390 388 389 
269 390 370 391 388 
270 388 391 344 376 
271 389 388 376 336 
272 271 393 392 345 
273 393 322 394 392 
274 392 394 320 395 
275 345 392 395 321 
276 344 397 396 377 
277 397 271 398 396 
278 396 398 345 399 
279 377 396 399 342 
280 376 402 400 401 
281 402 344 403 400 
282 400 403 377 404 
283 401 400 404 374 
284 58 406 405 106 
285 406 100 407 405 
286 405 407 103 408 
287 106 405 408 43 
288 12 410 409 135 
289 410 2 411 409 
290 409 411 13 93 
291 135 409 93 10 
292 1 414 412 413 
293 414 17 228 412 
294 412 228 15 252 
295 413 412 252 16 
296 25 416 415 139 
297 416 10 417 415 
298 415 417 26 97 
299 139 415 97 23 
300 15 420 418 419 
301 420 33 231 418 
302 418 231 31 256 
303 419 418 256 32 
304 41 422 421 143 
305 422 23 423 421 
306 421 423 42 101 
307 143 421 101 39 
308 31 426 424 425 
309 426 49 234 424 
310 424 234 47 260 
311 425 424 260 48 
312 57 428 427 147 
313 428 39 429 427 
314 427 429 58 105 
315 147 427 105 55 
316 47 432 430 431 
317 432 65 237 430 
318 430 237 63 264 
319 431 430 264 64 
320 73 434 433 151 
321 434 55 435 433 
322 433 435 74 109 
323 151 433 109 71 
324 39 437 436 429 
325 437 101 438 436 
326 436 438 100 406 
327 429 436 406 58 
328 71 440 439 155 
329 440 109 441 439 
330 439 441 108 177 
331 155 439 177 90 
332 5 131 442 443 
333 131 91 185 442 
334 442 185 115 444 
335 443 442 444 116 
336 88 446 445 248 
337 446 130 201 445 
338 445 201 128 447 
339 248 445 447 129 
340 128 203 448 449 
341 203 120 189 448 
342 448 189 91 450 
343 449 448 450 131 
344 129 447 451 452 
345 447 128 449 451 
346 451 449 131 453 
347 452 451 453 5 
348 43 408 454 171 
349 408 103 455 454 
350 454 455 167 456 
351 171 454 456 69 
352 75 179 457 186 
353 179 111 458 457 
354 457 458 173 459 
355 186 457 459 117 
356 120 207 460 461 
357 207 160 212 460 
358 460 212 188 462 
359 461 460 462 189 
360 127 226 463 303 
361 226 5 443 463 
362 463 443 116 464 
363 303 463 464 220 
364 124 466 465 280 
365 466 225 246 465 
366 465 246 223 467 
367 280 465 467 224 
368 223 249 468 469 
369 249 129 452 468 
370 468 452 5 470 
371 469 468 470 226 
372 224 467 471 472 
373 467 223 469 471 
374 471 469 226 473 
375 472 471 473 127 
376 264 476 474 475 
377 476 63 326 474 
378 474 326 80 349 
379 475 474 349 262 
380 80 479 477 478 
381 479 268 329 477 
382 477 329 266 353 
383 478 477 353 267 
384 270 281 480 308 
385 281 224 472 480 
386 480 472 127 481 
387 308 480 481 273 
388 265 350 482 483 
389 350 66 295 482 
390 482 295 113 484 
391 483 482 484 291 
392 66 354 485 486 
393 354 269 311 485 
394 485 311 294 487 
395 486 485 487 295 
396 341 489 488 373 
397 489 367 490 488 
398 488 490 322 393 
399 373 488 393 271 
400 370 492 491 391 
401 492 373 493 491 
402 491 493 271 397 
403 391 491 397 344 
