2 0.000000 100.000000 391.401719
483 394 
1 -305.664859 0.000000 -350.690284 98.468729 0.000000 17.368364 0.000225 
2 415.224588 0.000000 -350.690284 98.475493 0.000000 17.303648 0.000316 
3 415.224588 0.000000 353.332572 98.513115 0.000000 17.243653 -0.000218 
4 -305.664859 0.000000 353.332572 98.496652 0.000000 17.366862 -0.000320 
5 54.779864 0.000000 1.321144 98.039286 0.000000 -5.188477 0.036138 
6 -305.664859 0.000000 1.321144 98.483937 0.000000 17.383657 -0.000128 
7 54.779864 0.000000 -350.690284 98.445116 0.000000 17.330176 0.000822 
8 415.224588 0.000000 1.321144 98.774390 0.000000 15.665018 -0.000177 
9 54.779864 0.000000 353.332572 98.530117 0.000000 17.317383 -0.000808 
10 235.002226 0.000000 -174.684570 98.459115 0.000000 17.129323 0.001239 
11 54.779864 0.000000 -174.684570 98.335568 0.000000 17.226046 0.003338 
12 235.002226 0.000000 -350.690284 98.459999 0.000000 17.304622 0.000618 
13 415.224588 0.000000 -174.684570 98.495312 0.000000 17.181092 0.000348 
14 235.002226 0.000000 1.321144 99.174520 0.000000 13.281598 -0.001199 
15 -125.442497 0.000000 -174.684570 98.432514 0.000000 17.379028 0.000901 
16 -305.664859 0.000000 -174.684570 98.469910 0.000000 17.376970 0.000172 
17 -125.442497 0.000000 -350.690284 98.454969 0.000000 17.359837 0.000526 
18 -125.442497 0.000000 1.321144 98.493126 0.000000 17.439618 -0.000504 
19 235.002226 0.000000 177.326858 98.599358 0.000000 16.931118 -0.000850 
20 54.779864 0.000000 177.326858 98.676868 0.000000 17.181326 -0.003232 
21 415.224588 0.000000 177.326858 98.602647 0.000000 16.720123 -0.000204 
22 235.002226 0.000000 353.332572 98.522680 0.000000 17.272880 -0.000507 
23 144.891045 0.000000 -86.681713 98.396307 0.000000 16.542225 0.004452 
24 54.779864 0.000000 -86.681713 97.979847 0.000000 16.878158 0.011508 
25 144.891045 0.000000 -174.684570 98.400357 0.000000 17.127462 0.002402 
26 235.002226 0.000000 -86.681713 98.525600 0.000000 16.688623 0.001420 
27 144.891045 0.000000 1.321144 99.634369 0.000000 9.935748 -0.002573 
28 -125.442497 0.000000 177.326858 98.543635 0.000000 17.373158 -0.001267 
29 -305.664859 0.000000 177.326858 98.497031 0.000000 17.375751 -0.000358 
30 -125.442497 0.000000 353.332572 98.513880 0.000000 17.355571 -0.000620 
31 -35.331316 0.000000 -86.681713 98.288808 0.000000 17.412779 0.003611 
32 -125.442497 0.000000 -86.681713 98.437168 0.000000 17.413535 0.000689 
33 -35.331316 0.000000 -174.684570 98.378542 0.000000 17.345346 0.002080 
34 -35.331316 0.000000 1.321144 98.527963 0.000000 17.647063 -0.001918 
35 144.891045 0.000000 89.324001 98.846217 0.000000 16.092916 -0.002956 
36 54.779864 0.000000 89.324001 99.116276 0.000000 16.773174 -0.010538 
37 235.002226 0.000000 89.324001 98.811756 0.000000 15.670442 -0.000933 
38 144.891045 0.000000 177.326858 98.638672 0.000000 17.021875 -0.001933 
39 99.835455 0.000000 -42.680284 98.123334 0.000000 15.016265 0.014632 
40 54.779864 0.000000 -42.680284 96.862719 0.000000 15.920244 0.036416 
41 99.835455 0.000000 -86.681713 98.189491 0.000000 16.561026 0.008456 
42 144.891045 0.000000 -42.680284 98.575384 0.000000 15.387600 0.004612 
43 99.835455 0.000000 1.321144 99.433054 0.000000 8.337289 0.004356 
44 -35.331316 0.000000 89.324001 98.726184 0.000000 17.390075 -0.004927 
45 -125.442497 0.000000 89.324001 98.545035 0.000000 17.408593 -0.001418 
46 -35.331316 0.000000 177.326858 98.609790 0.000000 17.329575 -0.002420 
47 9.724274 0.000000 -42.680284 97.777619 0.000000 17.568158 0.013090 
48 -35.331316 0.000000 -42.680284 98.308730 0.000000 17.546980 0.002750 
49 9.724274 0.000000 -86.681713 98.094415 0.000000 17.278742 0.007893 
50 9.724274 0.000000 1.321144 98.681276 0.000000 18.506308 -0.008048 
51 99.835455 0.000000 45.322573 99.398823 0.000000 14.522279 -0.009102 
52 54.779864 0.000000 45.322573 100.320934 0.000000 15.831222 -0.031492 
53 144.891045 0.000000 45.322573 99.126079 0.000000 14.141366 -0.002596 
54 99.835455 0.000000 89.324001 98.987836 0.000000 16.324608 -0.006508 
55 77.307660 0.000000 -20.679570 97.427449 0.000000 12.065436 0.036232 
56 54.779864 0.000000 -20.679570 94.297916 0.000000 13.451590 0.092696 
57 77.307660 0.000000 -42.680284 97.520882 0.000000 15.085472 0.026211 
58 99.835455 0.000000 -20.679570 98.456974 0.000000 12.763065 0.014333 
59 77.307660 0.000000 1.321144 99.371406 0.000000 6.984966 0.007653 
60 9.724274 0.000000 45.322573 99.323810 0.000000 17.475857 -0.017062 
61 -35.331316 0.000000 45.322573 98.728986 0.000000 17.524856 -0.005453 
62 9.724274 0.000000 89.324001 98.949059 0.000000 17.227381 -0.008770 
63 32.252069 0.000000 -20.679570 95.904449 0.000000 18.171764 0.047212 
64 9.724274 0.000000 -20.679570 97.835812 0.000000 18.119078 0.009985 
65 32.252069 0.000000 -42.680284 97.103954 0.000000 17.139063 0.027707 
66 32.252069 0.000000 1.321144 99.839346 0.000000 21.915625 -0.044819 
67 77.307660 0.000000 23.321858 100.380576 0.000000 12.148525 -0.022385 
68 54.779864 0.000000 23.321858 102.598614 0.000000 13.918816 -0.072021 
69 99.835455 0.000000 23.321858 99.553918 0.000000 12.100734 -0.005741 
70 77.307660 0.000000 45.322573 99.863189 0.000000 14.881573 -0.019412 
71 66.043762 0.000000 -9.679213 96.968810 0.000000 -10.215857 0.049269 
72 54.779864 0.000000 -9.679213 97.890076 0.000000 -5.810429 0.038377 
73 66.043762 0.000000 -20.679570 96.095329 0.000000 12.051034 0.062046 
74 77.307660 0.000000 -9.679213 98.082432 0.000000 9.046126 0.029800 
75 66.043762 0.000000 1.321144 97.088178 0.000000 -9.460995 0.048438 
76 32.252069 0.000000 23.321858 101.227630 0.000000 17.709058 -0.056064 
77 9.724274 0.000000 23.321858 99.378692 0.000000 17.990879 -0.019980 
78 32.252069 0.000000 45.322573 100.000980 0.000000 17.002156 -0.028927 
79 43.515967 0.000000 -9.679213 98.578673 0.000000 -3.353949 0.027100 
80 32.252069 0.000000 -9.679213 95.908637 0.000000 20.330410 0.038821 
81 43.515967 0.000000 -20.679570 94.128325 0.000000 16.442595 0.086950 
82 43.515967 0.000000 1.321144 98.583759 0.000000 -3.203078 0.027098 
83 66.043762 0.000000 12.321501 101.905989 0.000000 9.054186 -0.046681 
84 54.779864 0.000000 12.321501 105.489053 0.000000 10.678116 -0.124196 
85 77.307660 0.000000 12.321501 100.242467 0.000000 9.505478 -0.013891 
86 66.043762 0.000000 23.321858 101.421816 0.000000 12.517837 -0.044308 
87 60.411813 0.000000 -4.179034 97.525275 0.000000 -7.347774 0.043483 
88 54.779864 0.000000 -4.179034 98.027347 0.000000 -5.247712 0.036310 
89 60.411813 0.000000 -9.679213 97.487783 0.000000 -7.447805 0.044066 
90 66.043762 0.000000 -4.179034 97.080220 0.000000 -9.491175 0.048535 
91 60.411813 0.000000 1.321144 97.590647 0.000000 -7.095369 0.042572 
92 325.113407 0.000000 -86.681713 98.544831 0.000000 16.842511 0.000525 
93 325.113407 0.000000 -174.684570 98.485662 0.000000 17.154632 0.000629 
94 415.224588 0.000000 -86.681713 98.541301 0.000000 16.941583 0.000259 
95 325.113407 0.000000 1.321144 98.912719 0.000000 14.852697 -0.000433 
96 189.946636 0.000000 -42.680284 98.663188 0.000000 15.743737 0.001771 
97 189.946636 0.000000 -86.681713 98.486186 0.000000 16.610634 0.002456 
98 235.002226 0.000000 -42.680284 98.664390 0.000000 15.987101 0.000975 
99 189.946636 0.000000 1.321144 99.397241 0.000000 11.893542 -0.002127 
100 122.363250 0.000000 -20.679570 98.770363 0.000000 13.367375 0.006573 
101 122.363250 0.000000 -42.680284 98.436501 0.000000 15.185416 0.007966 
102 144.891045 0.000000 -20.679570 98.874725 0.000000 13.871077 0.003138 
103 122.363250 0.000000 1.321144 99.548827 0.000000 9.028866 0.000851 
104 88.571557 0.000000 -9.679213 98.643902 0.000000 9.937633 0.017062 
105 88.571557 0.000000 -20.679570 98.107003 0.000000 12.409900 0.022101 
106 99.835455 0.000000 -9.679213 98.894971 0.000000 10.572653 0.010800 
107 88.571557 0.000000 1.321144 99.374720 0.000000 7.859143 0.006290 
108 71.675711 0.000000 -4.179034 96.300437 0.000000 -13.723430 0.053789 
109 71.675711 0.000000 -9.679213 97.505168 0.000000 8.413643 0.042195 
110 77.307660 0.000000 -4.179034 98.703902 0.000000 7.490371 0.020143 
111 71.675711 0.000000 1.321144 96.305036 0.000000 -13.706963 0.053746 
112 43.515967 0.000000 12.321501 106.066530 0.000000 16.639196 -0.152697 
113 32.252069 0.000000 12.321501 101.825407 0.000000 19.216200 -0.073768 
114 43.515967 0.000000 23.321858 102.562203 0.000000 16.216916 -0.078199 
115 60.411813 0.000000 6.821323 97.510658 0.000000 -7.345799 0.043771 
116 54.779864 0.000000 6.821323 98.015417 0.000000 -5.351814 0.036434 
117 66.043762 0.000000 6.821323 96.987980 0.000000 -10.136883 0.049058 
118 60.411813 0.000000 12.321501 103.578003 0.000000 9.337380 -0.081559 
119 63.227788 0.000000 -1.428945 97.323677 0.000000 -8.296156 0.045928 
120 60.411813 0.000000 -1.428945 97.668064 0.000000 -8.616004 0.038671 
121 63.227788 0.000000 -4.179034 97.339567 0.000000 -8.208310 0.045763 
122 66.043762 0.000000 -1.428945 97.066741 0.000000 -9.562878 0.048660 
123 63.227788 0.000000 1.321144 97.348774 0.000000 -8.173160 0.045642 
124 49.147916 0.000000 -4.179034 98.613049 0.000000 -2.640851 0.026849 
125 43.515967 0.000000 -4.179034 98.583793 0.000000 -3.194928 0.027103 
126 49.147916 0.000000 -9.679213 98.616378 0.000000 -2.533508 0.026839 
127 49.147916 0.000000 1.321144 98.612388 0.000000 -2.654654 0.026855 
128 57.595839 0.000000 -1.428945 98.536784 0.000000 -2.139388 0.028593 
129 54.779864 0.000000 -1.428945 98.413202 0.000000 -2.223526 0.030990 
130 57.595839 0.000000 -4.179034 97.848992 0.000000 -6.013759 0.038941 
131 57.595839 0.000000 1.321144 97.861011 0.000000 -5.954874 0.038776 
132 144.891045 0.000000 -262.687427 98.432474 0.000000 17.268352 0.001285 
133 54.779864 0.000000 -262.687427 98.417776 0.000000 17.303760 0.001452 
134 144.891045 0.000000 -350.690284 98.450432 0.000000 17.313956 0.000774 
135 235.002226 0.000000 -262.687427 98.455022 0.000000 17.254978 0.000887 
136 99.835455 0.000000 -130.683141 98.290412 0.000000 16.991263 0.005029 
137 54.779864 0.000000 -130.683141 98.236288 0.000000 17.119060 0.005657 
138 99.835455 0.000000 -174.684570 98.356910 0.000000 17.161292 0.003141 
139 144.891045 0.000000 -130.683141 98.369224 0.000000 16.934219 0.003673 
140 77.307660 0.000000 -64.680999 97.854620 0.000000 16.187307 0.016244 
141 54.779864 0.000000 -64.680999 97.635247 0.000000 16.578644 0.019251 
142 77.307660 0.000000 -86.681713 98.060756 0.000000 16.675354 0.010602 
143 99.835455 0.000000 -64.680999 98.126594 0.000000 16.042433 0.011381 
144 66.043762 0.000000 -31.679927 96.647128 0.000000 14.269551 0.045571 
145 54.779864 0.000000 -31.679927 95.994018 0.000000 15.161182 0.055529 
146 66.043762 0.000000 -42.680284 97.144592 0.000000 15.382770 0.032630 
147 77.307660 0.000000 -31.679927 97.371072 0.000000 13.964674 0.032386 
148 60.411813 0.000000 -15.179392 94.484942 0.000000 10.411662 0.096419 
149 54.779864 0.000000 -15.179392 92.833451 0.000000 11.625022 0.124681 
150 60.411813 0.000000 -20.679570 95.165016 0.000000 12.490011 0.078762 
151 66.043762 0.000000 -15.179392 95.989494 0.000000 10.157722 0.068284 
152 63.227788 0.000000 -6.929124 97.289268 0.000000 -8.408992 0.046409 
153 60.411813 0.000000 -6.929124 97.542935 0.000000 -7.252578 0.043278 
154 63.227788 0.000000 -9.679213 97.193697 0.000000 -8.919159 0.047383 
155 66.043762 0.000000 -6.929124 97.115508 0.000000 -9.311419 0.048188 
156 61.819800 0.000000 -2.803990 97.448574 0.000000 -7.733733 0.044396 
157 60.411813 0.000000 -2.803990 97.573555 0.000000 -7.175217 0.042792 
158 61.819800 0.000000 -4.179034 97.458723 0.000000 -7.678910 0.044283 
159 63.227788 0.000000 -2.803990 97.326798 0.000000 -8.276726 0.045899 
160 61.819800 0.000000 -1.428945 96.423584 0.000000 -12.864906 0.053699 
161 325.113407 0.000000 89.324001 98.895649 0.000000 15.057919 -0.000709 
162 415.224588 0.000000 89.324001 99.075389 0.000000 14.009426 -0.001220 
163 325.113407 0.000000 177.326858 98.591283 0.000000 16.839318 -0.000380 
164 189.946636 0.000000 45.322573 99.176075 0.000000 13.539027 -0.001920 
165 235.002226 0.000000 45.322573 99.328574 0.000000 12.602614 -0.002499 
166 189.946636 0.000000 89.324001 98.805516 0.000000 15.899025 -0.001531 
167 122.363250 0.000000 23.321858 99.407200 0.000000 11.909824 -0.002364 
168 144.891045 0.000000 23.321858 99.495804 0.000000 11.450946 -0.003054 
169 122.363250 0.000000 45.322573 99.181337 0.000000 14.341922 -0.004263 
170 88.571557 0.000000 12.321501 99.728430 0.000000 9.835154 -0.004249 
171 99.835455 0.000000 12.321501 99.574094 0.000000 9.924335 -0.001349 
172 88.571557 0.000000 23.321858 99.818118 0.000000 12.115710 -0.011045 
173 71.675711 0.000000 6.821323 100.370005 0.000000 7.377438 -0.012856 
174 77.307660 0.000000 6.821323 99.908925 0.000000 7.951008 -0.004501 
175 71.675711 0.000000 12.321501 100.839084 0.000000 9.247094 -0.025403 
176 68.859736 0.000000 -1.428945 96.893125 0.000000 -10.574656 0.049990 
177 68.859736 0.000000 -4.179034 96.900912 0.000000 -10.535993 0.049921 
178 71.675711 0.000000 -1.428945 96.298701 0.000000 -13.730229 0.053804 
179 68.859736 0.000000 1.321144 96.907248 0.000000 -10.511243 0.049850 
180 64.635775 0.000000 -2.803990 97.205442 0.000000 -8.838254 0.047299 
181 64.635775 0.000000 -4.179034 97.218294 0.000000 -8.770056 0.047169 
182 66.043762 0.000000 -2.803990 97.069347 0.000000 -9.547431 0.048639 
183 64.635775 0.000000 -1.428945 97.202149 0.000000 -8.858149 0.047328 
184 63.227788 0.000000 4.071233 97.306591 0.000000 -8.338639 0.046189 
185 60.411813 0.000000 4.071233 97.562247 0.000000 -7.167751 0.043023 
186 66.043762 0.000000 4.071233 97.129461 0.000000 -9.256162 0.048019 
187 63.227788 0.000000 6.821323 97.216099 0.000000 -8.823935 0.047117 
188 61.819800 0.000000 -0.053901 97.454093 0.000000 -7.711813 0.044323 
189 60.411813 0.000000 -0.053901 97.579802 0.000000 -7.148407 0.042708 
190 63.227788 0.000000 -0.053901 97.331638 0.000000 -8.258654 0.045835 
191 61.819800 0.000000 1.321144 97.469050 0.000000 -7.637227 0.044146 
192 62.523794 0.000000 -2.116467 97.350431 0.000000 -8.164725 0.045623 
193 61.819800 0.000000 -2.116467 95.325579 0.000000 -16.924134 0.062661 
194 62.523794 0.000000 -2.803990 97.352808 0.000000 -8.150480 0.045600 
195 63.227788 0.000000 -2.116467 97.323866 0.000000 -8.293440 0.045928 
196 62.523794 0.000000 -1.428945 97.350548 0.000000 -8.166060 0.045619 
197 57.595839 0.000000 -6.929124 97.763138 0.000000 -6.311188 0.040254 
198 54.779864 0.000000 -6.929124 98.009535 0.000000 -5.356029 0.036544 
199 57.595839 0.000000 -9.679213 97.645461 0.000000 -6.736769 0.041998 
200 59.003826 0.000000 -2.803990 98.067095 0.000000 -5.196197 0.035584 
201 57.595839 0.000000 -2.803990 98.188120 0.000000 -3.968444 0.034334 
202 59.003826 0.000000 -4.179034 97.697782 0.000000 -6.622593 0.041128 
203 59.003826 0.000000 -1.428945 98.458624 0.000000 -3.459356 0.029393 
204 61.115807 0.000000 -2.116467 96.707192 0.000000 -12.591994 0.048916 
205 60.411813 0.000000 -2.116467 97.626557 0.000000 -8.784153 0.039189 
206 61.115807 0.000000 -2.803990 97.483226 0.000000 -7.562389 0.043983 
207 61.115807 0.000000 -1.428945 97.212808 0.000000 -10.542960 0.043852 
208 64.635775 0.000000 -0.053901 97.209807 0.000000 -8.822330 0.047242 
209 66.043762 0.000000 -0.053901 97.073460 0.000000 -9.532075 0.048588 
210 64.635775 0.000000 1.321144 97.226696 0.000000 -8.738724 0.047060 
211 62.523794 0.000000 -0.741423 97.353222 0.000000 -8.154042 0.045586 
212 61.819800 0.000000 -0.741423 97.449278 0.000000 -7.735079 0.044381 
213 63.227788 0.000000 -0.741423 97.326317 0.000000 -8.284347 0.045896 
214 62.523794 0.000000 -0.053901 97.358303 0.000000 -8.129333 0.045527 
215 62.171797 0.000000 -1.772706 95.193590 0.000000 -16.894995 0.065274 
216 61.819800 0.000000 -1.772706 95.436122 0.000000 -16.598771 0.061643 
217 62.171797 0.000000 -2.116467 95.065671 0.000000 -17.413384 0.065929 
218 62.523794 0.000000 -1.772706 97.350169 0.000000 -8.167060 0.045624 
219 62.171797 0.000000 -1.428945 97.430330 0.000000 -7.826861 0.044607 
220 49.147916 0.000000 6.821323 98.615315 0.000000 -2.557877 0.026848 
221 43.515967 0.000000 6.821323 98.578842 0.000000 -3.357798 0.027094 
222 49.147916 0.000000 12.321501 106.714769 0.000000 13.346552 -0.156617 
223 51.963890 0.000000 -1.428945 98.403148 0.000000 -3.038736 0.030759 
224 49.147916 0.000000 -1.428945 98.555128 0.000000 -3.066833 0.027748 
225 51.963890 0.000000 -4.179034 98.120334 0.000000 -4.879046 0.034859 
226 51.963890 0.000000 1.321144 98.132798 0.000000 -4.822625 0.034670 
227 -35.331316 0.000000 -262.687427 98.425677 0.000000 17.342826 0.001161 
228 -125.442497 0.000000 -262.687427 98.444445 0.000000 17.364286 0.000717 
229 -35.331316 0.000000 -350.690284 98.447501 0.000000 17.347567 0.000715 
230 9.724274 0.000000 -130.683141 98.255654 0.000000 17.274604 0.004741 
231 -35.331316 0.000000 -130.683141 98.328649 0.000000 17.365986 0.002990 
232 9.724274 0.000000 -174.684570 98.349636 0.000000 17.295251 0.002822 
233 32.252069 0.000000 -64.680999 97.708659 0.000000 17.053138 0.016221 
234 9.724274 0.000000 -64.680999 97.942347 0.000000 17.349657 0.010629 
235 32.252069 0.000000 -86.681713 97.998112 0.000000 17.108757 0.010366 
236 43.515967 0.000000 -31.679927 95.965956 0.000000 16.443393 0.052015 
237 32.252069 0.000000 -31.679927 96.588289 0.000000 17.385091 0.036846 
238 43.515967 0.000000 -42.680284 96.844431 0.000000 16.584702 0.034610 
239 49.147916 0.000000 -15.179392 91.810076 0.000000 13.943729 0.137648 
240 43.515967 0.000000 -15.179392 92.286786 0.000000 16.718779 0.120363 
241 49.147916 0.000000 -20.679570 93.861978 0.000000 14.892794 0.096813 
242 51.963890 0.000000 -6.929124 98.091932 0.000000 -5.021513 0.035276 
243 49.147916 0.000000 -6.929124 98.625072 0.000000 -2.484626 0.026692 
244 51.963890 0.000000 -9.679213 98.619353 0.000000 -2.520614 0.026787 
245 53.371877 0.000000 -2.803990 98.281541 0.000000 -3.466610 0.032872 
246 51.963890 0.000000 -2.803990 98.336533 0.000000 -3.406758 0.031832 
247 53.371877 0.000000 -4.179034 98.077767 0.000000 -5.039871 0.035535 
248 54.779864 0.000000 -2.803990 98.333915 0.000000 -2.853077 0.032230 
249 53.371877 0.000000 -1.428945 98.498623 0.000000 -1.860906 0.029456 
250 -215.553678 0.000000 -86.681713 98.467005 0.000000 17.392469 0.000175 
251 -305.664859 0.000000 -86.681713 98.475310 0.000000 17.381772 0.000049 
252 -215.553678 0.000000 -174.684570 98.458790 0.000000 17.380401 0.000379 
253 -215.553678 0.000000 1.321144 98.486339 0.000000 17.398360 -0.000226 
254 -80.386907 0.000000 -42.680284 98.422669 0.000000 17.481577 0.000737 
255 -125.442497 0.000000 -42.680284 98.458654 0.000000 17.432179 0.000201 
256 -80.386907 0.000000 -86.681713 98.390514 0.000000 17.428492 0.001555 
257 -80.386907 0.000000 1.321144 98.503147 0.000000 17.507410 -0.000938 
258 -12.803521 0.000000 -20.679570 98.269489 0.000000 17.776270 0.002711 
259 -35.331316 0.000000 -20.679570 98.393781 0.000000 17.621475 0.000815 
260 -12.803521 0.000000 -42.680284 98.143713 0.000000 17.591604 0.005835 
261 -12.803521 0.000000 1.321144 98.563854 0.000000 17.866735 -0.003405 
262 20.988172 0.000000 -9.679213 97.703207 0.000000 19.062428 0.009071 
263 9.724274 0.000000 -9.679213 98.163197 0.000000 18.413348 0.002494 
264 20.988172 0.000000 -20.679570 97.224739 0.000000 18.309264 0.021212 
265 20.988172 0.000000 1.321144 98.885645 0.000000 19.356413 -0.015304 
266 37.884018 0.000000 -4.179034 98.580445 0.000000 -3.446271 0.027002 
267 32.252069 0.000000 -4.179034 97.346800 0.000000 21.764105 0.004992 
268 37.884018 0.000000 -9.679213 98.591730 0.000000 -3.452385 0.026775 
269 37.884018 0.000000 1.321144 98.580475 0.000000 -3.446452 0.027001 
270 46.331941 0.000000 -1.428945 98.573522 0.000000 -3.307865 0.027232 
271 43.515967 0.000000 -1.428945 98.660721 0.000000 -3.247894 0.025551 
272 46.331941 0.000000 -4.179034 98.608759 0.000000 -2.714233 0.026895 
273 46.331941 0.000000 1.321144 98.607895 0.000000 -2.736789 0.026899 
274 46.331941 0.000000 -6.929124 98.596294 0.000000 -2.882180 0.027046 
275 43.515967 0.000000 -6.929124 98.583894 0.000000 -3.176723 0.027112 
276 46.331941 0.000000 -9.679213 98.584134 0.000000 -3.137956 0.027132 
277 47.739928 0.000000 -2.803990 98.596701 0.000000 -2.884619 0.027037 
278 46.331941 0.000000 -2.803990 98.607932 0.000000 -2.734400 0.026900 
279 47.739928 0.000000 -4.179034 98.619609 0.000000 -2.590372 0.026746 
280 49.147916 0.000000 -2.803990 98.561269 0.000000 -2.996905 0.027669 
281 47.739928 0.000000 -1.428945 98.568469 0.000000 -3.203594 0.027399 
282 -215.553678 0.000000 89.324001 98.504844 0.000000 17.390829 -0.000565 
283 -305.664859 0.000000 89.324001 98.492295 0.000000 17.381054 -0.000283 
284 -215.553678 0.000000 177.326858 98.511269 0.000000 17.377913 -0.000646 
285 -80.386907 0.000000 45.322573 98.579472 0.000000 17.474972 -0.002329 
286 -125.442497 0.000000 45.322573 98.526421 0.000000 17.429148 -0.001123 
287 -80.386907 0.000000 89.324001 98.604294 0.000000 17.419451 -0.002624 
288 -12.803521 0.000000 23.321858 98.835535 0.000000 17.744687 -0.008334 
289 -35.331316 0.000000 23.321858 98.655299 0.000000 17.604837 -0.004280 
290 -12.803521 0.000000 45.322573 98.924693 0.000000 17.546763 -0.009398 
291 20.988172 0.000000 12.321501 99.834551 0.000000 18.772782 -0.031935 
292 9.724274 0.000000 12.321501 99.147040 0.000000 18.314846 -0.016557 
293 20.988172 0.000000 23.321858 100.037697 0.000000 18.045121 -0.033317 
294 37.884018 0.000000 6.821323 98.588352 0.000000 -3.479601 0.026823 
295 32.252069 0.000000 6.821323 101.472572 0.000000 20.597340 -0.072093 
296 37.884018 0.000000 12.321501 103.851590 0.000000 18.712268 -0.113530 
297 40.699992 0.000000 -1.428945 98.579333 0.000000 -3.370700 0.027075 
298 37.884018 0.000000 -1.428945 98.580485 0.000000 -3.446515 0.027001 
299 40.699992 0.000000 -4.179034 98.579227 0.000000 -3.367864 0.027079 
300 40.699992 0.000000 1.321144 98.579304 0.000000 -3.369959 0.027076 
301 46.331941 0.000000 4.071233 98.609691 0.000000 -2.694936 0.026887 
302 43.515967 0.000000 4.071233 98.583835 0.000000 -3.188460 0.027106 
303 49.147916 0.000000 4.071233 98.613547 0.000000 -2.637486 0.026841 
304 46.331941 0.000000 6.821323 98.596681 0.000000 -2.872627 0.027044 
305 44.923954 0.000000 -0.053901 98.594040 0.000000 -2.969552 0.027040 
306 43.515967 0.000000 -0.053901 98.593720 0.000000 -2.984811 0.027037 
307 44.923954 0.000000 -1.428945 98.584259 0.000000 -3.616948 0.026806 
308 46.331941 0.000000 -0.053901 98.607457 0.000000 -2.746952 0.026902 
309 44.923954 0.000000 1.321144 98.594237 0.000000 -2.962213 0.027040 
310 40.699992 0.000000 4.071233 98.579158 0.000000 -3.366199 0.027082 
311 37.884018 0.000000 4.071233 98.584087 0.000000 -3.475451 0.026910 
312 40.699992 0.000000 6.821323 98.580333 0.000000 -3.445567 0.027005 
313 42.107980 0.000000 -0.053901 98.583700 0.000000 -3.210092 0.027095 
314 40.699992 0.000000 -0.053901 98.579336 0.000000 -3.370797 0.027075 
315 42.107980 0.000000 -1.428945 98.583702 0.000000 -3.209803 0.027095 
316 42.107980 0.000000 1.321144 98.583719 0.000000 -3.207020 0.027097 
317 44.923954 0.000000 -2.803990 98.594262 0.000000 -2.960381 0.027041 
318 43.515967 0.000000 -2.803990 98.593930 0.000000 -2.976315 0.027038 
319 44.923954 0.000000 -4.179034 98.594645 0.000000 -2.945676 0.027042 
320 44.219960 0.000000 -0.741423 98.618844 0.000000 -3.395312 0.026280 
321 43.515967 0.000000 -0.741423 98.593700 0.000000 -2.985542 0.027037 
322 44.219960 0.000000 -1.428945 98.633079 0.000000 -3.458767 0.025955 
323 44.923954 0.000000 -0.741423 98.583513 0.000000 -3.398737 0.026974 
324 44.219960 0.000000 -0.053901 98.593850 0.000000 -2.978733 0.027038 
325 37.884018 0.000000 -15.179392 94.015299 0.000000 18.512946 0.081839 
326 32.252069 0.000000 -15.179392 95.667544 0.000000 19.014799 0.048616 
327 37.884018 0.000000 -20.679570 94.956950 0.000000 17.595719 0.067357 
328 40.699992 0.000000 -6.929124 98.580385 0.000000 -3.445823 0.027003 
329 37.884018 0.000000 -6.929124 98.584115 0.000000 -3.475823 0.026909 
330 40.699992 0.000000 -9.679213 98.584182 0.000000 -3.476702 0.026907 
331 42.107980 0.000000 -2.803990 98.583723 0.000000 -3.206155 0.027097 
332 40.699992 0.000000 -2.803990 98.579295 0.000000 -3.369669 0.027077 
333 42.107980 0.000000 -4.179034 98.583760 0.000000 -3.199792 0.027100 
334 42.811973 0.000000 -0.741423 98.583719 0.000000 -3.209245 0.027095 
335 42.107980 0.000000 -0.741423 98.583699 0.000000 -3.210384 0.027095 
336 42.811973 0.000000 -1.428945 98.583722 0.000000 -3.208617 0.027095 
337 42.811973 0.000000 -0.053901 98.583721 0.000000 -3.208934 0.027095 
338 42.811973 0.000000 -2.116467 98.583729 0.000000 -3.207077 0.027096 
339 42.107980 0.000000 -2.116467 98.583710 0.000000 -3.208371 0.027096 
340 42.811973 0.000000 -2.803990 98.583741 0.000000 -3.204702 0.027098 
341 43.515967 0.000000 -2.116467 98.593807 0.000000 -2.981186 0.027037 
342 43.163970 0.000000 -1.085184 98.648859 0.000000 -3.207676 0.025811 
343 42.811973 0.000000 -1.085184 98.583720 0.000000 -3.209048 0.027095 
344 43.163970 0.000000 -1.428945 98.560267 0.000000 -3.380679 0.027444 
345 43.515967 0.000000 -1.085184 98.655795 0.000000 -3.254164 0.025644 
346 43.163970 0.000000 -0.741423 98.583730 0.000000 -3.208220 0.027096 
347 26.620120 0.000000 -4.179034 97.999979 0.000000 20.178530 -0.001117 
348 20.988172 0.000000 -4.179034 98.242170 0.000000 19.326106 -0.002502 
349 26.620120 0.000000 -9.679213 97.132612 0.000000 19.619079 0.018035 
350 26.620120 0.000000 1.321144 99.152011 0.000000 20.239980 -0.024078 
351 35.068044 0.000000 -1.428945 98.588114 0.000000 -3.478640 0.026828 
352 32.252069 0.000000 -1.428945 98.494876 0.000000 -3.501346 0.028650 
353 35.068044 0.000000 -4.179034 98.588179 0.000000 -3.478916 0.026827 
354 35.068044 0.000000 1.321144 98.588126 0.000000 -3.478693 0.026828 
355 39.292005 0.000000 -0.053901 98.579274 0.000000 -3.370048 0.027077 
356 37.884018 0.000000 -0.053901 98.580486 0.000000 -3.446523 0.027001 
357 39.292005 0.000000 -1.428945 98.579272 0.000000 -3.369965 0.027077 
358 39.292005 0.000000 1.321144 98.580524 0.000000 -3.446645 0.027000 
359 41.403986 0.000000 -0.741423 98.583684 0.000000 -3.210514 0.027095 
360 40.699992 0.000000 -0.741423 98.579339 0.000000 -3.370870 0.027075 
361 41.403986 0.000000 -1.428945 98.583687 0.000000 -3.209980 0.027095 
362 41.403986 0.000000 -0.053901 98.583686 0.000000 -3.210245 0.027095 
363 42.459976 0.000000 -1.085184 98.583709 0.000000 -3.209766 0.027095 
364 42.107980 0.000000 -1.085184 98.583700 0.000000 -3.210203 0.027095 
365 42.459976 0.000000 -1.428945 98.583711 0.000000 -3.209351 0.027095 
366 42.459976 0.000000 -0.741423 98.583708 0.000000 -3.209956 0.027095 
367 44.219960 0.000000 -2.116467 98.589621 0.000000 -3.308614 0.026914 
368 44.219960 0.000000 -2.803990 98.594066 0.000000 -2.969833 0.027039 
369 44.923954 0.000000 -2.116467 98.583411 0.000000 -3.386457 0.026984 
370 43.163970 0.000000 -1.772706 98.583736 0.000000 -3.206889 0.027096 
371 42.811973 0.000000 -1.772706 98.583725 0.000000 -3.207958 0.027096 
372 43.163970 0.000000 -2.116467 98.583740 0.000000 -3.205981 0.027097 
373 43.515967 0.000000 -1.772706 98.651107 0.000000 -3.253964 0.025737 
374 42.987972 0.000000 -1.257065 98.537827 0.000000 -3.417715 0.027862 
375 42.811973 0.000000 -1.257065 98.583721 0.000000 -3.208862 0.027095 
376 42.987972 0.000000 -1.428945 98.543781 0.000000 -3.406034 0.027752 
377 43.163970 0.000000 -1.257065 98.553185 0.000000 -3.393943 0.027575 
378 42.987972 0.000000 -1.085184 98.583725 0.000000 -3.208573 0.027095 
379 39.292005 0.000000 -2.803990 98.580521 0.000000 -3.446619 0.027000 
380 37.884018 0.000000 -2.803990 98.580472 0.000000 -3.446429 0.027001 
381 39.292005 0.000000 -4.179034 98.580486 0.000000 -3.446423 0.027001 
382 41.403986 0.000000 -2.116467 98.583696 0.000000 -3.208662 0.027096 
383 40.699992 0.000000 -2.116467 98.579318 0.000000 -3.370295 0.027076 
384 41.403986 0.000000 -2.803990 98.583710 0.000000 -3.206617 0.027097 
385 42.459976 0.000000 -1.772706 98.583715 0.000000 -3.208715 0.027096 
386 42.107980 0.000000 -1.772706 98.583706 0.000000 -3.209190 0.027095 
387 42.459976 0.000000 -2.116467 98.583719 0.000000 -3.207864 0.027096 
388 42.987972 0.000000 -1.600826 98.583729 0.000000 -3.207828 0.027096 
389 42.811973 0.000000 -1.600826 98.583723 0.000000 -3.208316 0.027096 
390 42.987972 0.000000 -1.772706 98.583730 0.000000 -3.207464 0.027096 
391 43.163970 0.000000 -1.600826 98.648431 0.000000 -3.207476 0.025820 
392 43.867964 0.000000 -1.085184 98.645372 0.000000 -3.374889 0.025770 
393 43.867964 0.000000 -1.428945 98.646504 0.000000 -3.465120 0.025686 
394 44.219960 0.000000 -1.085184 98.627205 0.000000 -3.439556 0.026084 
395 43.867964 0.000000 -0.741423 98.633828 0.000000 -3.287301 0.026056 
396 43.339968 0.000000 -1.257065 98.664451 0.000000 -3.223366 0.025494 
397 43.339968 0.000000 -1.428945 98.663717 0.000000 -3.225124 0.025507 
398 43.515967 0.000000 -1.257065 98.661052 0.000000 -3.245999 0.025546 
399 43.339968 0.000000 -1.085184 98.656337 0.000000 -3.235621 0.025646 
400 43.075971 0.000000 -1.343005 98.505899 0.000000 -3.480510 0.028447 
401 42.987972 0.000000 -1.343005 98.532272 0.000000 -3.428697 0.027964 
402 43.075971 0.000000 -1.428945 98.541269 0.000000 -3.413258 0.027797 
403 43.163970 0.000000 -1.343005 98.546983 0.000000 -3.405856 0.027689 
404 43.075971 0.000000 -1.257065 98.529200 0.000000 -3.436254 0.028019 
405 325.113407 0.000000 -262.687427 98.471338 0.000000 17.257121 0.000559 
406 325.113407 0.000000 -350.690284 98.468994 0.000000 17.302136 0.000449 
407 415.224588 0.000000 -262.687427 98.480491 0.000000 17.264779 0.000352 
408 -215.553678 0.000000 -262.687427 98.459323 0.000000 17.371128 0.000401 
409 -305.664859 0.000000 -262.687427 98.468198 0.000000 17.372034 0.000223 
410 -215.553678 0.000000 -350.690284 98.462782 0.000000 17.366028 0.000350 
411 189.946636 0.000000 -130.683141 98.437608 0.000000 16.947417 0.002282 
412 189.946636 0.000000 -174.684570 98.434629 0.000000 17.121863 0.001747 
413 235.002226 0.000000 -130.683141 98.478146 0.000000 16.983736 0.001361 
414 -80.386907 0.000000 -130.683141 98.395041 0.000000 17.389408 0.001602 
415 -125.442497 0.000000 -130.683141 98.430365 0.000000 17.393743 0.000892 
416 -80.386907 0.000000 -174.684570 98.409013 0.000000 17.369718 0.001396 
417 122.363250 0.000000 -64.680999 98.326235 0.000000 16.054116 0.007422 
418 122.363250 0.000000 -86.681713 98.308490 0.000000 16.527885 0.006227 
419 144.891045 0.000000 -64.680999 98.446702 0.000000 16.125405 0.004822 
420 -12.803521 0.000000 -64.680999 98.152056 0.000000 17.450563 0.006165 
421 -35.331316 0.000000 -64.680999 98.280804 0.000000 17.469022 0.003572 
422 -12.803521 0.000000 -86.681713 98.200668 0.000000 17.374316 0.005476 
423 88.571557 0.000000 -31.679927 97.891285 0.000000 13.986200 0.022168 
424 88.571557 0.000000 -42.680284 97.864880 0.000000 14.994242 0.019764 
425 99.835455 0.000000 -31.679927 98.223159 0.000000 14.124597 0.015271 
426 20.988172 0.000000 -31.679927 97.265461 0.000000 17.758664 0.022406 
427 9.724274 0.000000 -31.679927 97.747601 0.000000 17.790982 0.012889 
428 20.988172 0.000000 -42.680284 97.458741 0.000000 17.458610 0.019699 
429 71.675711 0.000000 -15.179392 97.012719 0.000000 10.369697 0.048100 
430 71.675711 0.000000 -20.679570 96.864104 0.000000 11.970165 0.047406 
431 77.307660 0.000000 -15.179392 97.651722 0.000000 10.692514 0.034981 
432 68.859736 0.000000 -6.929124 96.668886 0.000000 -11.892485 0.051370 
433 68.859736 0.000000 -9.679213 95.836689 0.000000 -15.659688 0.057010 
434 71.675711 0.000000 -6.929124 95.829065 0.000000 -15.684489 0.057079 
435 57.595839 0.000000 4.071233 97.826547 0.000000 -6.080302 0.039300 
436 54.779864 0.000000 4.071233 98.027924 0.000000 -5.267999 0.036277 
437 57.595839 0.000000 6.821323 97.731384 0.000000 -6.403253 0.040758 
438 56.187852 0.000000 -2.803990 98.218447 0.000000 -3.560979 0.034046 
439 56.187852 0.000000 -4.179034 97.968885 0.000000 -5.506136 0.037178 
440 56.187852 0.000000 -1.428945 98.447854 0.000000 -2.038131 0.030387 
441 59.003826 0.000000 -0.053901 97.704100 0.000000 -6.592323 0.041045 
442 57.595839 0.000000 -0.053901 98.140312 0.000000 -4.313157 0.034988 
443 59.003826 0.000000 1.321144 97.710209 0.000000 -6.565165 0.040961 
444 56.187852 0.000000 -0.053901 98.178462 0.000000 -3.886654 0.034588 
445 54.779864 0.000000 -0.053901 98.299577 0.000000 -3.136860 0.032735 
446 56.187852 0.000000 1.321144 97.980368 0.000000 -5.448520 0.037016 
447 68.859736 0.000000 4.071233 96.681098 0.000000 -11.845102 0.051246 
448 71.675711 0.000000 4.071233 95.835162 0.000000 -15.664882 0.057023 
449 68.859736 0.000000 6.821323 96.336028 0.000000 -13.592000 0.053463 
450 61.115807 0.000000 -0.741423 97.485159 0.000000 -7.557561 0.043953 
451 60.411813 0.000000 -0.741423 97.576039 0.000000 -7.166350 0.042756 
452 61.115807 0.000000 -0.053901 97.489430 0.000000 -7.536835 0.043901 
453 51.963890 0.000000 4.071233 98.111493 0.000000 -4.934252 0.034979 
454 51.963890 0.000000 6.821323 98.558611 0.000000 -2.953231 0.027748 
455 50.555903 0.000000 -2.803990 98.333062 0.000000 -3.824600 0.031598 
456 50.555903 0.000000 -4.179034 98.314919 0.000000 -4.106587 0.031731 
457 50.555903 0.000000 -1.428945 98.379200 0.000000 -3.568689 0.030880 
458 53.371877 0.000000 -0.053901 98.245438 0.000000 -3.764221 0.033366 
459 51.963890 0.000000 -0.053901 98.248044 0.000000 -4.146035 0.033013 
460 53.371877 0.000000 1.321144 98.089986 0.000000 -4.981402 0.035354 
461 50.555903 0.000000 -0.053901 98.320452 0.000000 -3.902048 0.031786 
462 49.147916 0.000000 -0.053901 98.562328 0.000000 -2.994362 0.027650 
463 50.555903 0.000000 1.321144 98.323035 0.000000 -4.071393 0.031600 
464 26.620120 0.000000 -15.179392 96.740302 0.000000 18.914416 0.028356 
465 20.988172 0.000000 -15.179392 97.368067 0.000000 18.684621 0.017034 
466 26.620120 0.000000 -20.679570 96.680741 0.000000 18.331647 0.031679 
467 35.068044 0.000000 -6.929124 98.581155 0.000000 -3.405653 0.027016 
468 32.252069 0.000000 -6.929124 96.435428 0.000000 21.101052 0.025495 
469 35.068044 0.000000 -9.679213 94.781954 0.000000 20.642408 0.059027 
470 47.739928 0.000000 -0.053901 98.597965 0.000000 -2.871855 0.027019 
471 47.739928 0.000000 1.321144 98.618515 0.000000 -2.612365 0.026756 
472 26.620120 0.000000 6.821323 100.092809 0.000000 19.757136 -0.040891 
473 20.988172 0.000000 6.821323 99.457124 0.000000 19.137702 -0.025797 
474 26.620120 0.000000 12.321501 100.563939 0.000000 19.064782 -0.047657 
475 35.068044 0.000000 4.071233 98.591321 0.000000 -3.451873 0.026784 
476 32.252069 0.000000 4.071233 100.847295 0.000000 21.344805 -0.062578 
477 35.068044 0.000000 6.821323 98.539016 0.000000 -3.428155 0.027831 
478 43.867964 0.000000 -1.772706 98.640138 0.000000 -3.334203 0.025901 
479 43.867964 0.000000 -2.116467 98.593865 0.000000 -2.978407 0.027038 
480 44.219960 0.000000 -1.772706 98.622655 0.000000 -3.425871 0.026184 
481 43.339968 0.000000 -1.600826 98.655947 0.000000 -3.237432 0.025652 
482 43.339968 0.000000 -1.772706 98.646040 0.000000 -3.133326 0.025914 
483 43.515967 0.000000 -1.600826 98.655551 0.000000 -3.257225 0.025647 
1 19 21 3 22 
2 20 19 22 9 
3 28 20 9 30 
4 29 28 30 4 
5 35 37 19 38 
6 36 35 38 20 
7 44 36 20 46 
8 45 44 46 28 
9 51 53 35 54 
10 52 51 54 36 
11 60 52 36 62 
12 61 60 62 44 
13 67 69 51 70 
14 68 67 70 52 
15 76 68 52 78 
16 77 76 78 60 
17 83 85 67 86 
18 84 83 86 68 
19 10 93 92 26 
20 93 13 94 92 
21 92 94 8 95 
22 26 92 95 14 
23 23 97 96 42 
24 97 26 98 96 
25 96 98 14 99 
26 42 96 99 27 
27 39 101 100 58 
28 101 42 102 100 
29 100 102 27 103 
30 58 100 103 43 
31 55 105 104 74 
32 105 58 106 104 
33 104 106 43 107 
34 74 104 107 59 
35 109 74 110 108 
36 108 110 59 111 
37 112 84 68 114 
38 113 112 114 76 
39 115 117 83 118 
40 116 115 118 84 
41 7 134 132 133 
42 134 12 135 132 
43 132 135 10 25 
44 133 132 25 11 
45 11 138 136 137 
46 138 25 139 136 
47 136 139 23 41 
48 137 136 41 24 
49 24 142 140 141 
50 142 41 143 140 
51 140 143 39 57 
52 141 140 57 40 
53 40 146 144 145 
54 146 57 147 144 
55 144 147 55 73 
56 145 144 73 56 
57 56 150 148 149 
58 150 73 151 148 
59 148 151 71 89 
60 149 148 89 72 
61 89 154 152 153 
62 154 71 155 152 
63 152 155 90 121 
64 153 152 121 87 
65 87 158 156 157 
66 158 121 159 156 
67 14 95 161 37 
68 95 8 162 161 
69 161 162 21 163 
70 37 161 163 19 
71 27 99 164 53 
72 99 14 165 164 
73 164 165 37 166 
74 53 164 166 35 
75 43 103 167 69 
76 103 27 168 167 
77 167 168 53 169 
78 69 167 169 51 
79 59 107 170 85 
80 107 43 171 170 
81 170 171 69 172 
82 85 170 172 67 
83 111 59 174 173 
84 173 174 85 175 
85 117 173 175 83 
86 90 177 176 122 
87 177 108 178 176 
88 176 178 111 179 
89 122 176 179 75 
90 121 181 180 159 
91 181 90 182 180 
92 180 182 122 183 
93 159 180 183 119 
94 91 123 184 185 
95 123 75 186 184 
96 184 186 117 187 
97 185 184 187 115 
98 188 190 123 191 
99 189 188 191 91 
100 156 194 192 193 
101 194 159 195 192 
102 192 195 119 196 
103 72 199 197 198 
104 199 89 153 197 
105 197 153 87 130 
106 198 197 130 88 
107 130 202 200 201 
108 202 87 157 200 
109 200 157 120 203 
110 201 200 203 128 
111 157 206 204 205 
112 206 156 193 204 
113 204 193 160 207 
114 205 204 207 120 
115 119 183 208 190 
116 183 122 209 208 
117 208 209 75 210 
118 190 208 210 123 
119 160 196 211 212 
120 196 119 213 211 
121 211 213 190 214 
122 212 211 214 188 
123 193 217 215 216 
124 217 192 218 215 
125 215 218 196 219 
126 216 215 219 160 
127 220 116 84 222 
128 221 220 222 112 
129 17 229 227 228 
130 229 7 133 227 
131 227 133 11 33 
132 228 227 33 15 
133 33 232 230 231 
134 232 11 137 230 
135 230 137 24 49 
136 231 230 49 31 
137 49 235 233 234 
138 235 24 141 233 
139 233 141 40 65 
140 234 233 65 47 
141 65 238 236 237 
142 238 40 145 236 
143 236 145 56 81 
144 237 236 81 63 
145 81 241 239 240 
146 241 56 149 239 
147 239 149 72 126 
148 240 239 126 79 
149 126 244 242 243 
150 244 72 198 242 
151 242 198 88 225 
152 243 242 225 124 
153 225 247 245 246 
154 247 88 248 245 
155 245 248 129 249 
156 246 245 249 223 
157 16 252 250 251 
158 252 15 32 250 
159 250 32 18 253 
160 251 250 253 6 
161 32 256 254 255 
162 256 31 48 254 
163 254 48 34 257 
164 255 254 257 18 
165 48 260 258 259 
166 260 47 64 258 
167 258 64 50 261 
168 259 258 261 34 
169 64 264 262 263 
170 263 262 265 50 
171 79 276 274 275 
172 276 126 243 274 
173 274 243 124 272 
174 275 274 272 125 
175 272 279 277 278 
176 279 124 280 277 
177 277 280 224 281 
178 278 277 281 270 
179 6 253 282 283 
180 253 18 45 282 
181 282 45 28 284 
182 283 282 284 29 
183 18 257 285 286 
184 257 34 61 285 
185 285 61 44 287 
186 286 285 287 45 
187 34 261 288 289 
188 261 50 77 288 
189 288 77 60 290 
190 289 288 290 61 
191 50 265 291 292 
192 291 113 76 293 
193 292 291 293 77 
194 294 221 112 296 
195 295 294 296 113 
196 82 273 301 302 
197 273 127 303 301 
198 301 303 220 304 
199 302 301 304 221 
200 307 270 308 305 
201 305 308 273 309 
202 306 305 309 82 
203 269 300 310 311 
204 300 82 302 310 
205 310 302 221 312 
206 311 310 312 294 
207 313 306 82 316 
208 314 313 316 300 
209 125 319 317 318 
210 319 272 278 317 
211 317 278 270 307 
212 322 307 323 320 
213 320 323 305 324 
214 321 320 324 306 
215 63 327 325 326 
216 327 81 240 325 
217 325 240 79 268 
218 326 325 268 80 
219 268 330 328 329 
220 330 79 275 328 
221 328 275 125 299 
222 329 328 299 266 
223 299 333 331 332 
224 333 125 318 331 
225 334 321 306 337 
226 335 334 337 313 
227 331 340 338 339 
228 340 318 341 338 
229 342 345 321 346 
230 343 342 346 334 
231 262 349 347 348 
232 349 80 267 347 
233 347 267 66 350 
234 348 347 350 265 
235 267 353 351 352 
236 353 266 298 351 
237 351 298 269 354 
238 352 351 354 66 
239 298 357 355 356 
240 357 297 314 355 
241 355 314 300 358 
242 356 355 358 269 
243 297 361 359 360 
244 361 315 335 359 
245 359 335 313 362 
246 360 359 362 314 
247 315 365 363 364 
248 365 336 343 363 
249 363 343 334 366 
250 364 363 366 335 
251 318 368 367 341 
252 368 317 369 367 
253 367 369 307 322 
254 338 372 370 371 
255 372 341 373 370 
256 336 376 374 375 
257 374 377 342 378 
258 375 374 378 343 
259 266 381 379 380 
260 381 299 332 379 
261 379 332 297 357 
262 380 379 357 298 
263 332 384 382 383 
264 384 331 339 382 
265 382 339 315 361 
266 383 382 361 297 
267 339 387 385 386 
268 387 338 371 385 
269 385 371 336 365 
270 386 385 365 315 
271 371 390 388 389 
272 390 370 391 388 
273 388 391 344 376 
274 389 388 376 336 
275 271 393 392 345 
276 393 322 394 392 
277 392 394 320 395 
278 345 392 395 321 
279 344 397 396 377 
280 397 271 398 396 
281 396 398 345 399 
282 377 396 399 342 
283 376 402 400 401 
284 402 344 403 400 
285 400 403 377 404 
286 401 400 404 374 
287 12 406 405 135 
288 406 2 407 405 
289 405 407 13 93 
290 135 405 93 10 
291 1 410 408 409 
292 410 17 228 408 
293 408 228 15 252 
294 409 408 252 16 
295 25 412 411 139 
296 412 10 413 411 
297 411 413 26 97 
298 139 411 97 23 
299 15 416 414 415 
300 416 33 231 414 
301 414 231 31 256 
302 415 414 256 32 
303 41 418 417 143 
304 418 23 419 417 
305 417 419 42 101 
306 143 417 101 39 
307 31 422 420 421 
308 422 49 234 420 
309 420 234 47 260 
310 421 420 260 48 
311 57 424 423 147 
312 424 39 425 423 
313 423 425 58 105 
314 147 423 105 55 
315 47 428 426 427 
316 428 65 237 426 
317 426 237 63 264 
318 427 426 264 64 
319 73 430 429 151 
320 430 55 431 429 
321 429 431 74 109 
322 151 429 109 71 
323 71 433 432 155 
324 433 109 434 432 
325 432 434 108 177 
326 155 432 177 90 
327 5 131 435 436 
328 131 91 185 435 
329 435 185 115 437 
330 436 435 437 116 
331 88 439 438 248 
332 439 130 201 438 
333 438 201 128 440 
334 248 438 440 129 
335 128 203 441 442 
336 203 120 189 441 
337 441 189 91 443 
338 442 441 443 131 
339 129 440 444 445 
340 440 128 442 444 
341 444 442 131 446 
342 445 444 446 5 
343 75 179 447 186 
344 179 111 448 447 
345 447 448 173 449 
346 186 447 449 117 
347 120 207 450 451 
348 207 160 212 450 
349 450 212 188 452 
350 451 450 452 189 
351 127 226 453 303 
352 226 5 436 453 
353 453 436 116 454 
354 303 453 454 220 
355 124 456 455 280 
356 456 225 246 455 
357 455 246 223 457 
358 280 455 457 224 
359 223 249 458 459 
360 249 129 445 458 
361 458 445 5 460 
362 459 458 460 226 
363 224 457 461 462 
364 457 223 459 461 
365 461 459 226 463 
366 462 461 463 127 
367 264 466 464 465 
368 466 63 326 464 
369 464 326 80 349 
370 465 464 349 262 
371 80 469 467 468 
372 469 268 329 467 
373 467 329 266 353 
374 468 467 353 267 
375 270 281 470 308 
376 281 224 462 470 
377 470 462 127 471 
378 308 470 471 273 
379 265 350 472 473 
380 350 66 295 472 
381 472 295 113 474 
382 473 472 474 291 
383 66 354 475 476 
384 354 269 311 475 
385 475 311 294 477 
386 476 475 477 295 
387 341 479 478 373 
388 479 367 480 478 
389 478 480 322 393 
390 373 478 393 271 
391 370 482 481 391 
392 482 373 483 481 
393 481 483 271 397 
394 391 481 397 344 
