2 0.000000 100.000000 391.401719
493 403 
1 -305.664859 0.000000 -350.690284 97.805758 0.000000 20.793915 0.000165 
2 415.224588 0.000000 -350.690284 97.811701 0.000000 20.747295 0.000242 
3 415.224588 0.000000 353.332572 97.843705 0.000000 20.691239 -0.000152 
4 -305.664859 0.000000 353.332572 97.827210 0.000000 20.792580 -0.000249 
5 54.779864 0.000000 1.321144 96.901591 0.000000 -5.070021 0.058438 
6 -305.664859 0.000000 1.321144 97.817581 0.000000 20.805684 -0.000116 
7 54.779864 0.000000 -350.690284 97.788558 0.000000 20.765176 0.000621 
8 415.224588 0.000000 1.321144 98.026323 0.000000 19.769117 0.000002 
9 54.779864 0.000000 353.332572 97.853422 0.000000 20.753681 -0.000601 
10 235.002226 0.000000 -174.684570 97.802654 0.000000 20.620859 0.000942 
11 54.779864 0.000000 -174.684570 97.707849 0.000000 20.683429 0.002537 
12 235.002226 0.000000 -350.690284 97.800207 0.000000 20.747024 0.000468 
13 415.224588 0.000000 -174.684570 97.827844 0.000000 20.663665 0.000273 
14 235.002226 0.000000 1.321144 98.374683 0.000000 18.042933 -0.000313 
15 -125.442497 0.000000 -174.684570 97.777997 0.000000 20.801968 0.000674 
16 -305.664859 0.000000 -174.684570 97.806680 0.000000 20.800529 0.000119 
17 -125.442497 0.000000 -350.690284 97.795448 0.000000 20.787412 0.000393 
18 -125.442497 0.000000 1.321144 97.825703 0.000000 20.849798 -0.000458 
19 235.002226 0.000000 177.326858 97.918886 0.000000 20.435518 -0.000572 
20 54.779864 0.000000 177.326858 97.968091 0.000000 20.643581 -0.002390 
21 415.224588 0.000000 177.326858 97.945023 0.000000 20.202836 -0.000138 
22 235.002226 0.000000 353.332572 97.848881 0.000000 20.718074 -0.000364 
23 144.891045 0.000000 -86.681713 97.772160 0.000000 20.183230 0.003324 
24 54.779864 0.000000 -86.681713 97.442221 0.000000 20.390293 0.008925 
25 144.891045 0.000000 -174.684570 97.759577 0.000000 20.613883 0.001813 
26 235.002226 0.000000 -86.681713 97.859026 0.000000 20.311480 0.001105 
27 144.891045 0.000000 1.321144 98.900265 0.000000 14.987948 -0.000590 
28 -125.442497 0.000000 177.326858 97.864578 0.000000 20.796821 -0.000998 
29 -305.664859 0.000000 177.326858 97.827665 0.000000 20.799455 -0.000287 
30 -125.442497 0.000000 353.332572 97.840662 0.000000 20.783613 -0.000475 
31 -35.331316 0.000000 -86.681713 97.663449 0.000000 20.824747 0.002818 
32 -125.442497 0.000000 -86.681713 97.781297 0.000000 20.829013 0.000497 
33 -35.331316 0.000000 -174.684570 97.736988 0.000000 20.775227 0.001587 
34 -35.331316 0.000000 1.321144 97.856256 0.000000 21.018579 -0.001763 
35 144.891045 0.000000 89.324001 98.120897 0.000000 19.764475 -0.001834 
36 54.779864 0.000000 89.324001 98.311042 0.000000 20.296899 -0.007703 
37 235.002226 0.000000 89.324001 98.146134 0.000000 19.320985 -0.000596 
38 144.891045 0.000000 177.326858 97.941668 0.000000 20.517782 -0.001355 
39 99.835455 0.000000 -42.680284 97.635136 0.000000 18.990470 0.010674 
40 54.779864 0.000000 -42.680284 96.590679 0.000000 19.494172 0.029022 
41 99.835455 0.000000 -86.681713 97.620919 0.000000 20.173462 0.006319 
42 144.891045 0.000000 -42.680284 97.931544 0.000000 19.334587 0.003559 
43 99.835455 0.000000 1.321144 98.781083 0.000000 13.225980 0.006737 
44 -35.331316 0.000000 89.324001 98.013628 0.000000 20.805066 -0.003952 
45 -125.442497 0.000000 89.324001 97.866539 0.000000 20.824723 -0.001153 
46 -35.331316 0.000000 177.326858 97.916596 0.000000 20.761362 -0.001869 
47 9.724274 0.000000 -42.680284 97.227829 0.000000 20.931006 0.010864 
48 -35.331316 0.000000 -42.680284 97.675482 0.000000 20.933594 0.002128 
49 9.724274 0.000000 -86.681713 97.511104 0.000000 20.710197 0.006267 
50 9.724274 0.000000 1.321144 97.994250 0.000000 21.764684 -0.007657 
51 99.835455 0.000000 45.322573 98.523325 0.000000 18.487847 -0.004865 
52 54.779864 0.000000 45.322573 99.260607 0.000000 19.424054 -0.022996 
53 144.891045 0.000000 45.322573 98.417229 0.000000 18.080493 -0.001286 
54 99.835455 0.000000 89.324001 98.208179 0.000000 19.955781 -0.004308 
55 77.307660 0.000000 -20.679570 97.377530 0.000000 16.564092 0.024325 
56 54.779864 0.000000 -20.679570 94.613279 0.000000 16.876566 0.076351 
57 77.307660 0.000000 -42.680284 97.198773 0.000000 18.949136 0.019333 
58 99.835455 0.000000 -20.679570 97.951220 0.000000 17.237695 0.010842 
59 77.307660 0.000000 1.321144 98.510529 0.000000 12.528502 0.013871 
60 9.724274 0.000000 45.322573 98.523003 0.000000 20.851748 -0.014158 
61 -35.331316 0.000000 45.322573 98.021205 0.000000 20.914403 -0.004557 
62 9.724274 0.000000 89.324001 98.191964 0.000000 20.665754 -0.006874 
63 32.252069 0.000000 -20.679570 95.488129 0.000000 21.355832 0.042595 
64 9.724274 0.000000 -20.679570 97.251286 0.000000 21.411800 0.008372 
65 32.252069 0.000000 -42.680284 96.675760 0.000000 20.527906 0.023240 
66 32.252069 0.000000 1.321144 99.122473 0.000000 24.962645 -0.044840 
67 77.307660 0.000000 23.321858 99.097905 0.000000 16.454606 -0.009115 
68 54.779864 0.000000 23.321858 101.070739 0.000000 17.442266 -0.051953 
69 99.835455 0.000000 23.321858 98.693416 0.000000 16.408731 -0.000964 
70 77.307660 0.000000 45.322573 98.839845 0.000000 18.733570 -0.012026 
71 66.043762 0.000000 -9.679213 95.319757 0.000000 -9.964556 0.081485 
72 54.779864 0.000000 -9.679213 96.679705 0.000000 -5.674093 0.062084 
73 66.043762 0.000000 -20.679570 96.463217 0.000000 16.191409 0.043269 
74 77.307660 0.000000 -9.679213 97.973121 0.000000 14.304021 0.019666 
75 66.043762 0.000000 1.321144 95.499333 0.000000 -9.225972 0.079476 
76 32.252069 0.000000 23.321858 100.252707 0.000000 20.949299 -0.048948 
77 9.724274 0.000000 23.321858 98.598841 0.000000 21.296617 -0.017528 
78 32.252069 0.000000 45.322573 99.079281 0.000000 20.416933 -0.023356 
79 43.515967 0.000000 -9.679213 97.761374 0.000000 -3.301709 0.043181 
80 32.252069 0.000000 -9.679213 95.356025 0.000000 23.391544 0.036006 
81 43.515967 0.000000 -20.679570 93.980003 0.000000 19.583961 0.078423 
82 43.515967 0.000000 1.321144 97.766184 0.000000 -3.152138 0.043184 
83 66.043762 0.000000 12.321501 99.668042 0.000000 13.556573 -0.011750 
84 54.779864 0.000000 12.321501 103.312900 0.000000 13.829502 -0.086481 
85 77.307660 0.000000 12.321501 98.900568 0.000000 14.330232 0.001332 
86 66.043762 0.000000 23.321858 99.859420 0.000000 16.527276 -0.024505 
87 60.411813 0.000000 -4.179034 96.130423 0.000000 -7.166743 0.070758 
88 54.779864 0.000000 -4.179034 96.885439 0.000000 -5.127855 0.058692 
89 60.411813 0.000000 -9.679213 96.073336 0.000000 -7.262434 0.071717 
90 66.043762 0.000000 -4.179034 95.490201 0.000000 -9.255410 0.079596 
91 60.411813 0.000000 1.321144 96.227372 0.000000 -6.922138 0.069238 
92 325.113407 0.000000 -86.681713 97.868392 0.000000 20.433836 0.000424 
93 325.113407 0.000000 -174.684570 97.821445 0.000000 20.642428 0.000485 
94 415.224588 0.000000 -86.681713 97.863173 0.000000 20.509653 0.000215 
95 325.113407 0.000000 1.321144 98.140175 0.000000 19.212295 -0.000061 
96 189.946636 0.000000 -42.680284 97.980193 0.000000 19.635362 0.001433 
97 189.946636 0.000000 -86.681713 97.834386 0.000000 20.248744 0.001842 
98 235.002226 0.000000 -42.680284 97.970701 0.000000 19.833559 0.000837 
99 189.946636 0.000000 1.321144 98.597636 0.000000 16.897699 -0.000703 
100 122.363250 0.000000 -20.679570 98.134475 0.000000 17.755079 0.005438 
101 122.363250 0.000000 -42.680284 97.843816 0.000000 19.157539 0.005958 
102 144.891045 0.000000 -20.679570 98.188342 0.000000 18.194830 0.002800 
103 122.363250 0.000000 1.321144 98.878048 0.000000 13.944098 0.002869 
104 88.571557 0.000000 -9.679213 98.187608 0.000000 14.916423 0.013669 
105 88.571557 0.000000 -20.679570 97.755611 0.000000 16.930263 0.015721 
106 99.835455 0.000000 -9.679213 98.318567 0.000000 15.421066 0.009565 
107 88.571557 0.000000 1.321144 98.689994 0.000000 12.897852 0.009393 
108 71.675711 0.000000 -4.179034 94.448806 0.000000 -13.394529 0.090001 
109 71.675711 0.000000 -9.679213 97.875095 0.000000 13.861389 0.022833 
110 77.307660 0.000000 -4.179034 98.290970 0.000000 13.078040 0.016785 
111 71.675711 0.000000 1.321144 94.454001 0.000000 -13.378475 0.089946 
112 43.515967 0.000000 12.321501 104.853578 0.000000 19.520513 -0.137532 
113 32.252069 0.000000 12.321501 100.932015 0.000000 22.315836 -0.068527 
114 43.515967 0.000000 23.321858 101.346259 0.000000 19.480933 -0.065057 
115 60.411813 0.000000 6.821323 96.101378 0.000000 -7.162812 0.071322 
116 54.779864 0.000000 6.821323 96.872612 0.000000 -5.230440 0.058834 
117 66.043762 0.000000 6.821323 95.342490 0.000000 -9.887470 0.081205 
118 60.411813 0.000000 12.321501 101.106329 0.000000 13.159896 -0.039567 
119 63.227788 0.000000 -1.428945 95.845309 0.000000 -8.090836 0.074822 
120 60.411813 0.000000 -1.428945 96.059044 0.000000 -8.417529 0.070181 
121 63.227788 0.000000 -4.179034 95.868450 0.000000 -8.005043 0.074516 
122 66.043762 0.000000 -1.428945 95.472262 0.000000 -9.325520 0.079808 
123 63.227788 0.000000 1.321144 95.878725 0.000000 -7.970732 0.074374 
124 49.147916 0.000000 -4.179034 97.728816 0.000000 -2.591233 0.044236 
125 43.515967 0.000000 -4.179034 97.766155 0.000000 -3.144065 0.043189 
126 49.147916 0.000000 -9.679213 97.781550 0.000000 -2.488043 0.043258 
127 49.147916 0.000000 1.321144 97.729938 0.000000 -2.605017 0.044207 
128 57.595839 0.000000 -1.428945 97.398635 0.000000 -2.071731 0.050921 
129 54.779864 0.000000 -1.428945 97.413532 0.000000 -2.156455 0.050595 
130 57.595839 0.000000 -4.179034 96.611428 0.000000 -5.871428 0.063176 
131 57.595839 0.000000 1.321144 96.626319 0.000000 -5.813850 0.062955 
132 144.891045 0.000000 -262.687427 97.780329 0.000000 20.719471 0.000971 
133 54.779864 0.000000 -262.687427 97.768416 0.000000 20.744905 0.001099 
134 144.891045 0.000000 -350.690284 97.792885 0.000000 20.753428 0.000585 
135 235.002226 0.000000 -262.687427 97.797382 0.000000 20.710955 0.000673 
136 99.835455 0.000000 -130.683141 97.680622 0.000000 20.505481 0.003802 
137 54.779864 0.000000 -130.683141 97.634758 0.000000 20.595916 0.004326 
138 99.835455 0.000000 -174.684570 97.726144 0.000000 20.636608 0.002373 
139 144.891045 0.000000 -130.683141 97.741522 0.000000 20.470716 0.002754 
140 77.307660 0.000000 -64.680999 97.383576 0.000000 19.846087 0.012257 
141 54.779864 0.000000 -64.680999 97.178741 0.000000 20.122013 0.015140 
142 77.307660 0.000000 -86.681713 97.517681 0.000000 20.244567 0.008046 
143 99.835455 0.000000 -64.680999 97.595404 0.000000 19.773938 0.008413 
144 66.043762 0.000000 -31.679927 96.591803 0.000000 18.128405 0.034138 
145 54.779864 0.000000 -31.679927 95.917923 0.000000 18.721710 0.044925 
146 66.043762 0.000000 -42.680284 96.881433 0.000000 19.113011 0.024868 
147 77.307660 0.000000 -31.679927 97.174827 0.000000 18.046119 0.023139 
148 60.411813 0.000000 -15.179392 95.443369 0.000000 14.226122 0.068818 
149 54.779864 0.000000 -15.179392 93.512605 0.000000 14.809856 0.103606 
150 60.411813 0.000000 -20.679570 95.603001 0.000000 16.265716 0.059549 
151 66.043762 0.000000 -15.179392 96.752782 0.000000 14.631125 0.042483 
152 63.227788 0.000000 -6.929124 95.786079 0.000000 -8.198999 0.075780 
153 60.411813 0.000000 -6.929124 96.159041 0.000000 -7.074031 0.070340 
154 63.227788 0.000000 -9.679213 95.637453 0.000000 -8.696291 0.077785 
155 66.043762 0.000000 -6.929124 95.536221 0.000000 -9.079696 0.079039 
156 61.819800 0.000000 -2.803990 96.025003 0.000000 -7.543533 0.072229 
157 60.411813 0.000000 -2.803990 96.204327 0.000000 -7.000021 0.069573 
158 61.819800 0.000000 -4.179034 96.040416 0.000000 -7.490061 0.072014 
159 63.227788 0.000000 -2.803990 95.850273 0.000000 -8.071856 0.074757 
160 61.819800 0.000000 -1.428945 94.624471 0.000000 -12.547126 0.088878 
161 325.113407 0.000000 89.324001 98.294340 0.000000 18.555096 -0.000607 
162 415.224588 0.000000 89.324001 98.636233 0.000000 16.935512 -0.001592 
163 325.113407 0.000000 177.326858 97.922308 0.000000 20.340661 -0.000252 
164 189.946636 0.000000 45.322573 98.553304 0.000000 17.338376 -0.001337 
165 235.002226 0.000000 45.322573 98.817476 0.000000 16.079230 -0.002344 
166 189.946636 0.000000 89.324001 98.114489 0.000000 19.571657 -0.000950 
167 122.363250 0.000000 23.321858 98.702800 0.000000 16.082930 -0.000090 
168 144.891045 0.000000 23.321858 98.888788 0.000000 15.465391 -0.001817 
169 122.363250 0.000000 45.322573 98.410880 0.000000 18.312090 -0.002003 
170 88.571557 0.000000 12.321501 98.801613 0.000000 14.483573 0.002847 
171 99.835455 0.000000 12.321501 98.813279 0.000000 14.409469 0.002830 
172 88.571557 0.000000 23.321858 98.798237 0.000000 16.468514 -0.003230 
173 71.675711 0.000000 6.821323 98.615148 0.000000 12.806640 0.011104 
174 77.307660 0.000000 6.821323 98.703818 0.000000 13.147100 0.008471 
175 71.675711 0.000000 12.321501 99.094168 0.000000 14.053442 -0.001715 
176 68.859736 0.000000 -1.428945 95.225022 0.000000 -10.315148 0.082579 
177 68.859736 0.000000 -4.179034 95.234955 0.000000 -10.277358 0.082468 
178 71.675711 0.000000 -1.428945 94.446776 0.000000 -13.401160 0.090022 
179 68.859736 0.000000 1.321144 95.242324 0.000000 -10.253209 0.082377 
180 64.635775 0.000000 -2.803990 95.674206 0.000000 -8.618455 0.077217 
181 64.635775 0.000000 -4.179034 95.691729 0.000000 -8.551806 0.076996 
182 66.043762 0.000000 -2.803990 95.475920 0.000000 -9.310407 0.079767 
183 64.635775 0.000000 -1.428945 95.669358 0.000000 -8.637909 0.077276 
184 63.227788 0.000000 4.071233 95.806360 0.000000 -8.130328 0.075504 
185 60.411813 0.000000 4.071233 96.182146 0.000000 -6.991165 0.070012 
186 66.043762 0.000000 4.071233 95.552506 0.000000 -9.025777 0.078825 
187 63.227788 0.000000 6.821323 95.664360 0.000000 -8.603323 0.077431 
188 61.819800 0.000000 -0.053901 96.031145 0.000000 -7.522121 0.072144 
189 60.411813 0.000000 -0.053901 96.211471 0.000000 -6.973816 0.069472 
190 63.227788 0.000000 -0.053901 95.855610 0.000000 -8.054217 0.074683 
191 61.819800 0.000000 1.321144 96.052041 0.000000 -7.449344 0.071851 
192 62.523794 0.000000 -2.116467 95.880477 0.000000 -7.962458 0.074353 
193 61.819800 0.000000 -2.116467 93.377727 0.000000 -16.510818 0.100799 
194 62.523794 0.000000 -2.803990 95.884171 0.000000 -7.948546 0.074305 
195 63.227788 0.000000 -2.116467 95.845909 0.000000 -8.088181 0.074814 
196 62.523794 0.000000 -1.428945 95.880248 0.000000 -7.963764 0.074356 
197 57.595839 0.000000 -6.929124 96.485582 0.000000 -6.159482 0.065259 
198 54.779864 0.000000 -6.929124 96.862816 0.000000 -5.234030 0.059020 
199 57.595839 0.000000 -9.679213 96.306246 0.000000 -6.570954 0.068193 
200 59.003826 0.000000 -2.803990 96.761211 0.000000 -5.068852 0.061157 
201 57.595839 0.000000 -2.803990 97.010869 0.000000 -3.864510 0.057396 
202 59.003826 0.000000 -4.179034 96.386839 0.000000 -6.462538 0.066781 
203 59.003826 0.000000 -1.428945 97.184547 0.000000 -3.369821 0.054381 
204 61.115807 0.000000 -2.116467 94.879501 0.000000 -12.290049 0.084684 
205 60.411813 0.000000 -2.116467 96.011346 0.000000 -8.581419 0.070818 
206 61.115807 0.000000 -2.803990 96.071438 0.000000 -7.376220 0.071587 
207 61.115807 0.000000 -1.428945 95.514302 0.000000 -10.295733 0.077102 
208 64.635775 0.000000 -0.053901 95.679074 0.000000 -8.602924 0.077150 
209 66.043762 0.000000 -0.053901 95.480612 0.000000 -9.295430 0.079705 
210 64.635775 0.000000 1.321144 95.701191 0.000000 -8.521240 0.076867 
211 62.523794 0.000000 -0.741423 95.883591 0.000000 -7.952030 0.074310 
212 61.819800 0.000000 -0.741423 96.024636 0.000000 -7.544827 0.072234 
213 63.227788 0.000000 -0.741423 95.848603 0.000000 -8.079305 0.074777 
214 62.523794 0.000000 -0.053901 95.890321 0.000000 -7.927902 0.074219 
215 62.171797 0.000000 -1.772706 93.318968 0.000000 -16.485021 0.101981 
216 61.819800 0.000000 -1.772706 93.488567 0.000000 -16.192689 0.099768 
217 62.171797 0.000000 -2.116467 93.165711 0.000000 -16.990973 0.103146 
218 62.523794 0.000000 -1.772706 95.879916 0.000000 -7.964739 0.074360 
219 62.171797 0.000000 -1.428945 95.999672 0.000000 -7.634450 0.072578 
220 49.147916 0.000000 6.821323 97.781043 0.000000 -2.512211 0.043256 
221 43.515967 0.000000 6.821323 97.761604 0.000000 -3.305517 0.043174 
222 49.147916 0.000000 12.321501 105.076588 0.000000 16.201638 -0.130358 
223 51.963890 0.000000 -1.428945 97.467352 0.000000 -2.971242 0.049129 
224 49.147916 0.000000 -1.428945 97.707639 0.000000 -3.015439 0.044412 
225 51.963890 0.000000 -4.179034 97.030961 0.000000 -4.770810 0.056223 
226 51.963890 0.000000 1.321144 97.049049 0.000000 -4.715900 0.055924 
227 -35.331316 0.000000 -262.687427 97.773477 0.000000 20.774233 0.000878 
228 -125.442497 0.000000 -262.687427 97.787376 0.000000 20.790719 0.000538 
229 -35.331316 0.000000 -350.690284 97.790007 0.000000 20.778126 0.000538 
230 9.724274 0.000000 -130.683141 97.642658 0.000000 20.716301 0.003675 
231 -35.331316 0.000000 -130.683141 97.696838 0.000000 20.790366 0.002309 
232 9.724274 0.000000 -174.684570 97.715925 0.000000 20.735858 0.002162 
233 32.252069 0.000000 -64.680999 97.204459 0.000000 20.502944 0.013092 
234 9.724274 0.000000 -64.680999 97.380247 0.000000 20.759029 0.008615 
235 32.252069 0.000000 -86.681713 97.442607 0.000000 20.570419 0.008180 
236 43.515967 0.000000 -31.679927 95.726286 0.000000 19.811321 0.044399 
237 32.252069 0.000000 -31.679927 96.190770 0.000000 20.696415 0.031899 
238 43.515967 0.000000 -42.680284 96.502148 0.000000 20.037341 0.028584 
239 49.147916 0.000000 -15.179392 92.011885 0.000000 16.853154 0.124978 
240 43.515967 0.000000 -15.179392 92.113238 0.000000 19.640680 0.112940 
241 49.147916 0.000000 -20.679570 93.941899 0.000000 18.104164 0.084716 
242 51.963890 0.000000 -6.929124 96.989980 0.000000 -4.909735 0.056884 
243 49.147916 0.000000 -6.929124 97.769205 0.000000 -2.438674 0.043524 
244 51.963890 0.000000 -9.679213 97.716178 0.000000 -2.470959 0.044544 
245 53.371877 0.000000 -2.803990 97.261657 0.000000 -3.382146 0.052873 
246 51.963890 0.000000 -2.803990 97.360661 0.000000 -3.329662 0.050982 
247 53.371877 0.000000 -4.179034 96.963763 0.000000 -4.926335 0.057376 
248 54.779864 0.000000 -2.803990 97.307727 0.000000 -2.775298 0.052350 
249 53.371877 0.000000 -1.428945 97.584845 0.000000 -1.807561 0.047393 
250 -215.553678 0.000000 -86.681713 97.804554 0.000000 20.812580 0.000111 
251 -305.664859 0.000000 -86.681713 97.810871 0.000000 20.804244 0.000022 
252 -215.553678 0.000000 -174.684570 97.798183 0.000000 20.803173 0.000274 
253 -215.553678 0.000000 1.321144 97.819704 0.000000 20.817165 -0.000205 
254 -80.386907 0.000000 -42.680284 97.769254 0.000000 20.883700 0.000504 
255 -125.442497 0.000000 -42.680284 97.798209 0.000000 20.843883 0.000104 
256 -80.386907 0.000000 -86.681713 97.743989 0.000000 20.840949 0.001177 
257 -80.386907 0.000000 1.321144 97.834539 0.000000 20.905009 -0.000862 
258 -12.803521 0.000000 -20.679570 97.637265 0.000000 21.124572 0.002072 
259 -35.331316 0.000000 -20.679570 97.744620 0.000000 20.996139 0.000515 
260 -12.803521 0.000000 -42.680284 97.536292 0.000000 20.966610 0.004707 
261 -12.803521 0.000000 1.321144 97.887882 0.000000 21.203517 -0.003163 
262 20.988172 0.000000 -9.679213 97.100790 0.000000 22.256515 0.007608 
263 9.724274 0.000000 -9.679213 97.533098 0.000000 21.679136 0.001731 
264 20.988172 0.000000 -20.679570 96.695508 0.000000 21.556840 0.018528 
265 20.988172 0.000000 1.321144 98.185953 0.000000 22.536199 -0.014836 
266 37.884018 0.000000 -4.179034 97.763717 0.000000 -3.393120 0.043074 
267 32.252069 0.000000 -4.179034 96.703539 0.000000 24.811739 0.003280 
268 37.884018 0.000000 -9.679213 97.777955 0.000000 -3.398937 0.042792 
269 37.884018 0.000000 1.321144 97.763773 0.000000 -3.393297 0.043073 
270 46.331941 0.000000 -1.428945 97.749814 0.000000 -3.256126 0.043437 
271 43.515967 0.000000 -1.428945 97.849592 0.000000 -3.196523 0.041524 
272 46.331941 0.000000 -4.179034 97.778022 0.000000 -2.667265 0.043234 
273 46.331941 0.000000 1.321144 97.777637 0.000000 -2.689631 0.043230 
274 46.331941 0.000000 -6.929124 97.774691 0.000000 -2.833987 0.043208 
275 43.515967 0.000000 -6.929124 97.766137 0.000000 -3.126030 0.043201 
276 46.331941 0.000000 -9.679213 97.766116 0.000000 -3.087627 0.043225 
277 47.739928 0.000000 -2.803990 97.756245 0.000000 -2.835922 0.043567 
278 46.331941 0.000000 -2.803990 97.777641 0.000000 -2.687264 0.043231 
279 47.739928 0.000000 -4.179034 97.768923 0.000000 -2.543668 0.043477 
280 49.147916 0.000000 -2.803990 97.673470 0.000000 -2.942422 0.045124 
281 47.739928 0.000000 -1.428945 97.739867 0.000000 -3.152818 0.043698 
282 -215.553678 0.000000 89.324001 97.834135 0.000000 20.811146 -0.000462 
283 -305.664859 0.000000 89.324001 97.824056 0.000000 20.803612 -0.000234 
284 -215.553678 0.000000 177.326858 97.838945 0.000000 20.800987 -0.000514 
285 -80.386907 0.000000 45.322573 97.896166 0.000000 20.878122 -0.001956 
286 -125.442497 0.000000 45.322573 97.852177 0.000000 20.841251 -0.000941 
287 -80.386907 0.000000 89.324001 97.915408 0.000000 20.833598 -0.002147 
288 -12.803521 0.000000 23.321858 98.118134 0.000000 21.096591 -0.007223 
289 -35.331316 0.000000 23.321858 97.962088 0.000000 20.982435 -0.003683 
290 -12.803521 0.000000 45.322573 98.186993 0.000000 20.927719 -0.007866 
291 20.988172 0.000000 12.321501 99.043374 0.000000 21.983372 -0.029286 
292 9.724274 0.000000 12.321501 98.405847 0.000000 21.588614 -0.014978 
293 20.988172 0.000000 23.321858 99.189924 0.000000 21.318129 -0.029310 
294 37.884018 0.000000 6.821323 97.773470 0.000000 -3.425987 0.042861 
295 32.252069 0.000000 6.821323 100.667232 0.000000 23.651861 -0.069330 
296 37.884018 0.000000 12.321501 102.855392 0.000000 21.716735 -0.105085 
297 40.699992 0.000000 -1.428945 97.762342 0.000000 -3.318274 0.043151 
298 37.884018 0.000000 -1.428945 97.763791 0.000000 -3.393358 0.043073 
299 40.699992 0.000000 -4.179034 97.762181 0.000000 -3.315470 0.043156 
300 40.699992 0.000000 1.321144 97.762300 0.000000 -3.317541 0.043153 
301 46.331941 0.000000 4.071233 97.778476 0.000000 -2.648124 0.043236 
302 43.515967 0.000000 4.071233 97.766162 0.000000 -3.137657 0.043193 
303 49.147916 0.000000 4.071233 97.727294 0.000000 -2.587770 0.044268 
304 46.331941 0.000000 6.821323 97.774990 0.000000 -2.824513 0.043207 
305 44.923954 0.000000 -0.053901 97.773324 0.000000 -2.920585 0.043185 
306 43.515967 0.000000 -0.053901 97.773196 0.000000 -2.935702 0.043178 
307 44.923954 0.000000 -1.428945 97.765753 0.000000 -3.562334 0.042917 
308 46.331941 0.000000 -0.053901 97.777431 0.000000 -2.699711 0.043229 
309 44.923954 0.000000 1.321144 97.773449 0.000000 -2.913310 0.043187 
310 40.699992 0.000000 4.071233 97.762085 0.000000 -3.313823 0.043159 
311 37.884018 0.000000 4.071233 97.768143 0.000000 -3.421957 0.042968 
312 40.699992 0.000000 6.821323 97.763500 0.000000 -3.392434 0.043079 
313 42.107980 0.000000 -0.053901 97.766209 0.000000 -3.159081 0.043179 
314 40.699992 0.000000 -0.053901 97.762347 0.000000 -3.318370 0.043151 
315 42.107980 0.000000 -1.428945 97.766207 0.000000 -3.158795 0.043179 
316 42.107980 0.000000 1.321144 97.766205 0.000000 -3.156038 0.043181 
317 44.923954 0.000000 -2.803990 97.773452 0.000000 -2.911496 0.043188 
318 43.515967 0.000000 -2.803990 97.773315 0.000000 -2.927281 0.043181 
319 44.923954 0.000000 -4.179034 97.773687 0.000000 -2.896921 0.043191 
320 44.219960 0.000000 -0.741423 97.802365 0.000000 -3.342648 0.042352 
321 43.515967 0.000000 -0.741423 97.773182 0.000000 -2.936426 0.043178 
322 44.219960 0.000000 -1.428945 97.818135 0.000000 -3.405563 0.042001 
323 44.923954 0.000000 -0.741423 97.763813 0.000000 -3.346074 0.043104 
324 44.219960 0.000000 -0.053901 97.773246 0.000000 -2.929680 0.043181 
325 37.884018 0.000000 -15.179392 93.643426 0.000000 21.539342 0.076697 
326 32.252069 0.000000 -15.179392 95.199565 0.000000 22.127626 0.044741 
327 37.884018 0.000000 -20.679570 94.644955 0.000000 20.746644 0.061191 
328 40.699992 0.000000 -6.929124 97.763571 0.000000 -3.392686 0.043077 
329 37.884018 0.000000 -6.929124 97.768142 0.000000 -3.422329 0.042968 
330 40.699992 0.000000 -9.679213 97.768142 0.000000 -3.423208 0.042967 
331 42.107980 0.000000 -2.803990 97.766198 0.000000 -3.155182 0.043182 
332 40.699992 0.000000 -2.803990 97.762284 0.000000 -3.317255 0.043153 
333 42.107980 0.000000 -4.179034 97.766187 0.000000 -3.148880 0.043186 
334 42.811973 0.000000 -0.741423 97.766204 0.000000 -3.158244 0.043179 
335 42.107980 0.000000 -0.741423 97.766208 0.000000 -3.159371 0.043179 
336 42.811973 0.000000 -1.428945 97.766202 0.000000 -3.157623 0.043180 
337 42.811973 0.000000 -0.053901 97.766205 0.000000 -3.157936 0.043180 
338 42.811973 0.000000 -2.116467 97.766197 0.000000 -3.156097 0.043181 
339 42.107980 0.000000 -2.116467 97.766203 0.000000 -3.157377 0.043180 
340 42.811973 0.000000 -2.803990 97.766191 0.000000 -3.153745 0.043183 
341 43.515967 0.000000 -2.116467 97.773242 0.000000 -2.932109 0.043180 
342 43.163970 0.000000 -1.085184 97.837542 0.000000 -3.156662 0.041785 
343 42.811973 0.000000 -1.085184 97.766203 0.000000 -3.158049 0.043180 
344 43.163970 0.000000 -1.428945 97.746053 0.000000 -3.327695 0.043464 
345 43.515967 0.000000 -1.085184 97.843847 0.000000 -3.202740 0.041632 
346 43.163970 0.000000 -0.741423 97.766199 0.000000 -3.157230 0.043180 
347 26.620120 0.000000 -4.179034 97.355500 0.000000 23.300953 -0.002103 
348 20.988172 0.000000 -4.179034 97.592152 0.000000 22.507381 -0.003081 
349 26.620120 0.000000 -9.679213 96.552312 0.000000 22.758213 0.015971 
350 26.620120 0.000000 1.321144 98.442764 0.000000 23.360661 -0.023670 
351 35.068044 0.000000 -1.428945 97.773253 0.000000 -3.425031 0.042866 
352 32.252069 0.000000 -1.428945 97.678294 0.000000 -3.446989 0.044707 
353 35.068044 0.000000 -4.179034 97.773313 0.000000 -3.425306 0.042865 
354 35.068044 0.000000 1.321144 97.773265 0.000000 -3.425083 0.042866 
355 39.292005 0.000000 -0.053901 97.762285 0.000000 -3.317627 0.043153 
356 37.884018 0.000000 -0.053901 97.763794 0.000000 -3.393365 0.043073 
357 39.292005 0.000000 -1.428945 97.762281 0.000000 -3.317545 0.043153 
358 39.292005 0.000000 1.321144 97.763831 0.000000 -3.393487 0.043072 
359 41.403986 0.000000 -0.741423 97.766207 0.000000 -3.159497 0.043179 
360 40.699992 0.000000 -0.741423 97.762352 0.000000 -3.318442 0.043151 
361 41.403986 0.000000 -1.428945 97.766206 0.000000 -3.158968 0.043179 
362 41.403986 0.000000 -0.053901 97.766208 0.000000 -3.159231 0.043179 
363 42.459976 0.000000 -1.085184 97.766206 0.000000 -3.158760 0.043179 
364 42.107980 0.000000 -1.085184 97.766208 0.000000 -3.159191 0.043179 
365 42.459976 0.000000 -1.428945 97.766205 0.000000 -3.158349 0.043179 
366 42.459976 0.000000 -0.741423 97.766207 0.000000 -3.158947 0.043179 
367 44.219960 0.000000 -2.116467 97.770171 0.000000 -3.256680 0.043039 
368 44.219960 0.000000 -2.803990 97.773369 0.000000 -2.920861 0.043184 
369 44.923954 0.000000 -2.116467 97.763624 0.000000 -3.333905 0.043116 
370 43.163970 0.000000 -1.772706 97.766194 0.000000 -3.155911 0.043181 
371 42.811973 0.000000 -1.772706 97.766200 0.000000 -3.156969 0.043180 
372 43.163970 0.000000 -2.116467 97.766191 0.000000 -3.155012 0.043182 
373 43.515967 0.000000 -1.772706 97.838398 0.000000 -3.202542 0.041739 
374 42.987972 0.000000 -1.257065 97.722658 0.000000 -3.364310 0.043896 
375 42.811973 0.000000 -1.257065 97.766203 0.000000 -3.157865 0.043180 
376 42.987972 0.000000 -1.428945 97.728806 0.000000 -3.352762 0.043784 
377 43.163970 0.000000 -1.257065 97.738720 0.000000 -3.340807 0.043598 
378 42.987972 0.000000 -1.085184 97.766201 0.000000 -3.157579 0.043180 
379 39.292005 0.000000 -2.803990 97.763822 0.000000 -3.393462 0.043072 
380 37.884018 0.000000 -2.803990 97.763765 0.000000 -3.393274 0.043073 
381 39.292005 0.000000 -4.179034 97.763761 0.000000 -3.393270 0.043073 
382 41.403986 0.000000 -2.116467 97.766204 0.000000 -3.157663 0.043180 
383 40.699992 0.000000 -2.116467 97.762319 0.000000 -3.317873 0.043152 
384 41.403986 0.000000 -2.803990 97.766201 0.000000 -3.155638 0.043181 
385 42.459976 0.000000 -1.772706 97.766203 0.000000 -3.157718 0.043180 
386 42.107980 0.000000 -1.772706 97.766205 0.000000 -3.158188 0.043179 
387 42.459976 0.000000 -2.116467 97.766201 0.000000 -3.156876 0.043180 
388 42.987972 0.000000 -1.600826 97.766198 0.000000 -3.156841 0.043180 
389 42.811973 0.000000 -1.600826 97.766201 0.000000 -3.157324 0.043180 
390 42.987972 0.000000 -1.772706 97.766197 0.000000 -3.156481 0.043181 
391 43.163970 0.000000 -1.600826 97.837071 0.000000 -3.156464 0.041794 
392 43.867964 0.000000 -1.085184 97.831119 0.000000 -3.322428 0.041803 
393 43.867964 0.000000 -1.428945 97.832765 0.000000 -3.411874 0.041711 
394 44.219960 0.000000 -1.085184 97.811660 0.000000 -3.386514 0.042141 
395 43.867964 0.000000 -0.741423 97.818167 0.000000 -3.235594 0.042114 
396 43.339968 0.000000 -1.257065 97.854049 0.000000 -3.172206 0.041452 
397 43.339968 0.000000 -1.428945 97.853188 0.000000 -3.173949 0.041468 
398 43.515967 0.000000 -1.257065 97.849988 0.000000 -3.194645 0.041517 
399 43.339968 0.000000 -1.085184 97.844575 0.000000 -3.184356 0.041630 
400 43.075971 0.000000 -1.343005 97.689701 0.000000 -3.426390 0.044498 
401 42.987972 0.000000 -1.343005 97.716927 0.000000 -3.375167 0.044001 
402 43.075971 0.000000 -1.428945 97.726287 0.000000 -3.359903 0.043828 
403 43.163970 0.000000 -1.343005 97.732309 0.000000 -3.352585 0.043716 
404 43.075971 0.000000 -1.257065 97.713804 0.000000 -3.382637 0.044057 
405 111.099352 0.000000 12.321501 98.870742 0.000000 14.235157 0.002194 
406 111.099352 0.000000 1.321144 98.837012 0.000000 13.571079 0.004707 
407 122.363250 0.000000 12.321501 98.970627 0.000000 13.993529 0.000900 
408 111.099352 0.000000 23.321858 98.673469 0.000000 16.278192 -0.000143 
409 325.113407 0.000000 -262.687427 97.809373 0.000000 20.713727 0.000427 
410 325.113407 0.000000 -350.690284 97.806928 0.000000 20.745718 0.000342 
411 415.224588 0.000000 -262.687427 97.815938 0.000000 20.720256 0.000271 
412 -215.553678 0.000000 -262.687427 97.798624 0.000000 20.796024 0.000295 
413 -305.664859 0.000000 -262.687427 97.805356 0.000000 20.796727 0.000161 
414 -215.553678 0.000000 -350.690284 97.801282 0.000000 20.792133 0.000260 
415 189.946636 0.000000 -130.683141 97.790849 0.000000 20.486415 0.001726 
416 189.946636 0.000000 -174.684570 97.785188 0.000000 20.612790 0.001317 
417 235.002226 0.000000 -130.683141 97.819462 0.000000 20.518164 0.001036 
418 -80.386907 0.000000 -130.683141 97.748563 0.000000 20.809579 0.001218 
419 -125.442497 0.000000 -130.683141 97.776144 0.000000 20.813408 0.000663 
420 -80.386907 0.000000 -174.684570 97.759999 0.000000 20.794511 0.001057 
421 122.363250 0.000000 -64.680999 97.737680 0.000000 19.808628 0.005496 
422 122.363250 0.000000 -86.681713 97.709552 0.000000 20.162410 0.004632 
423 144.891045 0.000000 -64.680999 97.819739 0.000000 19.877938 0.003617 
424 -12.803521 0.000000 -64.680999 97.549347 0.000000 20.850832 0.004937 
425 -35.331316 0.000000 -64.680999 97.654977 0.000000 20.869595 0.002797 
426 -12.803521 0.000000 -86.681713 97.593452 0.000000 20.790929 0.004326 
427 88.571557 0.000000 -31.679927 97.530338 0.000000 18.154954 0.015823 
428 88.571557 0.000000 -42.680284 97.456044 0.000000 18.936295 0.014374 
429 99.835455 0.000000 -31.679927 97.741849 0.000000 18.305531 0.011144 
430 20.988172 0.000000 -31.679927 96.766981 0.000000 21.071492 0.019214 
431 9.724274 0.000000 -31.679927 97.189740 0.000000 21.119056 0.010814 
432 20.988172 0.000000 -42.680284 96.959600 0.000000 20.824398 0.016518 
433 71.675711 0.000000 -15.179392 97.344296 0.000000 15.156170 0.029438 
434 71.675711 0.000000 -20.679570 97.030703 0.000000 16.356898 0.031749 
435 77.307660 0.000000 -15.179392 97.632391 0.000000 15.530866 0.022671 
436 111.099352 0.000000 -9.679213 98.390371 0.000000 15.868120 0.006754 
437 111.099352 0.000000 -20.679570 98.064139 0.000000 17.509151 0.007685 
438 122.363250 0.000000 -9.679213 98.427506 0.000000 16.253691 0.004784 
439 68.859736 0.000000 -6.929124 94.917183 0.000000 -11.604993 0.085605 
440 68.859736 0.000000 -9.679213 93.894513 0.000000 -15.283548 0.095023 
441 71.675711 0.000000 -6.929124 93.886156 0.000000 -15.307710 0.095106 
442 57.595839 0.000000 4.071233 96.577767 0.000000 -5.935689 0.063750 
443 54.779864 0.000000 4.071233 96.887755 0.000000 -5.148138 0.058626 
444 57.595839 0.000000 6.821323 96.434128 0.000000 -6.247737 0.066142 
445 56.187852 0.000000 -2.803990 97.126958 0.000000 -3.467084 0.055433 
446 56.187852 0.000000 -4.179034 96.796466 0.000000 -5.378950 0.060151 
447 56.187852 0.000000 -1.428945 97.397571 0.000000 -1.971074 0.050983 
448 59.003826 0.000000 -0.053901 96.391988 0.000000 -6.432749 0.066720 
449 57.595839 0.000000 -0.053901 96.963173 0.000000 -4.203965 0.058047 
450 59.003826 0.000000 1.321144 96.401696 0.000000 -6.406393 0.066567 
451 56.187852 0.000000 -0.053901 97.073619 0.000000 -3.787310 0.056237 
452 54.779864 0.000000 -0.053901 97.260868 0.000000 -3.054301 0.053099 
453 56.187852 0.000000 1.321144 96.811301 0.000000 -5.322636 0.059924 
454 68.859736 0.000000 4.071233 94.931352 0.000000 -11.558766 0.085443 
455 71.675711 0.000000 4.071233 93.892798 0.000000 -15.288606 0.095040 
456 68.859736 0.000000 6.821323 94.489485 0.000000 -13.266385 0.089574 
457 61.115807 0.000000 -0.741423 96.072666 0.000000 -7.371480 0.071570 
458 60.411813 0.000000 -0.741423 96.206225 0.000000 -6.991310 0.069548 
459 61.115807 0.000000 -0.053901 96.078491 0.000000 -7.351255 0.071488 
460 51.963890 0.000000 4.071233 97.018144 0.000000 -4.824817 0.056420 
461 51.963890 0.000000 6.821323 97.607893 0.000000 -2.893516 0.046433 
462 50.555903 0.000000 -2.803990 97.370875 0.000000 -3.745994 0.050488 
463 50.555903 0.000000 -4.179034 97.287534 0.000000 -4.018948 0.051898 
464 50.555903 0.000000 -1.428945 97.444295 0.000000 -3.496710 0.049238 
465 53.371877 0.000000 -0.053901 97.208472 0.000000 -3.674460 0.053701 
466 51.963890 0.000000 -0.053901 97.231800 0.000000 -4.055985 0.052953 
467 53.371877 0.000000 1.321144 96.980949 0.000000 -4.869332 0.057099 
468 50.555903 0.000000 -0.053901 97.350268 0.000000 -3.821511 0.050832 
469 49.147916 0.000000 -0.053901 97.671272 0.000000 -2.939594 0.045168 
470 50.555903 0.000000 1.321144 97.300768 0.000000 -3.984839 0.051668 
471 26.620120 0.000000 -15.179392 96.216345 0.000000 22.087856 0.025454 
472 20.988172 0.000000 -15.179392 96.807141 0.000000 21.901857 0.014869 
473 26.620120 0.000000 -20.679570 96.196972 0.000000 21.550005 0.028174 
474 35.068044 0.000000 -6.929124 97.767792 0.000000 -3.352519 0.043022 
475 32.252069 0.000000 -6.929124 95.835467 0.000000 24.151026 0.023229 
476 35.068044 0.000000 -9.679213 94.244065 0.000000 23.646891 0.055888 
477 47.739928 0.000000 -0.053901 97.757187 0.000000 -2.823241 0.043556 
478 47.739928 0.000000 1.321144 97.768862 0.000000 -2.565503 0.043467 
479 26.620120 0.000000 6.821323 99.318935 0.000000 22.890611 -0.038823 
480 20.988172 0.000000 6.821323 98.709069 0.000000 22.327435 -0.024199 
481 26.620120 0.000000 12.321501 99.731397 0.000000 22.228424 -0.044045 
482 35.068044 0.000000 4.071233 97.777544 0.000000 -3.398427 0.042800 
483 32.252069 0.000000 4.071233 100.088756 0.000000 24.391865 -0.061272 
484 35.068044 0.000000 6.821323 97.724298 0.000000 -3.374628 0.043857 
485 43.867964 0.000000 -1.772706 97.825236 0.000000 -3.282092 0.041945 
486 43.867964 0.000000 -2.116467 97.773265 0.000000 -2.929356 0.043181 
487 44.219960 0.000000 -1.772706 97.806645 0.000000 -3.372944 0.042248 
488 43.339968 0.000000 -1.600826 97.844108 0.000000 -3.186152 0.041638 
489 43.339968 0.000000 -1.772706 97.833141 0.000000 -3.082940 0.041917 
490 43.515967 0.000000 -1.600826 97.843543 0.000000 -3.205775 0.041636 
491 111.099352 0.000000 -31.679927 97.858492 0.000000 18.436851 0.008380 
492 111.099352 0.000000 -42.680284 97.765026 0.000000 19.066694 0.007846 
493 122.363250 0.000000 -31.679927 97.954976 0.000000 18.609520 0.005851 
1 19 21 3 22 
2 20 19 22 9 
3 28 20 9 30 
4 29 28 30 4 
5 35 37 19 38 
6 36 35 38 20 
7 44 36 20 46 
8 45 44 46 28 
9 51 53 35 54 
10 52 51 54 36 
11 60 52 36 62 
12 61 60 62 44 
13 67 69 51 70 
14 68 67 70 52 
15 76 68 52 78 
16 77 76 78 60 
17 83 85 67 86 
18 84 83 86 68 
19 10 93 92 26 
20 93 13 94 92 
21 92 94 8 95 
22 26 92 95 14 
23 23 97 96 42 
24 97 26 98 96 
25 96 98 14 99 
26 42 96 99 27 
27 101 42 102 100 
28 100 102 27 103 
29 55 105 104 74 
30 105 58 106 104 
31 104 106 43 107 
32 74 104 107 59 
33 109 74 110 108 
34 108 110 59 111 
35 112 84 68 114 
36 113 112 114 76 
37 115 117 83 118 
38 116 115 118 84 
39 7 134 132 133 
40 134 12 135 132 
41 132 135 10 25 
42 133 132 25 11 
43 11 138 136 137 
44 138 25 139 136 
45 136 139 23 41 
46 137 136 41 24 
47 24 142 140 141 
48 142 41 143 140 
49 140 143 39 57 
50 141 140 57 40 
51 40 146 144 145 
52 146 57 147 144 
53 144 147 55 73 
54 145 144 73 56 
55 56 150 148 149 
56 150 73 151 148 
57 148 151 71 89 
58 149 148 89 72 
59 89 154 152 153 
60 154 71 155 152 
61 152 155 90 121 
62 153 152 121 87 
63 87 158 156 157 
64 158 121 159 156 
65 14 95 161 37 
66 95 8 162 161 
67 161 162 21 163 
68 37 161 163 19 
69 27 99 164 53 
70 99 14 165 164 
71 164 165 37 166 
72 53 164 166 35 
73 103 27 168 167 
74 167 168 53 169 
75 69 167 169 51 
76 59 107 170 85 
77 107 43 171 170 
78 170 171 69 172 
79 85 170 172 67 
80 111 59 174 173 
81 173 174 85 175 
82 117 173 175 83 
83 90 177 176 122 
84 177 108 178 176 
85 176 178 111 179 
86 122 176 179 75 
87 121 181 180 159 
88 181 90 182 180 
89 180 182 122 183 
90 159 180 183 119 
91 91 123 184 185 
92 123 75 186 184 
93 184 186 117 187 
94 185 184 187 115 
95 188 190 123 191 
96 189 188 191 91 
97 156 194 192 193 
98 194 159 195 192 
99 192 195 119 196 
100 72 199 197 198 
101 199 89 153 197 
102 197 153 87 130 
103 198 197 130 88 
104 130 202 200 201 
105 202 87 157 200 
106 200 157 120 203 
107 201 200 203 128 
108 157 206 204 205 
109 206 156 193 204 
110 204 193 160 207 
111 205 204 207 120 
112 119 183 208 190 
113 183 122 209 208 
114 208 209 75 210 
115 190 208 210 123 
116 160 196 211 212 
117 196 119 213 211 
118 211 213 190 214 
119 212 211 214 188 
120 193 217 215 216 
121 217 192 218 215 
122 215 218 196 219 
123 216 215 219 160 
124 220 116 84 222 
125 221 220 222 112 
126 17 229 227 228 
127 229 7 133 227 
128 227 133 11 33 
129 228 227 33 15 
130 33 232 230 231 
131 232 11 137 230 
132 230 137 24 49 
133 231 230 49 31 
134 49 235 233 234 
135 235 24 141 233 
136 233 141 40 65 
137 234 233 65 47 
138 65 238 236 237 
139 238 40 145 236 
140 236 145 56 81 
141 237 236 81 63 
142 81 241 239 240 
143 241 56 149 239 
144 239 149 72 126 
145 240 239 126 79 
146 126 244 242 243 
147 244 72 198 242 
148 242 198 88 225 
149 243 242 225 124 
150 225 247 245 246 
151 247 88 248 245 
152 245 248 129 249 
153 246 245 249 223 
154 16 252 250 251 
155 252 15 32 250 
156 250 32 18 253 
157 251 250 253 6 
158 32 256 254 255 
159 256 31 48 254 
160 254 48 34 257 
161 255 254 257 18 
162 48 260 258 259 
163 260 47 64 258 
164 258 64 50 261 
165 259 258 261 34 
166 64 264 262 263 
167 263 262 265 50 
168 79 276 274 275 
169 276 126 243 274 
170 274 243 124 272 
171 275 274 272 125 
172 272 279 277 278 
173 279 124 280 277 
174 277 280 224 281 
175 278 277 281 270 
176 6 253 282 283 
177 253 18 45 282 
178 282 45 28 284 
179 283 282 284 29 
180 18 257 285 286 
181 257 34 61 285 
182 285 61 44 287 
183 286 285 287 45 
184 34 261 288 289 
185 261 50 77 288 
186 288 77 60 290 
187 289 288 290 61 
188 50 265 291 292 
189 291 113 76 293 
190 292 291 293 77 
191 294 221 112 296 
192 295 294 296 113 
193 82 273 301 302 
194 273 127 303 301 
195 301 303 220 304 
196 302 301 304 221 
197 307 270 308 305 
198 305 308 273 309 
199 306 305 309 82 
200 269 300 310 311 
201 300 82 302 310 
202 310 302 221 312 
203 311 310 312 294 
204 313 306 82 316 
205 314 313 316 300 
206 125 319 317 318 
207 319 272 278 317 
208 317 278 270 307 
209 322 307 323 320 
210 320 323 305 324 
211 321 320 324 306 
212 63 327 325 326 
213 327 81 240 325 
214 325 240 79 268 
215 326 325 268 80 
216 268 330 328 329 
217 330 79 275 328 
218 328 275 125 299 
219 329 328 299 266 
220 299 333 331 332 
221 333 125 318 331 
222 334 321 306 337 
223 335 334 337 313 
224 331 340 338 339 
225 340 318 341 338 
226 342 345 321 346 
227 343 342 346 334 
228 262 349 347 348 
229 349 80 267 347 
230 347 267 66 350 
231 348 347 350 265 
232 267 353 351 352 
233 353 266 298 351 
234 351 298 269 354 
235 352 351 354 66 
236 298 357 355 356 
237 357 297 314 355 
238 355 314 300 358 
239 356 355 358 269 
240 297 361 359 360 
241 361 315 335 359 
242 359 335 313 362 
243 360 359 362 314 
244 315 365 363 364 
245 365 336 343 363 
246 363 343 334 366 
247 364 363 366 335 
248 318 368 367 341 
249 368 317 369 367 
250 367 369 307 322 
251 338 372 370 371 
252 372 341 373 370 
253 336 376 374 375 
254 374 377 342 378 
255 375 374 378 343 
256 266 381 379 380 
257 381 299 332 379 
258 379 332 297 357 
259 380 379 357 298 
260 332 384 382 383 
261 384 331 339 382 
262 382 339 315 361 
263 383 382 361 297 
264 339 387 385 386 
265 387 338 371 385 
266 385 371 336 365 
267 386 385 365 315 
268 371 390 388 389 
269 390 370 391 388 
270 388 391 344 376 
271 389 388 376 336 
272 271 393 392 345 
273 393 322 394 392 
274 392 394 320 395 
275 345 392 395 321 
276 344 397 396 377 
277 397 271 398 396 
278 396 398 345 399 
279 377 396 399 342 
280 376 402 400 401 
281 402 344 403 400 
282 400 403 377 404 
283 401 400 404 374 
284 43 406 405 171 
285 406 103 407 405 
286 405 407 167 408 
287 171 405 408 69 
288 12 410 409 135 
289 410 2 411 409 
290 409 411 13 93 
291 135 409 93 10 
292 1 414 412 413 
293 414 17 228 412 
294 412 228 15 252 
295 413 412 252 16 
296 25 416 415 139 
297 416 10 417 415 
298 415 417 26 97 
299 139 415 97 23 
300 15 420 418 419 
301 420 33 231 418 
302 418 231 31 256 
303 419 418 256 32 
304 41 422 421 143 
305 422 23 423 421 
306 421 423 42 101 
307 143 421 101 39 
308 31 426 424 425 
309 426 49 234 424 
310 424 234 47 260 
311 425 424 260 48 
312 57 428 427 147 
313 428 39 429 427 
314 427 429 58 105 
315 147 427 105 55 
316 47 432 430 431 
317 432 65 237 430 
318 430 237 63 264 
319 431 430 264 64 
320 73 434 433 151 
321 434 55 435 433 
322 433 435 74 109 
323 151 433 109 71 
324 58 437 436 106 
325 437 100 438 436 
326 436 438 103 406 
327 106 436 406 43 
328 71 440 439 155 
329 440 109 441 439 
330 439 441 108 177 
331 155 439 177 90 
332 5 131 442 443 
333 131 91 185 442 
334 442 185 115 444 
335 443 442 444 116 
336 88 446 445 248 
337 446 130 201 445 
338 445 201 128 447 
339 248 445 447 129 
340 128 203 448 449 
341 203 120 189 448 
342 448 189 91 450 
343 449 448 450 131 
344 129 447 451 452 
345 447 128 449 451 
346 451 449 131 453 
347 452 451 453 5 
348 75 179 454 186 
349 179 111 455 454 
350 454 455 173 456 
351 186 454 456 117 
352 120 207 457 458 
353 207 160 212 457 
354 457 212 188 459 
355 458 457 459 189 
356 127 226 460 303 
357 226 5 443 460 
358 460 443 116 461 
359 303 460 461 220 
360 124 463 462 280 
361 463 225 246 462 
362 462 246 223 464 
363 280 462 464 224 
364 223 249 465 466 
365 249 129 452 465 
366 465 452 5 467 
367 466 465 467 226 
368 224 464 468 469 
369 464 223 466 468 
370 468 466 226 470 
371 469 468 470 127 
372 264 473 471 472 
373 473 63 326 471 
374 471 326 80 349 
375 472 471 349 262 
376 80 476 474 475 
377 476 268 329 474 
378 474 329 266 353 
379 475 474 353 267 
380 270 281 477 308 
381 281 224 469 477 
382 477 469 127 478 
383 308 477 478 273 
384 265 350 479 480 
385 350 66 295 479 
386 479 295 113 481 
387 480 479 481 291 
388 66 354 482 483 
389 354 269 311 482 
390 482 311 294 484 
391 483 482 484 295 
392 341 486 485 373 
393 486 367 487 485 
394 485 487 322 393 
395 373 485 393 271 
396 370 489 488 391 
397 489 373 490 488 
398 488 490 271 397 
399 391 488 397 344 
400 39 492 491 429 
401 492 101 493 491 
402 491 493 100 437 
403 429 491 437 58 
