2 0.000000 100.000000 410.334720
822 688 
1 -504.020754 0.000000 -507.020754 99.860701 0.000000 5.234227 0.000044 
2 604.824905 0.000000 -507.020754 99.861208 0.000000 5.219290 0.000050 
3 604.824905 0.000000 517.207809 99.866079 0.000000 5.216267 -0.000044 
4 -504.020754 0.000000 517.207809 99.865406 0.000000 5.234110 -0.000050 
5 50.402075 0.000000 5.093528 105.267861 0.000000 -3.123274 -0.109108 
6 -504.020754 0.000000 5.093528 99.863175 0.000000 5.236711 -0.000008 
7 50.402075 0.000000 -507.020754 99.855450 0.000000 5.226358 0.000157 
8 604.824905 0.000000 5.093528 99.830887 0.000000 5.857307 -0.000051 
9 50.402075 0.000000 517.207809 99.871021 0.000000 5.225795 -0.000153 
10 -226.809339 0.000000 -250.963613 99.854060 0.000000 5.236247 0.000175 
11 -504.020754 0.000000 -250.963613 99.860946 0.000000 5.235665 0.000038 
12 -226.809339 0.000000 -507.020754 99.857901 0.000000 5.232643 0.000102 
13 50.402075 0.000000 -250.963613 99.833396 0.000000 5.206051 0.000619 
14 -226.809339 0.000000 5.093528 99.864063 0.000000 5.245935 -0.000035 
15 327.613490 0.000000 -250.963613 99.855831 0.000000 5.178481 0.000200 
16 327.613490 0.000000 -507.020754 99.858211 0.000000 5.220305 0.000109 
17 604.824905 0.000000 -250.963613 99.863179 0.000000 5.183759 0.000047 
18 327.613490 0.000000 5.093528 99.611456 0.000000 10.053427 -0.002351 
19 -226.809339 0.000000 261.150668 99.872600 0.000000 5.235630 -0.000195 
20 -504.020754 0.000000 261.150668 99.865295 0.000000 5.235542 -0.000049 
21 50.402075 0.000000 261.150668 99.893806 0.000000 5.204703 -0.000586 
22 -226.809339 0.000000 517.207809 99.868319 0.000000 5.232368 -0.000106 
23 -88.203632 0.000000 -122.935043 99.828628 0.000000 5.247102 0.000671 
24 -226.809339 0.000000 -122.935043 99.855172 0.000000 5.241961 0.000147 
25 -88.203632 0.000000 -250.963613 99.843039 0.000000 5.230202 0.000401 
26 50.402075 0.000000 -122.935043 99.755142 0.000000 5.150964 0.002238 
27 -88.203632 0.000000 5.093528 99.868604 0.000000 5.291312 -0.000174 
28 327.613490 0.000000 261.150668 99.875228 0.000000 5.169091 -0.000178 
29 604.824905 0.000000 261.150668 99.868630 0.000000 5.162072 -0.000039 
30 327.613490 0.000000 517.207809 99.868779 0.000000 5.218819 -0.000101 
31 189.007783 0.000000 -122.935043 99.830544 0.000000 5.048051 0.000838 
32 189.007783 0.000000 -250.963613 99.844057 0.000000 5.182641 0.000430 
33 327.613490 0.000000 -122.935043 99.862265 0.000000 5.062846 0.000190 
34 189.007783 0.000000 5.093528 99.274862 0.000000 16.154581 -0.011647 
35 -88.203632 0.000000 133.122098 99.899506 0.000000 5.243388 -0.000740 
36 -226.809339 0.000000 133.122098 99.872240 0.000000 5.241216 -0.000193 
37 50.402075 0.000000 133.122098 99.968636 0.000000 5.153085 -0.002028 
38 -88.203632 0.000000 261.150668 99.883682 0.000000 5.228986 -0.000409 
39 -18.900778 0.000000 -58.920758 99.746840 0.000000 5.293625 0.002255 
40 -88.203632 0.000000 -58.920758 99.830652 0.000000 5.280419 0.000596 
41 -18.900778 0.000000 -122.935043 99.784476 0.000000 5.236208 0.001564 
42 50.402075 0.000000 -58.920758 99.532660 0.000000 5.072458 0.006752 
43 -18.900778 0.000000 5.093528 99.923651 0.000000 5.462131 -0.001457 
44 189.007783 0.000000 133.122098 99.912174 0.000000 5.030753 -0.000775 
45 327.613490 0.000000 133.122098 99.882583 0.000000 5.009716 -0.000163 
46 189.007783 0.000000 261.150668 99.885611 0.000000 5.178725 -0.000395 
47 119.704929 0.000000 -58.920758 99.770096 0.000000 4.852426 0.002238 
48 119.704929 0.000000 -122.935043 99.788220 0.000000 5.066615 0.001664 
49 189.007783 0.000000 -58.920758 99.842257 0.000000 4.862616 0.000788 
50 119.704929 0.000000 5.093528 98.781561 0.000000 15.440342 0.000380 
51 -18.900778 0.000000 69.107813 99.982433 0.000000 5.273984 -0.002430 
52 -88.203632 0.000000 69.107813 99.899063 0.000000 5.268797 -0.000758 
53 50.402075 0.000000 69.107813 100.157442 0.000000 5.089450 -0.005742 
54 -18.900778 0.000000 133.122098 99.946157 0.000000 5.232672 -0.001662 
55 15.750649 0.000000 -26.913615 99.616629 0.000000 5.199746 0.004949 
56 -18.900778 0.000000 -26.913615 99.741696 0.000000 5.370751 0.002275 
57 15.750649 0.000000 -58.920758 99.639363 0.000000 5.258983 0.004434 
58 50.402075 0.000000 -26.913615 98.939778 0.000000 5.439146 0.018134 
59 15.750649 0.000000 5.093528 100.360676 0.000000 3.023403 -0.008141 
60 119.704929 0.000000 69.107813 100.016622 0.000000 4.789563 -0.002626 
61 189.007783 0.000000 69.107813 99.923680 0.000000 4.752343 -0.000733 
62 119.704929 0.000000 133.122098 99.947273 0.000000 5.064522 -0.001511 
63 85.053502 0.000000 -26.913615 99.586736 0.000000 4.523648 0.006202 
64 85.053502 0.000000 -58.920758 99.631211 0.000000 4.882968 0.004978 
65 119.704929 0.000000 -26.913615 99.869584 0.000000 5.309714 -0.000213 
66 85.053502 0.000000 5.093528 101.456053 0.000000 1.917026 -0.029701 
67 15.750649 0.000000 37.100670 100.140505 0.000000 5.278537 -0.005598 
68 -18.900778 0.000000 37.100670 99.993435 0.000000 5.337247 -0.002717 
69 50.402075 0.000000 37.100670 100.449570 0.000000 5.175185 -0.011690 
70 15.750649 0.000000 69.107813 100.074163 0.000000 5.229025 -0.004218 
71 33.076362 0.000000 -10.910044 82.270412 0.000000 0.452437 0.323137 
72 15.750649 0.000000 -10.910044 99.432470 0.000000 4.031031 0.009693 
73 33.076362 0.000000 -26.913615 99.726234 0.000000 5.340824 0.002615 
74 50.402075 0.000000 -10.910044 107.801794 0.000000 -3.737637 -0.163520 
75 33.076362 0.000000 5.093528 83.059753 0.000000 0.486886 0.310084 
76 -365.415047 0.000000 -122.935043 99.860349 0.000000 5.238230 0.000047 
77 -504.020754 0.000000 -122.935043 99.861826 0.000000 5.236417 0.000020 
78 -365.415047 0.000000 -250.963613 99.858947 0.000000 5.236315 0.000077 
79 -365.415047 0.000000 5.093528 99.863381 0.000000 5.239121 -0.000014 
80 -157.506486 0.000000 -58.920758 99.853204 0.000000 5.252135 0.000175 
81 -226.809339 0.000000 -58.920758 99.858724 0.000000 5.244880 0.000073 
82 -157.506486 0.000000 -122.935043 99.847471 0.000000 5.244684 0.000298 
83 -157.506486 0.000000 5.093528 99.865181 0.000000 5.255346 -0.000067 
84 -53.552205 0.000000 -26.913615 99.827565 0.000000 5.319453 0.000616 
85 -88.203632 0.000000 -26.913615 99.847161 0.000000 5.287513 0.000259 
86 -53.552205 0.000000 -58.920758 99.806761 0.000000 5.288359 0.001064 
87 -53.552205 0.000000 5.093528 99.874534 0.000000 5.331939 -0.000335 
88 -1.575065 0.000000 -10.910044 99.272405 0.000000 5.296330 0.011694 
89 -18.900778 0.000000 -10.910044 99.777947 0.000000 5.446587 0.001470 
90 -1.575065 0.000000 -26.913615 99.631926 0.000000 5.304210 0.004534 
91 -1.575065 0.000000 5.093528 100.801427 0.000000 5.407255 -0.019017 
92 85.053502 0.000000 37.100670 100.310781 0.000000 4.655963 -0.008393 
93 119.704929 0.000000 37.100670 100.003021 0.000000 4.638101 -0.002212 
94 85.053502 0.000000 69.107813 100.117999 0.000000 4.890511 -0.004753 
95 33.076362 0.000000 21.097099 100.041103 0.000000 5.436567 -0.003778 
96 15.750649 0.000000 21.097099 100.211819 0.000000 5.251423 -0.006999 
97 50.402075 0.000000 21.097099 100.723082 0.000000 5.713802 -0.017779 
98 33.076362 0.000000 37.100670 100.254943 0.000000 5.284064 -0.007897 
99 24.413505 0.000000 -2.908258 94.441728 0.000000 0.435810 0.108057 
100 15.750649 0.000000 -2.908258 99.230576 0.000000 1.133077 0.015201 
101 24.413505 0.000000 -10.910044 99.999980 0.000000 3.820981 -0.001460 
102 33.076362 0.000000 -2.908258 92.209522 0.000000 0.149898 0.149738 
103 24.413505 0.000000 5.093528 99.577893 0.000000 2.884466 0.007592 
104 -365.415047 0.000000 133.122098 99.866290 0.000000 5.238020 -0.000071 
105 -504.020754 0.000000 133.122098 99.864491 0.000000 5.236337 -0.000034 
106 -365.415047 0.000000 261.150668 99.867471 0.000000 5.236051 -0.000093 
107 -157.506486 0.000000 69.107813 99.876299 0.000000 5.250753 -0.000285 
108 -226.809339 0.000000 69.107813 99.869174 0.000000 5.244369 -0.000136 
109 -157.506486 0.000000 133.122098 99.880617 0.000000 5.243068 -0.000363 
110 -53.552205 0.000000 37.100670 99.913892 0.000000 5.308944 -0.001097 
111 -88.203632 0.000000 37.100670 99.888093 0.000000 5.282932 -0.000554 
112 -53.552205 0.000000 69.107813 99.926378 0.000000 5.277847 -0.001314 
113 -1.575065 0.000000 21.097099 100.132395 0.000000 5.308595 -0.005468 
114 -18.900778 0.000000 21.097099 99.987183 0.000000 5.389658 -0.002649 
115 -1.575065 0.000000 37.100670 100.065871 0.000000 5.308979 -0.004136 
116 7.087792 0.000000 -2.908258 98.062410 0.000000 1.548431 0.038137 
117 -1.575065 0.000000 -2.908258 98.251270 0.000000 6.483729 0.030465 
118 7.087792 0.000000 -10.910044 99.055248 0.000000 4.599369 0.016690 
119 7.087792 0.000000 5.093528 101.076795 0.000000 3.781063 -0.023082 
120 24.413505 0.000000 13.095313 99.805486 0.000000 4.662832 0.001712 
121 15.750649 0.000000 13.095313 100.177252 0.000000 4.720011 -0.005776 
122 33.076362 0.000000 13.095313 99.592272 0.000000 5.340769 0.005286 
123 24.413505 0.000000 21.097099 100.031306 0.000000 5.189219 -0.003319 
124 20.082077 0.000000 1.092635 99.992249 0.000000 1.101309 0.000034 
125 15.750649 0.000000 1.092635 100.419309 0.000000 1.249559 -0.008560 
126 20.082077 0.000000 -2.908258 99.582935 0.000000 0.973733 0.008229 
127 24.413505 0.000000 1.092635 99.544449 0.000000 1.105851 0.008968 
128 20.082077 0.000000 5.093528 99.981677 0.000000 2.833282 -0.000436 
129 -88.203632 0.000000 -378.992184 99.851906 0.000000 5.229327 0.000225 
130 -226.809339 0.000000 -378.992184 99.856006 0.000000 5.233536 0.000139 
131 -88.203632 0.000000 -507.020754 99.856197 0.000000 5.230141 0.000139 
132 50.402075 0.000000 -378.992184 99.849650 0.000000 5.220895 0.000279 
133 -18.900778 0.000000 -186.949328 99.819868 0.000000 5.220366 0.000874 
134 -88.203632 0.000000 -186.949328 99.835861 0.000000 5.233986 0.000541 
135 -18.900778 0.000000 -250.963613 99.836351 0.000000 5.220590 0.000545 
136 50.402075 0.000000 -186.949328 99.809297 0.000000 5.191094 0.001116 
137 15.750649 0.000000 -90.927900 99.717370 0.000000 5.206660 0.002934 
138 -18.900778 0.000000 -90.927900 99.767616 0.000000 5.249819 0.001886 
139 15.750649 0.000000 -122.935043 99.766657 0.000000 5.201045 0.001956 
140 50.402075 0.000000 -90.927900 99.686075 0.000000 5.119142 0.003648 
141 33.076362 0.000000 -42.917186 99.520491 0.000000 5.251008 0.006810 
142 15.750649 0.000000 -42.917186 99.616282 0.000000 5.264711 0.004888 
143 33.076362 0.000000 -58.920758 99.581737 0.000000 5.177439 0.005667 
144 50.402075 0.000000 -42.917186 99.383325 0.000000 5.136257 0.009657 
145 24.413505 0.000000 -18.911829 99.858071 0.000000 4.894663 0.000441 
146 15.750649 0.000000 -18.911829 99.583270 0.000000 4.963457 0.005854 
147 24.413505 0.000000 -26.913615 99.638105 0.000000 5.279866 0.004437 
148 33.076362 0.000000 -18.911829 99.995078 0.000000 5.435766 -0.002856 
149 20.082077 0.000000 -6.909151 99.638425 0.000000 2.685993 0.006497 
150 15.750649 0.000000 -6.909151 99.302802 0.000000 2.923006 0.013041 
151 20.082077 0.000000 -10.910044 99.704189 0.000000 3.833424 0.004438 
152 24.413505 0.000000 -6.909151 99.970545 0.000000 2.629574 -0.000102 
153 67.727789 0.000000 -10.910044 98.199924 0.000000 4.455979 0.033692 
154 67.727789 0.000000 -26.913615 99.033762 0.000000 4.856628 0.016873 
155 85.053502 0.000000 -10.910044 99.277154 0.000000 2.692674 0.013680 
156 67.727789 0.000000 5.093528 101.146582 0.000000 4.182559 -0.024812 
157 41.739219 0.000000 -2.908258 84.504778 0.000000 0.542928 0.285865 
158 41.739219 0.000000 -10.910044 86.579939 0.000000 1.195775 0.250248 
159 50.402075 0.000000 -2.908258 110.027918 0.000000 -1.059204 -0.210726 
160 41.739219 0.000000 5.093528 89.562993 0.000000 1.576401 0.197599 
161 28.744934 0.000000 1.092635 94.786643 0.000000 0.124659 0.101548 
162 28.744934 0.000000 -2.908258 94.996403 0.000000 0.119161 0.097567 
163 33.076362 0.000000 1.092635 90.266117 0.000000 0.197286 0.185199 
164 28.744934 0.000000 5.093528 81.868575 0.000000 0.448344 0.329734 
165 22.247791 0.000000 -0.907812 99.742829 0.000000 0.000000 0.005137 
166 20.082077 0.000000 -0.907812 99.784618 0.000000 -0.000055 0.004303 
167 22.247791 0.000000 -2.908258 99.743355 0.000000 0.920408 0.005042 
168 24.413505 0.000000 -0.907812 99.579817 0.000000 0.008106 0.008386 
169 22.247791 0.000000 1.092635 99.767484 0.000000 1.070182 0.004530 
170 28.744934 0.000000 -6.909151 81.915606 0.000000 0.448380 0.328963 
171 28.744934 0.000000 -10.910044 94.441288 0.000000 0.435915 0.108065 
172 33.076362 0.000000 -6.909151 83.752752 0.000000 0.575237 0.298515 
173 26.579219 0.000000 -0.907812 98.695686 0.000000 0.021902 0.025916 
174 26.579219 0.000000 -2.908258 95.706962 0.000000 0.098567 0.084017 
175 28.744934 0.000000 -0.907812 98.089621 0.000000 0.033272 0.037843 
176 26.579219 0.000000 1.092635 96.299207 0.000000 0.116948 0.072645 
177 67.727789 0.000000 21.097099 100.842392 0.000000 5.110415 -0.019530 
178 85.053502 0.000000 21.097099 100.564237 0.000000 4.703144 -0.013529 
179 67.727789 0.000000 37.100670 100.471603 0.000000 4.889309 -0.011845 
180 41.739219 0.000000 13.095313 100.013319 0.000000 6.184175 -0.004091 
181 50.402075 0.000000 13.095313 100.980595 0.000000 6.223879 -0.023582 
182 41.739219 0.000000 21.097099 100.340716 0.000000 5.746952 -0.010129 
183 37.407790 0.000000 1.092635 68.504342 0.000000 0.476272 0.530693 
184 37.407790 0.000000 -2.908258 70.045827 0.000000 0.449955 0.509338 
185 41.739219 0.000000 1.092635 84.344223 0.000000 0.357643 0.288592 
186 37.407790 0.000000 5.093528 86.016833 0.000000 1.071490 0.259996 
187 30.910648 0.000000 -0.907812 97.776396 0.000000 0.033089 0.043978 
188 30.910648 0.000000 -2.908258 94.645032 0.000000 0.129855 0.104230 
189 33.076362 0.000000 -0.907812 93.826183 0.000000 0.082077 0.119664 
190 30.910648 0.000000 1.092635 94.475455 0.000000 0.135054 0.107437 
191 59.064932 0.000000 -2.908258 103.042345 0.000000 -1.649139 -0.062044 
192 59.064932 0.000000 -10.910044 113.903045 0.000000 -11.029847 -0.309556 
193 67.727789 0.000000 -2.908258 99.534819 0.000000 0.000000 0.009282 
194 59.064932 0.000000 5.093528 112.481767 0.000000 -7.273149 -0.270505 
195 46.070647 0.000000 1.092635 99.418446 0.000000 -0.569899 0.011565 
196 46.070647 0.000000 -2.908258 99.371805 0.000000 0.034522 0.012524 
197 50.402075 0.000000 1.092635 109.883389 0.000000 -1.073977 -0.207551 
198 46.070647 0.000000 5.093528 97.619078 0.000000 -1.611108 0.046792 
199 41.739219 0.000000 -18.911829 99.645050 0.000000 6.119864 0.003341 
200 41.739219 0.000000 -26.913615 99.408135 0.000000 5.612200 0.008653 
201 50.402075 0.000000 -18.911829 98.793575 0.000000 6.110978 0.020249 
202 46.070647 0.000000 -6.909151 97.517022 0.000000 -1.565777 0.048798 
203 41.739219 0.000000 -6.909151 91.267025 0.000000 1.378837 0.166843 
204 46.070647 0.000000 -10.910044 96.597600 0.000000 0.969815 0.066796 
205 50.402075 0.000000 -6.909151 102.845019 0.000000 -2.946828 -0.058578 
206 43.904933 0.000000 -0.907812 91.465141 0.000000 0.165825 0.163410 
207 41.739219 0.000000 -0.907812 83.589285 0.000000 0.309938 0.301274 
208 43.904933 0.000000 -2.908258 94.196262 0.000000 0.242206 0.112701 
209 46.070647 0.000000 -0.907812 100.168413 0.000000 0.437126 -0.003390 
210 43.904933 0.000000 1.092635 93.573721 0.000000 -0.533554 0.124367 
211 59.064932 0.000000 13.095313 101.271781 0.000000 5.676365 -0.028819 
212 67.727789 0.000000 13.095313 101.098161 0.000000 5.269943 -0.024861 
213 59.064932 0.000000 21.097099 100.980305 0.000000 5.292528 -0.022503 
214 54.733504 0.000000 1.092635 106.791227 0.000000 -1.768651 -0.140749 
215 54.733504 0.000000 -2.908258 106.757286 0.000000 -1.746413 -0.140017 
216 59.064932 0.000000 1.092635 103.494361 0.000000 -1.862283 -0.071455 
217 54.733504 0.000000 5.093528 110.116365 0.000000 -4.975012 -0.215036 
218 466.219197 0.000000 -122.935043 99.867691 0.000000 5.078832 0.000065 
219 466.219197 0.000000 -250.963613 99.861073 0.000000 5.180753 0.000093 
220 604.824905 0.000000 -122.935043 99.868880 0.000000 5.091846 0.000028 
221 466.219197 0.000000 5.093528 99.766021 0.000000 7.097805 -0.000364 
222 258.310636 0.000000 -58.920758 99.867123 0.000000 4.882494 0.000272 
223 258.310636 0.000000 -122.935043 99.853796 0.000000 5.058469 0.000363 
224 327.613490 0.000000 -58.920758 99.874336 0.000000 4.892852 0.000118 
225 258.310636 0.000000 5.093528 99.465057 0.000000 12.836748 -0.005808 
226 154.356356 0.000000 -26.913615 99.788951 0.000000 5.223645 0.001488 
227 154.356356 0.000000 -58.920758 99.815211 0.000000 4.859493 0.001331 
228 189.007783 0.000000 -26.913615 99.830462 0.000000 5.126252 0.000760 
229 154.356356 0.000000 5.093528 98.836210 0.000000 17.043307 -0.005907 
230 102.379216 0.000000 -10.910044 101.985279 0.000000 7.714857 -0.046052 
231 102.379216 0.000000 -26.913615 100.021929 0.000000 4.992178 -0.002931 
232 119.704929 0.000000 -10.910044 99.741288 0.000000 8.078872 -0.001359 
233 102.379216 0.000000 5.093528 96.593352 0.000000 11.936288 0.052725 
234 76.390646 0.000000 -2.908258 99.654013 0.000000 0.000000 0.006908 
235 76.390646 0.000000 -10.910044 98.349779 0.000000 3.834902 0.031261 
236 85.053502 0.000000 -2.908258 99.092495 0.000000 -6.592958 0.013721 
237 76.390646 0.000000 5.093528 101.676493 0.000000 3.971349 -0.035388 
238 63.396360 0.000000 1.092635 101.669747 0.000000 -1.585617 -0.033925 
239 63.396360 0.000000 -2.908258 101.412102 0.000000 -1.394699 -0.028636 
240 67.727789 0.000000 1.092635 99.524992 0.000000 0.000000 0.009478 
241 63.396360 0.000000 5.093528 111.908284 0.000000 -13.256343 -0.269919 
242 189.007783 0.000000 -378.992184 99.852256 0.000000 5.212633 0.000236 
243 189.007783 0.000000 -507.020754 99.856359 0.000000 5.222634 0.000143 
244 327.613490 0.000000 -378.992184 99.856663 0.000000 5.208904 0.000151 
245 119.704929 0.000000 -186.949328 99.819088 0.000000 5.159551 0.000953 
246 119.704929 0.000000 -250.963613 99.836872 0.000000 5.191700 0.000565 
247 189.007783 0.000000 -186.949328 99.838334 0.000000 5.146251 0.000582 
248 85.053502 0.000000 -90.927900 99.716486 0.000000 5.021980 0.003140 
249 85.053502 0.000000 -122.935043 99.766363 0.000000 5.101051 0.002065 
250 119.704929 0.000000 -90.927900 99.773026 0.000000 4.975068 0.002059 
251 67.727789 0.000000 -42.917186 99.398048 0.000000 4.884160 0.009617 
252 67.727789 0.000000 -58.920758 99.549592 0.000000 4.942133 0.006545 
253 85.053502 0.000000 -42.917186 99.591942 0.000000 4.731630 0.005906 
254 59.064932 0.000000 -18.911829 98.409934 0.000000 5.300110 0.028739 
255 59.064932 0.000000 -26.913615 98.864447 0.000000 5.132076 0.019948 
256 67.727789 0.000000 -18.911829 98.661741 0.000000 4.852208 0.024232 
257 63.396360 0.000000 -6.909151 111.816549 0.000000 -13.279439 -0.267928 
258 59.064932 0.000000 -6.909151 112.394660 0.000000 -7.377915 -0.268699 
259 63.396360 0.000000 -10.910044 97.995271 0.000000 4.654582 0.037526 
260 67.727789 0.000000 -6.909151 98.054428 0.000000 3.473505 0.037326 
261 466.219197 0.000000 133.122098 99.878092 0.000000 4.992607 -0.000056 
262 604.824905 0.000000 133.122098 99.877691 0.000000 4.971208 -0.000027 
263 466.219197 0.000000 261.150668 99.870490 0.000000 5.165299 -0.000080 
264 258.310636 0.000000 69.107813 99.899446 0.000000 4.751778 -0.000248 
265 327.613490 0.000000 69.107813 99.893444 0.000000 4.734585 -0.000112 
266 258.310636 0.000000 133.122098 99.890498 0.000000 5.020999 -0.000332 
267 154.356356 0.000000 37.100670 99.938776 0.000000 4.729402 -0.001013 
268 189.007783 0.000000 37.100670 99.906975 0.000000 4.806500 -0.000451 
269 154.356356 0.000000 69.107813 99.954768 0.000000 4.762834 -0.001364 
270 102.379216 0.000000 21.097099 99.987963 0.000000 4.888448 -0.002149 
271 119.704929 0.000000 21.097099 99.823664 0.000000 5.435672 0.000569 
272 102.379216 0.000000 37.100670 100.126287 0.000000 4.573974 -0.004619 
273 76.390646 0.000000 13.095313 101.026298 0.000000 5.079158 -0.023211 
274 85.053502 0.000000 13.095313 100.794866 0.000000 4.665682 -0.018137 
275 76.390646 0.000000 21.097099 100.622985 0.000000 5.013450 -0.015012 
276 72.059217 0.000000 1.092635 99.522296 0.000000 0.000000 0.009531 
277 72.059217 0.000000 -2.908258 99.518591 0.000000 0.000000 0.009605 
278 76.390646 0.000000 1.092635 99.654008 0.000000 0.000000 0.006908 
279 72.059217 0.000000 5.093528 101.211030 0.000000 4.198326 -0.026130 
280 65.562075 0.000000 -0.907812 99.748080 0.000000 -0.486449 0.005008 
281 63.396360 0.000000 -0.907812 100.395508 0.000000 -0.580679 -0.007960 
282 65.562075 0.000000 -2.908258 100.095213 0.000000 -1.438768 -0.002112 
283 67.727789 0.000000 -0.907812 99.538988 0.000000 0.000000 0.009199 
284 65.562075 0.000000 1.092635 100.211972 0.000000 -1.752051 -0.004551 
285 76.390646 0.000000 -18.911829 98.971259 0.000000 4.505299 0.018439 
286 76.390646 0.000000 -26.913615 99.339846 0.000000 4.720206 0.010931 
287 85.053502 0.000000 -18.911829 99.525184 0.000000 4.220713 0.007692 
288 72.059217 0.000000 -6.909151 98.023037 0.000000 3.300625 0.038059 
289 72.059217 0.000000 -10.910044 98.331420 0.000000 4.230536 0.031303 
290 76.390646 0.000000 -6.909151 97.773457 0.000000 2.860245 0.043217 
291 93.716359 0.000000 -2.908258 95.940189 0.000000 -12.913675 0.062872 
292 93.716359 0.000000 -10.910044 101.816979 0.000000 3.224914 -0.037710 
293 102.379216 0.000000 -2.908258 98.095201 0.000000 23.690859 -0.018393 
294 93.716359 0.000000 5.093528 96.991256 0.000000 4.170864 0.057530 
295 80.722074 0.000000 1.092635 99.621207 0.000000 -4.761816 0.005294 
296 80.722074 0.000000 -2.908258 99.636773 0.000000 -4.762560 0.004983 
297 85.053502 0.000000 1.092635 99.173852 0.000000 -6.359583 0.012410 
298 80.722074 0.000000 5.093528 102.166838 0.000000 2.986421 -0.044698 
299 74.224931 0.000000 -0.907812 99.576415 0.000000 0.000000 0.008454 
300 72.059217 0.000000 -0.907812 99.530428 0.000000 0.000000 0.009369 
301 74.224931 0.000000 -2.908258 99.565328 0.000000 0.000000 0.008675 
302 76.390646 0.000000 -0.907812 99.648692 0.000000 0.000000 0.007014 
303 74.224931 0.000000 1.092635 99.565280 0.000000 0.000000 0.008675 
304 80.722074 0.000000 -6.909151 97.661691 0.000000 1.683896 0.045936 
305 80.722074 0.000000 -10.910044 98.592122 0.000000 3.320448 0.026857 
306 85.053502 0.000000 -6.909151 98.515373 0.000000 0.256024 0.029466 
307 78.556360 0.000000 -0.907812 99.764796 0.000000 0.000000 0.004699 
308 78.556360 0.000000 -2.908258 96.360210 0.000000 0.735823 0.071417 
309 80.722074 0.000000 -0.907812 99.850378 0.000000 -0.635291 0.002950 
310 78.556360 0.000000 1.092635 103.157343 0.000000 1.337014 -0.064323 
311 93.716359 0.000000 13.095313 99.906228 0.000000 4.854533 -0.000482 
312 102.379216 0.000000 13.095313 99.353660 0.000000 6.245179 0.008985 
313 93.716359 0.000000 21.097099 100.270892 0.000000 4.665573 -0.007602 
314 89.384931 0.000000 1.092635 97.900508 0.000000 -10.171605 0.031203 
315 89.384931 0.000000 -2.908258 97.475151 0.000000 -10.794449 0.038207 
316 93.716359 0.000000 1.092635 96.009879 0.000000 -12.923055 0.061510 
317 89.384931 0.000000 5.093528 99.355433 0.000000 1.919793 0.012481 
318 82.887788 0.000000 -0.907812 99.692029 0.000000 -4.765201 0.003879 
319 82.887788 0.000000 -2.908258 99.678199 0.000000 -4.764540 0.004156 
320 85.053502 0.000000 -0.907812 99.216592 0.000000 -6.195806 0.011768 
321 82.887788 0.000000 1.092635 99.680703 0.000000 -4.764660 0.004106 
322 102.379216 0.000000 -42.917186 99.759474 0.000000 4.806970 0.002494 
323 102.379216 0.000000 -58.920758 99.717038 0.000000 4.849513 0.003299 
324 119.704929 0.000000 -42.917186 99.794554 0.000000 4.868873 0.001734 
325 93.716359 0.000000 -18.911829 100.280028 0.000000 4.603912 -0.007728 
326 93.716359 0.000000 -26.913615 99.892497 0.000000 4.681542 -0.000043 
327 102.379216 0.000000 -18.911829 100.440994 0.000000 5.557414 -0.011928 
328 89.384931 0.000000 -6.909151 100.438498 0.000000 -0.976293 -0.008885 
329 89.384931 0.000000 -10.910044 100.434862 0.000000 2.445551 -0.009314 
330 93.716359 0.000000 -6.909151 103.261994 0.000000 -0.648502 -0.066346 
331 82.887788 0.000000 -4.908704 99.621197 0.000000 -4.761815 0.005294 
332 80.722074 0.000000 -4.908704 96.748821 0.000000 0.506601 0.063941 
333 82.887788 0.000000 -6.909151 97.985108 0.000000 1.038272 0.039784 
334 85.053502 0.000000 -4.908704 99.636777 0.000000 -4.762560 0.004983 
335 81.804931 0.000000 -1.908035 99.756139 0.000000 -3.142096 0.003884 
336 80.722074 0.000000 -1.908035 99.774429 0.000000 -2.033932 0.004093 
337 81.804931 0.000000 -2.908258 99.683285 0.000000 -4.764783 0.004054 
338 82.887788 0.000000 -1.908035 99.696850 0.000000 -4.765432 0.003783 
339 81.804931 0.000000 -0.907812 99.808167 0.000000 -1.809553 0.003506 
340 137.030642 0.000000 -10.910044 99.639878 0.000000 7.563729 0.001468 
341 137.030642 0.000000 -26.913615 99.793263 0.000000 5.286265 0.001336 
342 154.356356 0.000000 -10.910044 99.644980 0.000000 7.180248 0.001932 
343 137.030642 0.000000 5.093528 98.782310 0.000000 16.726671 -0.003773 
344 111.042072 0.000000 -2.908258 98.969093 0.000000 14.988460 -0.001954 
345 111.042072 0.000000 -10.910044 100.086331 0.000000 8.380298 -0.008750 
346 119.704929 0.000000 -2.908258 99.139559 0.000000 13.698294 -0.001630 
347 111.042072 0.000000 5.093528 98.493718 0.000000 14.425627 0.009089 
348 98.047787 0.000000 1.092635 89.156085 0.000000 7.327884 0.199749 
349 98.047787 0.000000 -2.908258 94.649347 0.000000 -14.560389 0.082950 
350 102.379216 0.000000 1.092635 93.461917 0.000000 17.371430 0.096310 
351 98.047787 0.000000 5.093528 95.766549 0.000000 8.159352 0.076219 
352 54.733504 0.000000 -6.909151 108.635113 0.000000 -4.622246 -0.182295 
353 54.733504 0.000000 -10.910044 111.266460 0.000000 -5.609705 -0.241169 
354 52.567790 0.000000 -0.907812 116.663641 0.000000 -2.466430 -0.361649 
355 50.402075 0.000000 -0.907812 110.608755 0.000000 0.122004 -0.223431 
356 52.567790 0.000000 -2.908258 110.267039 0.000000 -1.186060 -0.216023 
357 54.733504 0.000000 -0.907812 106.343986 0.000000 -0.445316 -0.130924 
358 52.567790 0.000000 1.092635 110.516570 0.000000 -1.267440 -0.221552 
359 52.567790 0.000000 -4.908704 107.336079 0.000000 -3.979618 -0.153687 
360 50.402075 0.000000 -4.908704 103.198705 0.000000 -2.958847 -0.065873 
361 52.567790 0.000000 -6.909151 107.079498 0.000000 -3.880549 -0.148108 
362 54.733504 0.000000 -4.908704 108.826553 0.000000 -4.791718 -0.186618 
363 56.899218 0.000000 -0.907812 103.652009 0.000000 -0.729622 -0.074427 
364 56.899218 0.000000 -2.908258 104.368988 0.000000 -1.372647 -0.089477 
365 59.064932 0.000000 -0.907812 101.547772 0.000000 -0.811128 -0.031261 
366 56.899218 0.000000 1.092635 104.728313 0.000000 -1.480477 -0.097021 
367 53.650647 0.000000 -1.908035 106.973951 0.000000 -5.683841 -0.147573 
368 52.567790 0.000000 -1.908035 118.879823 0.000000 -3.611841 -0.414546 
369 53.650647 0.000000 -2.908258 108.919070 0.000000 -1.364232 -0.186522 
370 54.733504 0.000000 -1.908035 106.377264 0.000000 -1.189527 -0.131754 
371 53.650647 0.000000 -0.907812 109.053019 0.000000 -0.903413 -0.189338 
372 56.899218 0.000000 -4.908704 110.192764 0.000000 -5.537473 -0.217311 
373 56.899218 0.000000 -6.909151 111.329739 0.000000 -6.087355 -0.243137 
374 59.064932 0.000000 -4.908704 111.307040 0.000000 -6.356785 -0.242967 
375 55.816361 0.000000 -1.908035 104.964797 0.000000 -1.061211 -0.101873 
376 55.816361 0.000000 -2.908258 105.308382 0.000000 -1.436729 -0.109192 
377 56.899218 0.000000 -1.908035 104.117914 0.000000 -1.105927 -0.084176 
378 55.816361 0.000000 -0.907812 104.963837 0.000000 -0.949987 -0.101831 
379 54.733504 0.000000 9.094420 112.621241 0.000000 -6.799192 -0.272977 
380 50.402075 0.000000 9.094420 109.673559 0.000000 -4.233152 -0.204621 
381 59.064932 0.000000 9.094420 112.120050 0.000000 -13.203364 -0.274523 
382 54.733504 0.000000 13.095313 101.223875 0.000000 5.969468 -0.028191 
383 52.567790 0.000000 3.093081 107.315736 0.000000 -3.910460 -0.153196 
384 50.402075 0.000000 3.093081 103.148261 0.000000 -2.941506 -0.064822 
385 54.733504 0.000000 3.093081 108.827885 0.000000 -4.683804 -0.186545 
386 52.567790 0.000000 5.093528 108.423083 0.000000 -4.131457 -0.177263 
387 53.650647 0.000000 0.092412 109.178625 0.000000 -1.103220 -0.192119 
388 52.567790 0.000000 0.092412 110.434094 0.000000 -0.981524 -0.219665 
389 54.733504 0.000000 0.092412 106.438397 0.000000 -1.262427 -0.133073 
390 53.650647 0.000000 1.092635 108.937600 0.000000 -1.364551 -0.186926 
391 54.192075 0.000000 -1.407923 105.073617 0.000000 -5.938896 -0.107574 
392 53.650647 0.000000 -1.407923 109.104592 0.000000 -6.889210 -0.195127 
393 54.192075 0.000000 -1.908035 104.423029 0.000000 -7.108008 -0.095469 
394 54.733504 0.000000 -1.407923 107.018089 0.000000 -0.797707 -0.145351 
395 54.192075 0.000000 -0.907812 107.952070 0.000000 -0.817747 -0.165432 
396 48.236361 0.000000 -0.907812 108.077907 0.000000 0.598812 -0.168119 
397 48.236361 0.000000 -2.908258 105.426093 0.000000 0.049743 -0.111466 
398 48.236361 0.000000 1.092635 104.270907 0.000000 -0.890412 -0.087321 
399 51.484932 0.000000 -1.908035 115.531344 0.000000 -1.126005 -0.334876 
400 50.402075 0.000000 -1.908035 109.851039 0.000000 0.195847 -0.206729 
401 51.484932 0.000000 -2.908258 111.356010 0.000000 -1.359207 -0.240201 
402 51.484932 0.000000 -0.907812 115.708215 0.000000 -0.750603 -0.338895 
403 53.109218 0.000000 -1.407923 115.129431 0.000000 -5.890834 -0.328949 
404 52.567790 0.000000 -1.407923 120.082932 0.000000 -3.990599 -0.443584 
405 53.109218 0.000000 -1.908035 115.590860 0.000000 -4.155445 -0.337851 
406 53.109218 0.000000 -0.907812 113.236758 0.000000 -2.194056 -0.282738 
407 51.484932 0.000000 0.092412 111.854898 0.000000 -0.906772 -0.251234 
408 50.402075 0.000000 0.092412 110.824276 0.000000 -0.759132 -0.228260 
409 51.484932 0.000000 1.092635 112.207005 0.000000 -1.417843 -0.259242 
410 52.026361 0.000000 -1.407923 128.997323 0.000000 -3.023807 -0.664945 
411 51.484932 0.000000 -1.407923 116.287439 0.000000 -0.999056 -0.352377 
412 52.026361 0.000000 -1.908035 118.273331 0.000000 -1.631131 -0.399124 
413 52.026361 0.000000 -0.907812 116.706495 0.000000 -1.288618 -0.362207 
414 48.236361 0.000000 -4.908704 99.124857 0.000000 -1.895509 0.017067 
415 46.070647 0.000000 -4.908704 97.557057 0.000000 -1.476561 0.048044 
416 48.236361 0.000000 -6.909151 98.864533 0.000000 -1.936954 0.022205 
417 49.319218 0.000000 -1.908035 109.301670 0.000000 1.136062 -0.194815 
418 48.236361 0.000000 -1.908035 107.481121 0.000000 0.900662 -0.155300 
419 49.319218 0.000000 -2.908258 108.402026 0.000000 -0.118789 -0.175101 
420 49.319218 0.000000 -0.907812 110.520726 0.000000 0.565276 -0.221515 
421 46.070647 0.000000 9.094420 99.950297 0.000000 2.081092 0.000561 
422 41.739219 0.000000 9.094420 86.621996 0.000000 1.202327 0.249518 
423 46.070647 0.000000 13.095313 100.529079 0.000000 6.335893 -0.014624 
424 48.236361 0.000000 3.093081 99.108810 0.000000 -1.913441 0.017378 
425 46.070647 0.000000 3.093081 97.636816 0.000000 -1.520907 0.046474 
426 48.236361 0.000000 5.093528 99.305751 0.000000 -2.191183 0.013357 
427 49.319218 0.000000 0.092412 108.932998 0.000000 -0.159688 -0.186642 
428 48.236361 0.000000 0.092412 107.062675 0.000000 -0.059605 -0.146242 
429 49.319218 0.000000 1.092635 108.061685 0.000000 -0.862362 -0.167807 
430 49.860647 0.000000 -1.407923 109.815220 0.000000 0.651217 -0.205981 
431 49.319218 0.000000 -1.407923 110.656065 0.000000 2.220326 -0.224969 
432 49.860647 0.000000 -1.908035 109.584737 0.000000 0.479726 -0.200904 
433 50.402075 0.000000 -1.407923 109.993348 0.000000 0.274243 -0.209861 
434 49.860647 0.000000 -0.907812 110.591722 0.000000 0.263447 -0.223060 
435 37.407790 0.000000 -6.909151 85.922378 0.000000 1.053535 0.261623 
436 37.407790 0.000000 -10.910044 83.670303 0.000000 0.593328 0.299893 
437 43.904933 0.000000 -4.908704 95.972674 0.000000 -1.178645 0.078786 
438 41.739219 0.000000 -4.908704 93.104388 0.000000 0.921792 0.133072 
439 43.904933 0.000000 -6.909151 96.154432 0.000000 -1.287147 0.075267 
440 44.987790 0.000000 -1.908035 96.657954 0.000000 0.598959 0.065688 
441 43.904933 0.000000 -1.908035 93.245138 0.000000 0.451367 0.130514 
442 44.987790 0.000000 -2.908258 96.830525 0.000000 0.241602 0.062379 
443 46.070647 0.000000 -1.908035 99.560163 0.000000 0.869986 0.008702 
444 44.987790 0.000000 -0.907812 96.332790 0.000000 0.327526 0.071989 
445 39.573505 0.000000 -0.907812 75.209142 0.000000 0.344275 0.434347 
446 37.407790 0.000000 -0.907812 59.776888 0.000000 0.186094 0.642669 
447 39.573505 0.000000 -2.908258 76.666780 0.000000 0.471112 0.412198 
448 39.573505 0.000000 1.092635 74.931005 0.000000 0.543009 0.438505 
449 42.822076 0.000000 -1.908035 88.857801 0.000000 0.227064 0.210424 
450 41.739219 0.000000 -1.908035 84.088783 0.000000 0.448722 0.292888 
451 42.822076 0.000000 -2.908258 89.162184 0.000000 0.015616 0.205010 
452 42.822076 0.000000 -0.907812 86.790320 0.000000 0.064014 0.246744 
453 39.573505 0.000000 -4.908704 88.532980 0.000000 1.415193 0.215991 
454 37.407790 0.000000 -4.908704 85.778803 0.000000 1.026520 0.264094 
455 39.573505 0.000000 -6.909151 87.624854 0.000000 1.361463 0.232003 
456 40.656362 0.000000 -1.908035 80.227908 0.000000 0.491841 0.356324 
457 39.573505 0.000000 -1.908035 82.321089 0.000000 0.473476 0.322301 
458 40.656362 0.000000 -2.908258 81.674103 0.000000 0.594191 0.332899 
459 40.656362 0.000000 -0.907812 75.923456 0.000000 0.190912 0.423559 
460 43.904933 0.000000 3.093081 96.151304 0.000000 -1.234565 0.075340 
461 41.739219 0.000000 3.093081 91.214506 0.000000 1.378909 0.167801 
462 43.904933 0.000000 5.093528 96.005762 0.000000 0.197468 0.078285 
463 42.822076 0.000000 0.092412 88.190874 0.000000 -0.130424 0.222235 
464 41.739219 0.000000 0.092412 83.379261 0.000000 0.177996 0.304787 
465 43.904933 0.000000 0.092412 93.360565 0.000000 -0.173268 0.128377 
466 42.822076 0.000000 1.092635 88.724228 0.000000 -0.402858 0.212785 
467 42.280647 0.000000 -1.407923 85.128716 0.000000 0.203031 0.275306 
468 41.739219 0.000000 -1.407923 83.735934 0.000000 0.382983 0.298815 
469 42.280647 0.000000 -1.908035 86.238838 0.000000 0.267061 0.256279 
470 42.822076 0.000000 -1.407923 88.335284 0.000000 0.185823 0.219684 
471 42.280647 0.000000 -0.907812 84.608762 0.000000 0.146370 0.284134 
472 35.242076 0.000000 -0.907812 78.043562 0.000000 0.096162 0.390919 
473 35.242076 0.000000 -2.908258 80.169604 0.000000 0.209767 0.357279 
474 35.242076 0.000000 1.092635 80.105825 0.000000 0.214073 0.358301 
475 38.490647 0.000000 -1.908035 73.688833 0.000000 0.347783 0.456983 
476 37.407790 0.000000 -1.908035 63.494645 0.000000 0.341084 0.596831 
477 38.490647 0.000000 -2.908258 74.227996 0.000000 0.414031 0.449003 
478 38.490647 0.000000 -0.907812 69.977321 0.000000 0.253927 0.510311 
479 37.407790 0.000000 9.094420 83.684234 0.000000 0.594865 0.299660 
480 33.076362 0.000000 9.094420 81.584895 0.000000 0.448119 0.334370 
481 37.407790 0.000000 13.095313 99.669859 0.000000 5.796888 0.003232 
482 39.573505 0.000000 3.093081 88.710083 0.000000 1.439836 0.212845 
483 37.407790 0.000000 3.093081 85.866237 0.000000 1.043000 0.262590 
484 39.573505 0.000000 5.093528 87.772593 0.000000 1.385944 0.229405 
485 38.490647 0.000000 0.092412 68.754543 0.000000 0.319022 0.527271 
486 37.407790 0.000000 0.092412 65.748637 0.000000 0.336240 0.567700 
487 39.573505 0.000000 0.092412 72.005215 0.000000 0.366415 0.481511 
488 38.490647 0.000000 1.092635 70.704932 0.000000 0.434996 0.500062 
489 39.032076 0.000000 -1.407923 73.204151 0.000000 0.307419 0.464106 
490 38.490647 0.000000 -1.407923 72.870881 0.000000 0.330534 0.468973 
491 39.032076 0.000000 -1.908035 76.289458 0.000000 0.391864 0.417976 
492 39.573505 0.000000 -1.407923 79.090199 0.000000 0.419985 0.374456 
493 39.032076 0.000000 -0.907812 70.963694 0.000000 0.262079 0.496409 
494 35.242076 0.000000 -4.908704 84.686755 0.000000 0.749527 0.282759 
495 33.076362 0.000000 -4.908704 83.774219 0.000000 0.571054 0.298155 
496 35.242076 0.000000 -6.909151 84.737282 0.000000 0.762878 0.281901 
497 36.324933 0.000000 -1.908035 71.481821 0.000000 0.303458 0.489026 
498 35.242076 0.000000 -1.908035 86.191062 0.000000 0.376946 0.257096 
499 36.324933 0.000000 -2.908258 72.910630 0.000000 0.329707 0.468393 
500 36.324933 0.000000 -0.907812 67.478362 0.000000 0.221821 0.544662 
501 35.242076 0.000000 3.093081 84.715895 0.000000 0.757155 0.282264 
502 33.076362 0.000000 3.093081 83.762113 0.000000 0.573357 0.298358 
503 35.242076 0.000000 5.093528 84.773791 0.000000 0.771235 0.281281 
504 36.324933 0.000000 0.092412 71.985154 0.000000 0.234782 0.481808 
505 35.242076 0.000000 0.092412 80.131423 0.000000 0.152996 0.357893 
506 36.324933 0.000000 1.092635 71.051520 0.000000 0.373579 0.495154 
507 36.866362 0.000000 -1.407923 60.957674 0.000000 0.259542 0.628409 
508 36.324933 0.000000 -1.407923 70.634718 0.000000 0.280074 0.501066 
509 36.866362 0.000000 -1.908035 57.353392 0.000000 0.335355 0.671048 
510 37.407790 0.000000 -1.407923 61.978889 0.000000 0.270579 0.615854 
511 36.866362 0.000000 -0.907812 62.215380 0.000000 0.185434 0.612921 
512 34.159219 0.000000 -1.908035 87.164891 0.000000 0.143611 0.240226 
513 33.076362 0.000000 -1.908035 93.385290 0.000000 0.099843 0.127918 
514 34.159219 0.000000 -2.908258 90.539856 0.000000 0.257829 0.180247 
515 34.159219 0.000000 -0.907812 90.540735 0.000000 0.060103 0.180237 
516 35.783505 0.000000 -1.407923 78.769630 0.000000 0.214388 0.379530 
517 35.242076 0.000000 -1.407923 84.164831 0.000000 0.303555 0.291619 
518 35.783505 0.000000 -1.908035 83.239209 0.000000 0.369178 0.307110 
519 35.783505 0.000000 -0.907812 75.367688 0.000000 0.129884 0.431969 
520 34.159219 0.000000 0.092412 88.962806 0.000000 0.164136 0.208559 
521 33.076362 0.000000 0.092412 93.355124 0.000000 0.103253 0.128481 
522 34.159219 0.000000 1.092635 90.455643 0.000000 0.267120 0.181771 
523 34.700648 0.000000 -1.407923 83.781878 0.000000 0.119763 0.298058 
524 34.159219 0.000000 -1.407923 88.693029 0.000000 0.104772 0.213354 
525 34.700648 0.000000 -1.908035 84.013153 0.000000 0.145992 0.294177 
526 34.700648 0.000000 -0.907812 84.229184 0.000000 0.112900 0.290543 
527 30.910648 0.000000 -4.908704 83.184957 0.000000 0.485175 0.308003 
528 28.744934 0.000000 -4.908704 82.544353 0.000000 0.452416 0.318623 
529 30.910648 0.000000 -6.909151 83.136826 0.000000 0.485983 0.308803 
530 34.159219 0.000000 -3.908481 88.219184 0.000000 0.433892 0.221719 
531 33.076362 0.000000 -3.908481 86.388380 0.000000 0.409357 0.253688 
532 34.159219 0.000000 -4.908704 84.721024 0.000000 0.745576 0.282179 
533 35.242076 0.000000 -3.908481 84.668610 0.000000 0.744091 0.283067 
534 34.700648 0.000000 -2.408146 83.199688 0.000000 0.167301 0.307778 
535 34.159219 0.000000 -2.408146 91.374415 0.000000 0.200158 0.165068 
536 34.700648 0.000000 -2.908258 83.651672 0.000000 0.221106 0.300235 
537 35.242076 0.000000 -2.408146 78.876493 0.000000 0.176015 0.377847 
538 34.971362 0.000000 -1.657979 90.088406 0.000000 0.327199 0.188397 
539 34.700648 0.000000 -1.657979 83.245472 0.000000 0.128394 0.307017 
540 34.971362 0.000000 -1.908035 85.036531 0.000000 0.293757 0.276870 
541 35.242076 0.000000 -1.657979 87.484257 0.000000 0.420954 0.234633 
542 34.971362 0.000000 -1.407923 82.193815 0.000000 0.130362 0.324416 
543 36.324933 0.000000 -3.908481 74.088036 0.000000 0.635959 0.451056 
544 36.324933 0.000000 -4.908704 85.754320 0.000000 1.008437 0.264518 
545 37.407790 0.000000 -3.908481 71.624863 0.000000 0.552059 0.486957 
546 35.783505 0.000000 -2.408146 78.725363 0.000000 0.274867 0.380224 
547 35.783505 0.000000 -2.908258 76.079830 0.000000 0.298621 0.421177 
548 36.324933 0.000000 -2.408146 66.963890 0.000000 0.287889 0.551575 
549 34.971362 0.000000 -2.158091 81.232976 0.000000 0.152072 0.340118 
550 34.700648 0.000000 -2.158091 83.572915 0.000000 0.156705 0.301554 
551 34.971362 0.000000 -2.408146 80.964533 0.000000 0.160643 0.344472 
552 35.242076 0.000000 -2.158091 84.171917 0.000000 0.308334 0.291499 
553 35.512790 0.000000 -1.657979 86.733417 0.000000 0.442353 0.247712 
554 35.512790 0.000000 -1.908035 85.418813 0.000000 0.404006 0.270346 
555 35.783505 0.000000 -1.657979 83.609338 0.000000 0.371914 0.300934 
556 35.512790 0.000000 -1.407923 82.347528 0.000000 0.301545 0.321879 
557 35.106719 0.000000 -1.783007 91.386633 0.000000 0.355857 0.164836 
558 34.971362 0.000000 -1.783007 90.124332 0.000000 0.330325 0.187750 
559 35.106719 0.000000 -1.908035 85.456853 0.000000 0.330981 0.269702 
560 35.242076 0.000000 -1.783007 87.525643 0.000000 0.425306 0.233908 
561 35.106719 0.000000 -1.657979 91.310332 0.000000 0.353794 0.166230 
562 69.893503 0.000000 -0.907812 99.523637 0.000000 0.000000 0.009505 
563 69.893503 0.000000 -2.908258 99.525222 0.000000 0.000000 0.009473 
564 69.893503 0.000000 1.092635 99.525211 0.000000 0.000000 0.009473 
565 69.893503 0.000000 -4.908704 97.993621 0.000000 2.566465 0.039066 
566 67.727789 0.000000 -4.908704 98.006053 0.000000 2.576784 0.038817 
567 69.893503 0.000000 -6.909151 98.068418 0.000000 3.421773 0.037088 
568 72.059217 0.000000 -4.908704 97.920483 0.000000 2.444494 0.040560 
569 68.810646 0.000000 -1.908035 99.523197 0.000000 0.000000 0.009513 
570 67.727789 0.000000 -1.908035 99.538851 0.000000 0.000000 0.009202 
571 68.810646 0.000000 -2.908258 99.525110 0.000000 0.000000 0.009475 
572 69.893503 0.000000 -1.908035 99.521953 0.000000 0.000000 0.009538 
573 68.810646 0.000000 -0.907812 99.524481 0.000000 0.000000 0.009488 
574 78.556360 0.000000 -4.908704 97.030543 0.000000 1.522612 0.058276 
575 76.390646 0.000000 -4.908704 97.441667 0.000000 2.072447 0.050083 
576 78.556360 0.000000 -6.909151 97.659582 0.000000 2.359547 0.045704 
577 79.639217 0.000000 -1.908035 99.822621 0.000000 0.000000 0.003544 
578 78.556360 0.000000 -1.908035 99.768776 0.000000 0.000000 0.004619 
579 79.639217 0.000000 -2.908258 95.768159 0.000000 0.302424 0.082837 
580 79.639217 0.000000 -0.907812 99.824442 0.000000 0.000000 0.003508 
581 80.722074 0.000000 9.094420 101.370135 0.000000 4.532298 -0.029645 
582 76.390646 0.000000 9.094420 101.282236 0.000000 4.905408 -0.028215 
583 85.053502 0.000000 9.094420 101.026428 0.000000 3.990578 -0.022226 
584 80.722074 0.000000 13.095313 100.947604 0.000000 4.972764 -0.021515 
585 82.887788 0.000000 3.093081 102.679864 0.000000 0.680686 -0.054362 
586 80.722074 0.000000 3.093081 102.978755 0.000000 1.608099 -0.060721 
587 85.053502 0.000000 3.093081 99.610868 0.000000 -4.761322 0.005500 
588 82.887788 0.000000 5.093528 101.986396 0.000000 2.455988 -0.040726 
589 81.804931 0.000000 0.092412 99.681422 0.000000 -4.764694 0.004091 
590 80.722074 0.000000 0.092412 99.770605 0.000000 -1.923073 0.004213 
591 82.887788 0.000000 0.092412 99.701471 0.000000 -4.765653 0.003691 
592 81.804931 0.000000 1.092635 99.657176 0.000000 -4.763535 0.004576 
593 81.263502 0.000000 -1.407923 99.846113 0.000000 -0.991489 0.002977 
594 80.722074 0.000000 -1.407923 99.845447 0.000000 -0.745946 0.003033 
595 81.263502 0.000000 -1.908035 99.781132 0.000000 -2.177383 0.003898 
596 81.804931 0.000000 -1.407923 99.799235 0.000000 -2.030256 0.003599 
597 81.263502 0.000000 -0.907812 99.860249 0.000000 -0.724701 0.002741 
598 98.047787 0.000000 -6.909151 107.093402 0.000000 3.354298 -0.148025 
599 98.047787 0.000000 -10.910044 102.733702 0.000000 5.365919 -0.058301 
600 102.379216 0.000000 -6.909151 103.995226 0.000000 11.715675 -0.095226 
601 95.882073 0.000000 -0.907812 95.267122 0.000000 -13.813659 0.073336 
602 93.716359 0.000000 -0.907812 95.928305 0.000000 -12.912075 0.063104 
603 95.882073 0.000000 -2.908258 95.139202 0.000000 -13.963870 0.075354 
604 98.047787 0.000000 -0.907812 94.681427 0.000000 -14.565324 0.082328 
605 95.882073 0.000000 1.092635 96.100636 0.000000 -12.935271 0.059735 
606 91.550645 0.000000 -0.907812 96.705728 0.000000 -11.835985 0.050791 
607 89.384931 0.000000 -0.907812 97.592729 0.000000 -10.643149 0.036238 
608 91.550645 0.000000 -2.908258 96.658084 0.000000 -11.903975 0.051551 
609 91.550645 0.000000 1.092635 96.950872 0.000000 -11.602453 0.046591 
610 95.882073 0.000000 -4.908704 95.285148 0.000000 -13.895128 0.072767 
611 93.716359 0.000000 -4.908704 96.011226 0.000000 -12.923237 0.061483 
612 95.882073 0.000000 -6.909151 105.122473 0.000000 0.514005 -0.105100 
613 98.047787 0.000000 -4.908704 94.704094 0.000000 -14.568811 0.081888 
614 94.799216 0.000000 -1.908035 95.500459 0.000000 -13.516744 0.069696 
615 93.716359 0.000000 -1.908035 95.997774 0.000000 -12.921426 0.061746 
616 94.799216 0.000000 -2.908258 95.461200 0.000000 -13.560061 0.070328 
617 95.882073 0.000000 -1.908035 95.165754 0.000000 -13.929345 0.074945 
618 94.799216 0.000000 -0.907812 95.604657 0.000000 -13.383647 0.068063 
619 91.550645 0.000000 -4.908704 96.716472 0.000000 -11.966717 0.050272 
620 89.384931 0.000000 -4.908704 97.926799 0.000000 -10.174337 0.030683 
621 91.550645 0.000000 -6.909151 101.745418 0.000000 -1.072729 -0.035328 
622 94.799216 0.000000 -3.908481 95.482129 0.000000 -13.571472 0.069898 
623 93.716359 0.000000 -3.908481 95.938026 0.000000 -12.913384 0.062914 
624 94.799216 0.000000 -4.908704 96.008920 0.000000 -12.922926 0.061529 
625 95.882073 0.000000 -3.908481 95.194210 0.000000 -13.931350 0.074398 
626 137.030642 0.000000 21.097099 99.817535 0.000000 5.790336 0.000293 
627 154.356356 0.000000 21.097099 99.786478 0.000000 6.200152 0.000422 
628 137.030642 0.000000 37.100670 99.965613 0.000000 4.683137 -0.001506 
629 111.042072 0.000000 13.095313 99.444444 0.000000 7.259953 0.005810 
630 119.704929 0.000000 13.095313 99.503793 0.000000 7.890025 0.003674 
631 111.042072 0.000000 21.097099 99.838410 0.000000 5.180635 0.000545 
632 106.710644 0.000000 1.092635 97.331892 0.000000 18.249164 0.019347 
633 106.710644 0.000000 -2.908258 98.775967 0.000000 16.423807 -0.002643 
634 111.042072 0.000000 1.092635 98.273630 0.000000 17.928634 0.002086 
635 106.710644 0.000000 5.093528 97.875207 0.000000 13.689249 0.023305 
636 100.213501 0.000000 -0.907812 81.171011 0.000000 14.973999 0.318705 
637 100.213501 0.000000 -2.908258 94.232779 0.000000 -15.506565 0.087973 
638 102.379216 0.000000 -0.907812 92.468764 0.000000 20.674350 0.102210 
639 100.213501 0.000000 1.092635 89.972098 0.000000 13.527170 0.172204 
640 96.964930 0.000000 -1.908035 94.928911 0.000000 -14.252343 0.078537 
641 96.964930 0.000000 -2.908258 94.873138 0.000000 -14.346701 0.079326 
642 98.047787 0.000000 -1.908035 94.669994 0.000000 -14.563565 0.082549 
643 96.964930 0.000000 -0.907812 95.017360 0.000000 -14.147030 0.077156 
644 95.340645 0.000000 -2.408146 95.360651 0.000000 -13.743544 0.071746 
645 94.799216 0.000000 -2.408146 95.485109 0.000000 -13.535284 0.069939 
646 95.340645 0.000000 -2.908258 95.297731 0.000000 -13.782676 0.072838 
647 95.882073 0.000000 -2.408146 95.222548 0.000000 -13.909609 0.073919 
648 95.340645 0.000000 -1.908035 95.328327 0.000000 -13.713032 0.072446 
649 128.367786 0.000000 -2.908258 99.229456 0.000000 12.771814 -0.000960 
650 128.367786 0.000000 -10.910044 99.666574 0.000000 7.793490 0.000584 
651 137.030642 0.000000 -2.908258 99.274293 0.000000 12.029638 -0.000010 
652 128.367786 0.000000 5.093528 98.806693 0.000000 16.184081 -0.002469 
653 -365.415047 0.000000 -378.992184 99.858963 0.000000 5.234740 0.000078 
654 -504.020754 0.000000 -378.992184 99.860635 0.000000 5.234857 0.000045 
655 -365.415047 0.000000 -507.020754 99.859530 0.000000 5.233817 0.000068 
656 466.219197 0.000000 -378.992184 99.859826 0.000000 5.208382 0.000089 
657 466.219197 0.000000 -507.020754 99.859958 0.000000 5.219390 0.000075 
658 604.824905 0.000000 -378.992184 99.861610 0.000000 5.209022 0.000053 
659 -157.506486 0.000000 -186.949328 99.847333 0.000000 5.238427 0.000307 
660 -226.809339 0.000000 -186.949328 99.853861 0.000000 5.238768 0.000176 
661 -157.506486 0.000000 -250.963613 99.849445 0.000000 5.234701 0.000269 
662 258.310636 0.000000 -186.949328 99.850166 0.000000 5.139825 0.000353 
663 258.310636 0.000000 -250.963613 99.850890 0.000000 5.178985 0.000298 
664 327.613490 0.000000 -186.949328 99.857194 0.000000 5.141880 0.000210 
665 -53.552205 0.000000 -90.927900 99.801731 0.000000 5.267349 0.001187 
666 -88.203632 0.000000 -90.927900 99.830135 0.000000 5.254844 0.000633 
667 -53.552205 0.000000 -122.935043 99.812394 0.000000 5.241941 0.001001 
668 154.356356 0.000000 -90.927900 99.812782 0.000000 4.964788 0.001276 
669 154.356356 0.000000 -122.935043 99.812999 0.000000 5.047763 0.001189 
670 189.007783 0.000000 -90.927900 99.833782 0.000000 4.957642 0.000864 
671 -1.575065 0.000000 -42.917186 99.680425 0.000000 5.305450 0.003567 
672 -18.900778 0.000000 -42.917186 99.741541 0.000000 5.327357 0.002324 
673 -1.575065 0.000000 -58.920758 99.700217 0.000000 5.282446 0.003196 
674 7.087792 0.000000 -18.911829 99.489683 0.000000 5.093248 0.007586 
675 -1.575065 0.000000 -18.911829 99.543645 0.000000 5.290871 0.006307 
676 7.087792 0.000000 -26.913615 99.599453 0.000000 5.238890 0.005250 
677 7.087792 0.000000 13.095313 100.353762 0.000000 4.935660 -0.009524 
678 -1.575065 0.000000 13.095313 100.272955 0.000000 5.295136 -0.008270 
679 7.087792 0.000000 21.097099 100.171949 0.000000 5.210561 -0.006157 
680 28.744934 0.000000 9.094420 99.406908 0.000000 4.416546 0.009876 
681 24.413505 0.000000 9.094420 99.682980 0.000000 4.031003 0.004705 
682 28.744934 0.000000 13.095313 99.685087 0.000000 4.972528 0.003816 
683 30.910648 0.000000 3.093081 83.158665 0.000000 0.485610 0.308440 
684 28.744934 0.000000 3.093081 82.513974 0.000000 0.452419 0.319124 
685 30.910648 0.000000 5.093528 82.430352 0.000000 0.452426 0.320503 
686 26.579219 0.000000 3.093081 86.619981 0.000000 0.456193 0.249677 
687 24.413505 0.000000 3.093081 99.546335 0.000000 2.046357 0.008634 
688 26.579219 0.000000 5.093528 94.441550 0.000000 0.435852 0.108060 
689 26.579219 0.000000 -4.908704 86.635513 0.000000 0.456186 0.249408 
690 24.413505 0.000000 -4.908704 99.921033 0.000000 1.806894 0.001252 
691 26.579219 0.000000 -6.909151 93.179399 0.000000 0.468111 0.131738 
692 44.987790 0.000000 0.092412 96.849966 0.000000 -0.031727 0.062008 
693 46.070647 0.000000 0.092412 99.450202 0.000000 -0.080012 0.010965 
694 44.987790 0.000000 1.092635 96.276757 0.000000 -0.532225 0.073050 
695 63.396360 0.000000 9.094420 101.346774 0.000000 5.164300 -0.029784 
696 67.727789 0.000000 9.094420 101.163523 0.000000 5.132725 -0.026040 
697 63.396360 0.000000 13.095313 101.221873 0.000000 5.351188 -0.027450 
698 56.899218 0.000000 3.093081 110.228195 0.000000 -5.422857 -0.217966 
699 59.064932 0.000000 3.093081 112.439339 0.000000 -7.401438 -0.269739 
700 56.899218 0.000000 5.093528 111.397177 0.000000 -5.966636 -0.244493 
701 137.030642 0.000000 -42.917186 99.804831 0.000000 4.889254 0.001509 
702 137.030642 0.000000 -58.920758 99.797575 0.000000 4.858172 0.001684 
703 154.356356 0.000000 -42.917186 99.814313 0.000000 4.882399 0.001327 
704 111.042072 0.000000 -18.911829 100.094037 0.000000 6.034492 -0.005523 
705 111.042072 0.000000 -26.913615 99.962361 0.000000 5.221715 -0.001974 
706 119.704929 0.000000 -18.911829 99.883565 0.000000 6.099992 -0.001394 
707 61.230646 0.000000 -0.907812 101.050326 0.000000 -0.721904 -0.021169 
708 61.230646 0.000000 -2.908258 102.259677 0.000000 -1.453597 -0.045915 
709 61.230646 0.000000 1.092635 102.801660 0.000000 -1.820957 -0.057150 
710 61.230646 0.000000 3.093081 112.887626 0.000000 -9.074450 -0.282596 
711 63.396360 0.000000 3.093081 113.732611 0.000000 -11.121613 -0.305880 
712 61.230646 0.000000 5.093528 112.947402 0.000000 -8.997870 -0.283808 
713 65.562075 0.000000 -4.908704 99.762967 0.000000 -16.192289 -0.021484 
714 63.396360 0.000000 -4.908704 113.657888 0.000000 -11.154912 -0.304255 
715 65.562075 0.000000 -6.909151 97.968126 0.000000 3.568969 0.038951 
716 61.230646 0.000000 -4.908704 112.813612 0.000000 -9.135424 -0.281037 
717 61.230646 0.000000 -6.909151 112.857127 0.000000 -9.072543 -0.281904 
718 72.059217 0.000000 9.094420 101.115528 0.000000 5.132483 -0.025069 
719 72.059217 0.000000 13.095313 101.023412 0.000000 5.249134 -0.023328 
720 74.224931 0.000000 -4.908704 97.729370 0.000000 2.383682 0.044329 
721 74.224931 0.000000 -6.909151 97.938838 0.000000 3.175650 0.039790 
722 78.556360 0.000000 3.093081 102.521174 0.000000 2.529179 -0.051699 
723 76.390646 0.000000 3.093081 101.924234 0.000000 3.003431 -0.039757 
724 78.556360 0.000000 5.093528 101.971633 0.000000 3.573476 -0.041098 
725 79.639217 0.000000 0.092412 99.821381 0.000000 0.000000 0.003569 
726 78.556360 0.000000 0.092412 99.768691 0.000000 0.000000 0.004621 
727 79.639217 0.000000 1.092635 103.813045 0.000000 0.903554 -0.077796 
728 89.384931 0.000000 9.094420 100.129015 0.000000 3.921149 -0.004119 
729 93.716359 0.000000 9.094420 99.083555 0.000000 4.854770 0.015888 
730 89.384931 0.000000 13.095313 100.429661 0.000000 4.514408 -0.010650 
731 98.047787 0.000000 9.094420 98.427361 0.000000 6.522815 0.026951 
732 102.379216 0.000000 9.094420 98.445128 0.000000 8.156396 0.024203 
733 98.047787 0.000000 13.095313 99.508862 0.000000 5.519686 0.006752 
734 87.219216 0.000000 -0.907812 98.432014 0.000000 -8.481287 0.023921 
735 87.219216 0.000000 -2.908258 98.439097 0.000000 -8.438657 0.023853 
736 87.219216 0.000000 1.092635 98.485774 0.000000 -8.342881 0.023095 
737 87.219216 0.000000 3.093081 97.981831 0.000000 -10.180054 0.029593 
738 89.384931 0.000000 3.093081 97.973520 0.000000 -10.179191 0.029757 
739 87.219216 0.000000 5.093528 100.515961 0.000000 1.748874 -0.010652 
740 87.219216 0.000000 -4.908704 97.926192 0.000000 -10.174274 0.030695 
741 87.219216 0.000000 -6.909151 99.351796 0.000000 -0.402141 0.012906 
742 128.367786 0.000000 -18.911829 99.792796 0.000000 6.031105 0.000502 
743 128.367786 0.000000 -26.913615 99.822959 0.000000 5.315762 0.000712 
744 137.030642 0.000000 -18.911829 99.751569 0.000000 5.939068 0.001435 
745 106.710644 0.000000 -6.909151 100.480021 0.000000 11.731464 -0.023386 
746 106.710644 0.000000 -10.910044 100.721789 0.000000 8.458356 -0.021642 
747 111.042072 0.000000 -6.909151 99.737039 0.000000 10.946744 -0.006731 
748 55.816361 0.000000 0.092412 104.962150 0.000000 -1.080774 -0.101822 
749 56.899218 0.000000 0.092412 104.164259 0.000000 -1.119067 -0.085145 
750 55.816361 0.000000 1.092635 106.037551 0.000000 -1.615521 -0.124657 
751 47.153504 0.000000 -1.908035 103.320309 0.000000 1.070933 -0.067623 
752 47.153504 0.000000 -2.908258 103.561940 0.000000 0.535834 -0.072536 
753 47.153504 0.000000 -0.907812 104.269431 0.000000 0.601903 -0.087248 
754 47.153504 0.000000 0.092412 103.197413 0.000000 0.026833 -0.064971 
755 47.153504 0.000000 1.092635 103.899542 0.000000 -0.776322 -0.079572 
756 50.943504 0.000000 -1.407923 108.307093 0.000000 0.648884 -0.173085 
757 50.943504 0.000000 -1.908035 110.326311 0.000000 0.119871 -0.217191 
758 50.943504 0.000000 -0.907812 112.604332 0.000000 -0.220730 -0.267978 
759 40.656362 0.000000 0.092412 78.244461 0.000000 0.447035 0.387760 
760 40.656362 0.000000 1.092635 79.711149 0.000000 0.553055 0.364583 
761 38.490647 0.000000 -3.908481 76.183316 0.000000 0.854339 0.419537 
762 38.490647 0.000000 -4.908704 87.225520 0.000000 1.284738 0.239006 
763 39.573505 0.000000 -3.908481 81.627791 0.000000 0.833142 0.333621 
764 37.949219 0.000000 -1.407923 71.040187 0.000000 0.307720 0.495320 
765 37.949219 0.000000 -1.908035 73.591832 0.000000 0.353060 0.458412 
766 37.949219 0.000000 -0.907812 67.112654 0.000000 0.256853 0.549583 
767 36.866362 0.000000 -2.408146 59.764640 0.000000 0.346497 0.642807 
768 36.866362 0.000000 -2.908258 67.287133 0.000000 0.360560 0.547231 
769 37.407790 0.000000 -2.408146 64.530473 0.000000 0.406693 0.583565 
770 35.512790 0.000000 -2.158091 83.115451 0.000000 0.364972 0.309169 
771 35.512790 0.000000 -2.408146 78.163764 0.000000 0.248291 0.389036 
772 35.783505 0.000000 -2.158091 79.361055 0.000000 0.279446 0.370174 
773 100.213501 0.000000 -4.908704 116.008350 0.000000 11.396491 -0.358782 
774 100.213501 0.000000 -6.909151 107.101981 0.000000 8.449374 -0.154223 
775 102.379216 0.000000 -4.908704 104.477748 0.000000 17.178270 -0.121069 
776 96.964930 0.000000 -3.908481 94.930901 0.000000 -14.258589 0.078482 
777 96.964930 0.000000 -4.908704 94.704837 0.000000 -14.568925 0.081874 
778 98.047787 0.000000 -3.908481 94.656241 0.000000 -14.561449 0.082816 
779 128.367786 0.000000 13.095313 99.515266 0.000000 8.393725 0.002626 
780 137.030642 0.000000 13.095313 99.487508 0.000000 8.927771 0.002253 
781 128.367786 0.000000 21.097099 99.813582 0.000000 5.626494 0.000559 
782 106.710644 0.000000 9.094420 98.773363 0.000000 9.250805 0.015825 
783 111.042072 0.000000 9.094420 99.036082 0.000000 9.906513 0.009372 
784 106.710644 0.000000 13.095313 99.379474 0.000000 6.831902 0.007705 
785 20.082077 0.000000 9.094420 99.973391 0.000000 3.963479 -0.001039 
786 15.750649 0.000000 9.094420 100.253701 0.000000 4.124906 -0.006782 
787 20.082077 0.000000 13.095313 99.991810 0.000000 4.614152 -0.001965 
788 22.247791 0.000000 3.093081 99.777997 0.000000 2.037093 0.004020 
789 20.082077 0.000000 3.093081 99.988035 0.000000 2.031506 -0.000173 
790 22.247791 0.000000 5.093528 99.789518 0.000000 2.848063 0.003394 
791 22.247791 0.000000 -4.908704 99.764895 0.000000 1.859625 0.004351 
792 20.082077 0.000000 -4.908704 99.605640 0.000000 1.887613 0.007515 
793 22.247791 0.000000 -6.909151 99.798305 0.000000 2.658164 0.003323 
794 65.562075 0.000000 3.093081 99.765128 0.000000 -16.190884 -0.021523 
795 67.727789 0.000000 3.093081 101.127531 0.000000 3.190602 -0.023696 
796 65.562075 0.000000 5.093528 101.262642 0.000000 4.202212 -0.027178 
797 74.224931 0.000000 3.093081 101.500152 0.000000 3.227877 -0.031270 
798 72.059217 0.000000 3.093081 101.225641 0.000000 3.198478 -0.025686 
799 74.224931 0.000000 5.093528 101.380748 0.000000 4.182003 -0.029555 
800 69.893503 0.000000 3.093081 101.130593 0.000000 3.243045 -0.023791 
801 69.893503 0.000000 5.093528 101.137826 0.000000 4.220286 -0.024667 
802 91.550645 0.000000 3.093081 96.861516 0.000000 0.898157 0.061704 
803 93.716359 0.000000 3.093081 95.179548 0.000000 2.734575 0.093338 
804 91.550645 0.000000 5.093528 98.106759 0.000000 2.796835 0.036724 
805 95.882073 0.000000 3.093081 93.916051 0.000000 5.421199 0.115039 
806 98.047787 0.000000 3.093081 93.315430 0.000000 8.726720 0.121607 
807 95.882073 0.000000 5.093528 96.146869 0.000000 6.006733 0.071970 
808 40.656362 0.000000 -3.908481 82.825450 0.000000 0.779410 0.313934 
809 40.656362 0.000000 -4.908704 90.539688 0.000000 1.316266 0.180083 
810 41.739219 0.000000 -3.908481 84.940919 0.000000 0.578158 0.278471 
811 37.949219 0.000000 -2.408146 70.605635 0.000000 0.357760 0.501472 
812 37.949219 0.000000 -2.908258 70.813159 0.000000 0.408572 0.498533 
813 38.490647 0.000000 -2.408146 73.636998 0.000000 0.374273 0.457745 
814 39.032076 0.000000 -2.408146 75.919514 0.000000 0.416272 0.423605 
815 39.032076 0.000000 -2.908258 75.169316 0.000000 0.463337 0.434936 
816 39.573505 0.000000 -2.408146 78.117354 0.000000 0.483495 0.389745 
817 100.213501 0.000000 3.093081 93.828472 0.000000 12.130042 0.104908 
818 102.379216 0.000000 3.093081 95.230004 0.000000 14.586522 0.071848 
819 100.213501 0.000000 5.093528 95.964449 0.000000 10.271574 0.068532 
820 42.822076 0.000000 -3.908481 93.679851 0.000000 -0.673833 0.122363 
821 42.822076 0.000000 -4.908704 95.092149 0.000000 -0.380351 0.095734 
822 43.904933 0.000000 -3.908481 93.939593 0.000000 -0.657978 0.117492 
1 19 21 9 22 
2 20 19 22 4 
3 28 29 3 30 
4 21 28 30 9 
5 35 37 21 38 
6 36 35 38 19 
7 44 45 28 46 
8 37 44 46 21 
9 51 53 37 54 
10 52 51 54 35 
11 60 61 44 62 
12 53 60 62 37 
13 67 69 53 70 
14 68 67 70 51 
15 11 78 76 77 
16 78 10 24 76 
17 76 24 14 79 
18 77 76 79 6 
19 24 82 80 81 
20 82 23 40 80 
21 80 40 27 83 
22 81 80 83 14 
23 40 86 84 85 
24 86 39 56 84 
25 84 56 43 87 
26 85 84 87 27 
27 56 90 88 89 
28 89 88 91 43 
29 92 93 60 94 
30 69 92 94 53 
31 95 97 69 98 
32 96 95 98 67 
33 6 79 104 105 
34 79 14 36 104 
35 104 36 19 106 
36 105 104 106 20 
37 14 83 107 108 
38 83 27 52 107 
39 107 52 35 109 
40 108 107 109 36 
41 27 87 110 111 
42 87 43 68 110 
43 110 68 51 112 
44 111 110 112 52 
45 43 91 113 114 
46 113 96 67 115 
47 114 113 115 68 
48 88 118 116 117 
49 118 72 100 116 
50 116 100 59 119 
51 117 116 119 91 
52 120 122 95 123 
53 121 120 123 96 
54 100 126 124 125 
55 125 124 128 59 
56 12 131 129 130 
57 131 7 132 129 
58 129 132 13 25 
59 130 129 25 10 
60 25 135 133 134 
61 135 13 136 133 
62 133 136 26 41 
63 134 133 41 23 
64 41 139 137 138 
65 139 26 140 137 
66 137 140 42 57 
67 138 137 57 39 
68 57 143 141 142 
69 143 42 144 141 
70 141 144 58 73 
71 142 141 73 55 
72 55 147 145 146 
73 147 73 148 145 
74 145 148 71 101 
75 146 145 101 72 
76 72 151 149 150 
77 151 101 152 149 
78 150 149 126 100 
79 126 167 165 166 
80 167 99 168 165 
81 165 168 127 169 
82 166 165 169 124 
83 101 171 170 152 
84 171 71 172 170 
85 99 174 173 168 
86 174 162 175 173 
87 173 175 161 176 
88 168 173 176 127 
89 177 178 92 179 
90 97 177 179 69 
91 180 181 97 182 
92 122 180 182 95 
93 162 188 187 175 
94 188 102 189 187 
95 187 189 163 190 
96 175 187 190 161 
97 73 200 199 148 
98 200 58 201 199 
99 199 201 74 158 
100 148 199 158 71 
101 158 204 202 203 
102 204 74 205 202 
103 211 212 177 213 
104 181 211 213 97 
105 15 219 218 33 
106 219 17 220 218 
107 218 220 8 221 
108 33 218 221 18 
109 31 223 222 49 
110 223 33 224 222 
111 222 224 18 225 
112 49 222 225 34 
113 227 49 228 226 
114 226 228 34 229 
115 7 243 242 132 
116 243 16 244 242 
117 242 244 15 32 
118 132 242 32 13 
119 13 246 245 136 
120 246 32 247 245 
121 245 247 31 48 
122 136 245 48 26 
123 26 249 248 140 
124 249 48 250 248 
125 248 250 47 64 
126 140 248 64 42 
127 42 252 251 144 
128 252 64 253 251 
129 251 253 63 154 
130 144 251 154 58 
131 58 255 254 201 
132 255 154 256 254 
133 254 256 153 192 
134 201 254 192 74 
135 192 259 257 258 
136 259 153 260 257 
137 18 221 261 45 
138 221 8 262 261 
139 261 262 29 263 
140 45 261 263 28 
141 34 225 264 61 
142 225 18 265 264 
143 264 265 45 266 
144 61 264 266 44 
145 229 34 268 267 
146 267 268 61 269 
147 93 267 269 60 
148 270 271 93 272 
149 178 270 272 92 
150 273 274 178 275 
151 212 273 275 177 
152 239 282 280 281 
153 282 193 283 280 
154 280 283 240 284 
155 281 280 284 238 
156 154 286 285 256 
157 286 63 287 285 
158 285 287 155 235 
159 256 285 235 153 
160 153 289 288 260 
161 289 235 290 288 
162 277 301 299 300 
163 301 234 302 299 
164 299 302 278 303 
165 300 299 303 276 
166 235 305 304 290 
167 305 155 306 304 
168 234 308 307 302 
169 302 307 310 278 
170 311 312 270 313 
171 274 311 313 178 
172 319 236 320 318 
173 318 320 297 321 
174 64 323 322 253 
175 323 47 324 322 
176 322 324 65 231 
177 253 322 231 63 
178 63 326 325 287 
179 326 231 327 325 
180 325 327 230 292 
181 287 325 292 155 
182 155 329 328 306 
183 329 292 330 328 
184 304 333 331 332 
185 333 306 334 331 
186 331 334 236 319 
187 332 331 319 296 
188 296 337 335 336 
189 337 319 338 335 
190 335 338 318 339 
191 341 226 342 340 
192 340 342 229 343 
193 345 232 346 344 
194 344 346 50 347 
195 74 353 352 205 
196 353 192 258 352 
197 205 361 359 360 
198 361 352 362 359 
199 359 362 215 356 
200 360 359 356 159 
201 364 191 365 363 
202 363 365 216 366 
203 356 369 367 368 
204 369 215 370 367 
205 352 373 372 362 
206 373 258 374 372 
207 372 374 191 364 
208 362 372 364 215 
209 215 376 375 370 
210 376 364 377 375 
211 375 377 363 378 
212 370 375 378 357 
213 5 217 379 380 
214 217 194 381 379 
215 379 381 211 382 
216 380 379 382 181 
217 197 358 383 384 
218 358 214 385 383 
219 383 385 217 386 
220 384 383 386 5 
221 354 371 387 388 
222 371 357 389 387 
223 387 389 214 390 
224 388 387 390 358 
225 367 393 391 392 
226 393 370 394 391 
227 391 394 357 395 
228 392 391 395 371 
229 159 401 399 400 
230 401 356 368 399 
231 368 405 403 404 
232 405 367 392 403 
233 403 392 371 406 
234 404 403 406 354 
235 355 402 407 408 
236 402 354 388 407 
237 407 388 358 409 
238 408 407 409 197 
239 399 412 410 411 
240 412 368 404 410 
241 410 404 354 413 
242 411 410 413 402 
243 202 416 414 415 
244 416 205 360 414 
245 414 360 159 397 
246 415 414 397 196 
247 397 419 417 418 
248 419 159 400 417 
249 418 417 420 396 
250 160 198 421 422 
251 198 5 380 421 
252 421 380 181 423 
253 422 421 423 180 
254 195 398 424 425 
255 398 197 384 424 
256 424 384 5 426 
257 425 424 426 198 
258 396 420 427 428 
259 420 355 408 427 
260 427 408 197 429 
261 428 427 429 398 
262 417 432 430 431 
263 432 400 433 430 
264 430 433 355 434 
265 431 430 434 420 
266 71 436 435 172 
267 436 158 203 435 
268 203 439 437 438 
269 439 202 415 437 
270 437 415 196 208 
271 208 442 440 441 
272 442 196 443 440 
273 440 443 209 444 
274 441 440 444 206 
275 157 451 449 450 
276 451 208 441 449 
277 449 441 206 452 
278 435 455 453 454 
279 455 203 438 453 
280 447 458 456 457 
281 458 157 450 456 
282 456 450 207 459 
283 457 456 459 445 
284 185 210 460 461 
285 210 195 425 460 
286 460 425 198 462 
287 461 460 462 160 
288 207 452 463 464 
289 452 206 465 463 
290 463 465 210 466 
291 464 463 466 185 
292 450 469 467 468 
293 469 449 470 467 
294 467 470 452 471 
295 468 467 471 207 
296 75 186 479 480 
297 186 160 422 479 
298 479 422 180 481 
299 480 479 481 122 
300 183 448 482 483 
301 448 185 461 482 
302 482 461 160 484 
303 483 482 484 186 
304 446 478 485 486 
305 478 445 487 485 
306 485 487 448 488 
307 486 485 488 183 
308 475 491 489 490 
309 491 457 492 489 
310 489 492 445 493 
311 490 489 493 478 
312 172 496 494 495 
313 496 435 454 494 
314 163 474 501 502 
315 474 183 483 501 
316 501 483 186 503 
317 502 501 503 75 
318 472 500 504 505 
319 500 446 486 504 
320 504 486 183 506 
321 505 504 506 474 
322 497 509 507 508 
323 509 476 510 507 
324 507 510 446 511 
325 508 507 511 500 
326 102 514 512 513 
327 513 512 515 189 
328 518 497 508 516 
329 516 508 500 519 
330 517 516 519 472 
331 189 515 520 521 
332 515 472 505 520 
333 520 505 474 522 
334 521 520 522 163 
335 512 525 523 524 
336 523 517 472 526 
337 524 523 526 515 
338 170 529 527 528 
339 529 172 495 527 
340 527 495 102 188 
341 528 527 188 162 
342 495 532 530 531 
343 532 494 533 530 
344 530 533 473 514 
345 531 530 514 102 
346 514 536 534 535 
347 536 473 537 534 
348 535 534 525 512 
349 525 540 538 539 
350 538 541 517 542 
351 539 538 542 523 
352 494 544 543 533 
353 544 454 545 543 
354 543 545 184 499 
355 533 543 499 473 
356 473 547 546 537 
357 547 499 548 546 
358 546 548 497 518 
359 534 551 549 550 
360 551 537 552 549 
361 549 552 498 540 
362 550 549 540 525 
363 498 554 553 541 
364 554 518 555 553 
365 553 555 516 556 
366 541 553 556 517 
367 540 559 557 558 
368 559 498 560 557 
369 557 560 541 561 
370 558 557 561 538 
371 563 277 300 562 
372 562 300 276 564 
373 283 562 564 240 
374 260 567 565 566 
375 567 288 568 565 
376 565 568 277 563 
377 566 565 563 193 
378 193 571 569 570 
379 571 563 572 569 
380 569 572 562 573 
381 570 569 573 283 
382 290 576 574 575 
383 576 304 332 574 
384 574 332 296 308 
385 575 574 308 234 
386 308 579 577 578 
387 579 296 336 577 
388 577 336 309 580 
389 578 577 580 307 
390 237 298 581 582 
391 298 66 583 581 
392 581 583 274 584 
393 582 581 584 273 
394 295 321 585 586 
395 321 297 587 585 
396 585 587 66 588 
397 586 585 588 298 
398 309 339 589 590 
399 339 318 591 589 
400 589 591 321 592 
401 590 589 592 295 
402 336 595 593 594 
403 595 335 596 593 
404 593 596 339 597 
405 594 593 597 309 
406 292 599 598 330 
407 599 230 600 598 
408 601 604 348 605 
409 602 601 605 316 
410 315 608 606 607 
411 608 291 602 606 
412 606 602 316 609 
413 607 606 609 314 
414 330 612 610 611 
415 612 598 613 610 
416 291 616 614 615 
417 614 617 601 618 
418 615 614 618 602 
419 328 621 619 620 
420 621 330 611 619 
421 619 611 291 608 
422 620 619 608 315 
423 611 624 622 623 
424 624 610 625 622 
425 622 625 603 616 
426 623 622 616 291 
427 343 229 627 626 
428 626 627 267 628 
429 271 626 628 93 
430 347 50 630 629 
431 629 630 271 631 
432 312 629 631 270 
433 293 633 632 350 
434 633 344 634 632 
435 632 634 347 635 
436 350 632 635 233 
437 349 637 636 604 
438 637 293 638 636 
439 636 638 350 639 
440 604 636 639 348 
441 603 641 640 617 
442 641 349 642 640 
443 640 642 604 643 
444 617 640 643 601 
445 616 646 644 645 
446 646 603 647 644 
447 644 647 617 648 
448 645 644 648 614 
449 232 650 649 346 
450 650 340 651 649 
451 649 651 343 652 
452 346 649 652 50 
453 1 655 653 654 
454 655 12 130 653 
455 653 130 10 78 
456 654 653 78 11 
457 16 657 656 244 
458 657 2 658 656 
459 656 658 17 219 
460 244 656 219 15 
461 10 661 659 660 
462 661 25 134 659 
463 659 134 23 82 
464 660 659 82 24 
465 32 663 662 247 
466 663 15 664 662 
467 662 664 33 223 
468 247 662 223 31 
469 23 667 665 666 
470 667 41 138 665 
471 665 138 39 86 
472 666 665 86 40 
473 48 669 668 250 
474 669 31 670 668 
475 668 670 49 227 
476 250 668 227 47 
477 39 673 671 672 
478 673 57 142 671 
479 671 142 55 90 
480 672 671 90 56 
481 90 676 674 675 
482 676 55 146 674 
483 674 146 72 118 
484 675 674 118 88 
485 91 119 677 678 
486 119 59 121 677 
487 677 121 96 679 
488 678 677 679 113 
489 103 164 680 681 
490 164 75 480 680 
491 680 480 122 682 
492 681 680 682 120 
493 161 190 683 684 
494 190 163 502 683 
495 683 502 75 685 
496 684 683 685 164 
497 127 176 686 687 
498 176 161 684 686 
499 686 684 164 688 
500 687 686 688 103 
501 152 691 689 690 
502 691 170 528 689 
503 689 528 162 174 
504 690 689 174 99 
505 206 444 692 465 
506 444 209 693 692 
507 692 693 195 694 
508 465 692 694 210 
509 194 241 695 381 
510 241 156 696 695 
511 695 696 212 697 
512 381 695 697 211 
513 214 366 698 385 
514 366 216 699 698 
515 698 699 194 700 
516 385 698 700 217 
517 47 702 701 324 
518 702 227 703 701 
519 701 703 226 341 
520 324 701 341 65 
521 231 705 704 327 
522 705 65 706 704 
523 704 706 232 345 
524 327 704 345 230 
525 191 708 707 365 
526 708 239 281 707 
527 707 281 238 709 
528 365 707 709 216 
529 216 709 710 699 
530 709 238 711 710 
531 710 711 241 712 
532 699 710 712 194 
533 257 715 713 714 
534 715 260 566 713 
535 713 566 193 282 
536 714 713 282 239 
537 258 717 716 374 
538 717 257 714 716 
539 716 714 239 708 
540 374 716 708 191 
541 156 279 718 696 
542 279 237 582 718 
543 718 582 273 719 
544 696 718 719 212 
545 288 721 720 568 
546 721 290 575 720 
547 720 575 234 301 
548 568 720 301 277 
549 278 310 722 723 
550 310 295 586 722 
551 722 586 298 724 
552 723 722 724 237 
553 307 580 725 726 
554 580 309 590 725 
555 725 590 295 727 
556 726 725 727 310 
557 66 317 728 583 
558 317 294 729 728 
559 728 729 311 730 
560 583 728 730 274 
561 294 351 731 729 
562 351 233 732 731 
563 731 732 312 733 
564 729 731 733 311 
565 236 735 734 320 
566 735 315 607 734 
567 734 607 314 736 
568 320 734 736 297 
569 297 736 737 587 
570 736 314 738 737 
571 737 738 317 739 
572 587 737 739 66 
573 306 741 740 334 
574 741 328 620 740 
575 740 620 315 735 
576 334 740 735 236 
577 65 743 742 706 
578 743 341 744 742 
579 742 744 340 650 
580 706 742 650 232 
581 230 746 745 600 
582 746 345 747 745 
583 745 747 344 633 
584 600 745 633 293 
585 357 378 748 389 
586 378 363 749 748 
587 748 749 366 750 
588 389 748 750 214 
589 196 752 751 443 
590 752 397 418 751 
591 751 418 396 753 
592 443 751 753 209 
593 209 753 754 693 
594 753 396 428 754 
595 754 428 398 755 
596 693 754 755 195 
597 400 757 756 433 
598 757 399 411 756 
599 756 411 402 758 
600 433 756 758 355 
601 445 459 759 487 
602 459 207 464 759 
603 759 464 185 760 
604 487 759 760 448 
605 454 762 761 545 
606 762 453 763 761 
607 761 763 447 477 
608 545 761 477 184 
609 476 765 764 510 
610 765 475 490 764 
611 764 490 478 766 
612 510 764 766 446 
613 499 768 767 548 
614 768 184 769 767 
615 767 769 476 509 
616 548 767 509 497 
617 537 771 770 552 
618 771 546 772 770 
619 770 772 518 554 
620 552 770 554 498 
621 598 774 773 613 
622 774 600 775 773 
623 773 775 293 637 
624 613 773 637 349 
625 610 777 776 625 
626 777 613 778 776 
627 776 778 349 641 
628 625 776 641 603 
629 50 652 779 630 
630 652 343 780 779 
631 779 780 626 781 
632 630 779 781 271 
633 233 635 782 732 
634 635 347 783 782 
635 782 783 629 784 
636 732 782 784 312 
637 59 128 785 786 
638 128 103 681 785 
639 785 681 120 787 
640 786 785 787 121 
641 124 169 788 789 
642 169 127 687 788 
643 788 687 103 790 
644 789 788 790 128 
645 149 793 791 792 
646 793 152 690 791 
647 791 690 99 167 
648 792 791 167 126 
649 238 284 794 711 
650 284 240 795 794 
651 794 795 156 796 
652 711 794 796 241 
653 276 303 797 798 
654 303 278 723 797 
655 797 723 237 799 
656 798 797 799 279 
657 240 564 800 795 
658 564 276 798 800 
659 800 798 279 801 
660 795 800 801 156 
661 314 609 802 738 
662 609 316 803 802 
663 802 803 294 804 
664 738 802 804 317 
665 316 605 805 803 
666 605 348 806 805 
667 805 806 351 807 
668 803 805 807 294 
669 453 809 808 763 
670 809 438 810 808 
671 808 810 157 458 
672 763 808 458 447 
673 184 812 811 769 
674 812 477 813 811 
675 811 813 475 765 
676 769 811 765 476 
677 477 815 814 813 
678 815 447 816 814 
679 814 816 457 491 
680 813 814 491 475 
681 348 639 817 806 
682 639 350 818 817 
683 817 818 233 819 
684 806 817 819 351 
685 438 821 820 810 
686 821 437 822 820 
687 820 822 208 451 
688 810 820 451 157 
