2 0.000000 100.000000 391.401719
493 403 
1 -305.664859 0.000000 -350.690284 98.152298 0.000000 19.084028 0.000193 
2 415.224588 0.000000 -350.690284 98.158665 0.000000 19.029015 0.000277 
3 415.224588 0.000000 353.332572 98.193350 0.000000 18.970777 -0.000182 
4 -305.664859 0.000000 353.332572 98.176791 0.000000 19.082604 -0.000283 
5 54.779864 0.000000 1.321144 97.494205 0.000000 -5.131235 0.046855 
6 -305.664859 0.000000 1.321144 98.165719 0.000000 19.097446 -0.000122 
7 54.779864 0.000000 -350.690284 98.132101 0.000000 19.050875 0.000715 
8 415.224588 0.000000 1.321144 98.413956 0.000000 17.757882 -0.000065 
9 54.779864 0.000000 353.332572 98.206452 0.000000 19.038698 -0.000698 
10 235.002226 0.000000 -174.684570 98.146306 0.000000 18.880237 0.001084 
11 54.779864 0.000000 -174.684570 98.037918 0.000000 18.958559 0.002914 
12 235.002226 0.000000 -350.690284 98.145285 0.000000 19.029279 0.000539 
13 415.224588 0.000000 -174.684570 98.176652 0.000000 18.927591 0.000309 
14 235.002226 0.000000 1.321144 98.796168 0.000000 15.691350 -0.000690 
15 -125.442497 0.000000 -174.684570 98.120595 0.000000 19.093323 0.000779 
16 -305.664859 0.000000 -174.684570 98.153347 0.000000 19.091576 0.000143 
17 -125.442497 0.000000 -350.690284 98.140374 0.000000 19.076582 0.000455 
18 -125.442497 0.000000 1.321144 98.174393 0.000000 19.147104 -0.000482 
19 235.002226 0.000000 177.326858 98.273967 0.000000 18.688475 -0.000703 
20 54.779864 0.000000 177.326858 98.336322 0.000000 18.916226 -0.002786 
21 415.224588 0.000000 177.326858 98.288970 0.000000 18.465238 -0.000169 
22 235.002226 0.000000 353.332572 98.200582 0.000000 18.998833 -0.000431 
23 144.891045 0.000000 -86.681713 98.100989 0.000000 18.371439 0.003869 
24 54.779864 0.000000 -86.681713 97.729503 0.000000 18.639405 0.010152 
25 144.891045 0.000000 -174.684570 98.095811 0.000000 18.875382 0.002093 
26 235.002226 0.000000 -86.681713 98.208003 0.000000 18.509631 0.001258 
27 144.891045 0.000000 1.321144 99.309150 0.000000 12.387384 -0.001575 
28 -125.442497 0.000000 177.326858 98.218706 0.000000 19.087801 -0.001126 
29 -305.664859 0.000000 177.326858 98.177214 0.000000 19.090426 -0.000321 
30 -125.442497 0.000000 353.332572 98.192030 0.000000 19.072538 -0.000544 
31 -35.331316 0.000000 -86.681713 97.992436 0.000000 19.121229 0.003186 
32 -125.442497 0.000000 -86.681713 98.124552 0.000000 19.123867 0.000585 
33 -35.331316 0.000000 -174.684570 98.073512 0.000000 19.063349 0.001817 
34 -35.331316 0.000000 1.321144 98.207106 0.000000 19.334045 -0.001844 
35 144.891045 0.000000 89.324001 98.498156 0.000000 17.935449 -0.002357 
36 54.779864 0.000000 89.324001 98.725394 0.000000 18.540162 -0.009044 
37 235.002226 0.000000 89.324001 98.495135 0.000000 17.499255 -0.000752 
38 144.891045 0.000000 177.326858 98.304537 0.000000 18.774260 -0.001625 
39 99.835455 0.000000 -42.680284 97.899653 0.000000 17.011876 0.012625 
40 54.779864 0.000000 -42.680284 96.749149 0.000000 17.711675 0.032590 
41 99.835455 0.000000 -86.681713 97.923081 0.000000 18.374757 0.007344 
42 144.891045 0.000000 -42.680284 98.271636 0.000000 17.373007 0.004086 
43 99.835455 0.000000 1.321144 99.141153 0.000000 10.672619 0.005713 
44 -35.331316 0.000000 89.324001 98.383595 0.000000 19.100011 -0.004414 
45 -125.442497 0.000000 89.324001 98.220414 0.000000 19.119242 -0.001280 
46 -35.331316 0.000000 177.326858 98.277410 0.000000 19.048505 -0.002129 
47 9.724274 0.000000 -42.680284 97.521208 0.000000 19.250903 0.011902 
48 -35.331316 0.000000 -42.680284 98.008231 0.000000 19.241976 0.002413 
49 9.724274 0.000000 -86.681713 97.820196 0.000000 18.997603 0.007030 
50 9.724274 0.000000 1.321144 98.352624 0.000000 20.133280 -0.007859 
51 99.835455 0.000000 45.322573 98.974410 0.000000 16.510048 -0.006852 
52 54.779864 0.000000 45.322573 99.798593 0.000000 17.632112 -0.027065 
53 144.891045 0.000000 45.322573 98.789794 0.000000 16.108981 -0.001892 
54 99.835455 0.000000 89.324001 98.610892 0.000000 18.147138 -0.005343 
55 77.307660 0.000000 -20.679570 97.425161 0.000000 14.301448 0.030381 
56 54.779864 0.000000 -20.679570 94.477199 0.000000 15.163087 0.084414 
57 77.307660 0.000000 -42.680284 97.381698 0.000000 17.023891 0.022699 
58 99.835455 0.000000 -20.679570 98.227746 0.000000 14.991002 0.012658 
59 77.307660 0.000000 1.321144 98.967806 0.000000 9.654441 0.011217 
60 9.724274 0.000000 45.322573 98.934918 0.000000 19.165150 -0.015542 
61 -35.331316 0.000000 45.322573 98.388982 0.000000 19.221305 -0.004985 
62 9.724274 0.000000 89.324001 98.583113 0.000000 18.949673 -0.007772 
63 32.252069 0.000000 -20.679570 95.718740 0.000000 19.761499 0.044741 
64 9.724274 0.000000 -20.679570 97.561382 0.000000 19.764621 0.009114 
65 32.252069 0.000000 -42.680284 96.910830 0.000000 18.835612 0.025351 
66 32.252069 0.000000 1.321144 99.494105 0.000000 23.428226 -0.044796 
67 77.307660 0.000000 23.321858 99.752154 0.000000 14.290729 -0.015472 
68 54.779864 0.000000 23.321858 101.842000 0.000000 15.679349 -0.061763 
69 99.835455 0.000000 23.321858 99.142056 0.000000 14.234633 -0.003177 
70 77.307660 0.000000 45.322573 99.361382 0.000000 16.813568 -0.015538 
71 66.043762 0.000000 -9.679213 96.178977 0.000000 -10.094984 0.064770 
72 54.779864 0.000000 -9.679213 97.310346 0.000000 -5.744625 0.049770 
73 66.043762 0.000000 -20.679570 96.299001 0.000000 14.111828 0.052736 
74 77.307660 0.000000 -9.679213 98.051013 0.000000 11.615758 0.025107 
75 66.043762 0.000000 1.321144 96.327348 0.000000 -9.347923 0.063366 
76 32.252069 0.000000 23.321858 100.747936 0.000000 19.327253 -0.052369 
77 9.724274 0.000000 23.321858 99.000834 0.000000 19.643026 -0.018701 
78 32.252069 0.000000 45.322573 99.549246 0.000000 18.711711 -0.026018 
79 43.515967 0.000000 -9.679213 98.186089 0.000000 -3.328398 0.034841 
80 32.252069 0.000000 -9.679213 95.653856 0.000000 21.853654 0.037276 
81 43.515967 0.000000 -20.679570 94.079125 0.000000 18.012686 0.082466 
82 43.515967 0.000000 1.321144 98.191189 0.000000 -3.178154 0.034839 
83 66.043762 0.000000 12.321501 100.810517 0.000000 11.273474 -0.028985 
84 54.779864 0.000000 12.321501 104.416206 0.000000 12.249558 -0.105280 
85 77.307660 0.000000 12.321501 99.591377 0.000000 11.870911 -0.005936 
86 66.043762 0.000000 23.321858 100.651124 0.000000 14.516822 -0.034139 
87 60.411813 0.000000 -4.179034 96.857432 0.000000 -7.260568 0.056592 
88 54.779864 0.000000 -4.179034 97.480244 0.000000 -5.189799 0.047067 
89 60.411813 0.000000 -9.679213 96.810636 0.000000 -7.358523 0.057355 
90 66.043762 0.000000 -4.179034 96.318833 0.000000 -9.377749 0.063474 
91 60.411813 0.000000 1.321144 96.937860 0.000000 -7.011897 0.055388 
92 325.113407 0.000000 -86.681713 98.221792 0.000000 18.647834 0.000474 
93 325.113407 0.000000 -174.684570 98.168747 0.000000 18.903752 0.000555 
94 415.224588 0.000000 -86.681713 98.217201 0.000000 18.735097 0.000238 
95 325.113407 0.000000 1.321144 98.541838 0.000000 17.075625 -0.000207 
96 189.946636 0.000000 -42.680284 98.338616 0.000000 17.704230 0.001608 
97 189.946636 0.000000 -86.681713 98.176385 0.000000 18.439047 0.002140 
98 235.002226 0.000000 -42.680284 98.333685 0.000000 17.926809 0.000912 
99 189.946636 0.000000 1.321144 99.027065 0.000000 14.392927 -0.001352 
100 122.363250 0.000000 -20.679570 98.475125 0.000000 15.558684 0.006058 
101 122.363250 0.000000 -42.680284 98.159231 0.000000 17.181709 0.006955 
102 144.891045 0.000000 -20.679570 98.553266 0.000000 16.037933 0.003004 
103 122.363250 0.000000 1.321144 99.252789 0.000000 11.382706 0.001932 
104 88.571557 0.000000 -9.679213 98.443295 0.000000 12.372212 0.015585 
105 88.571557 0.000000 -20.679570 97.955101 0.000000 14.657951 0.018994 
106 99.835455 0.000000 -9.679213 98.635338 0.000000 12.948552 0.010341 
107 88.571557 0.000000 1.321144 99.062829 0.000000 10.272639 0.008103 
108 71.675711 0.000000 -4.179034 95.413186 0.000000 -13.565359 0.071230 
109 71.675711 0.000000 -9.679213 97.706491 0.000000 11.077551 0.033073 
110 77.307660 0.000000 -4.179034 98.522933 0.000000 10.192136 0.018935 
111 71.675711 0.000000 1.321144 95.418066 0.000000 -13.549089 0.071181 
112 43.515967 0.000000 12.321501 105.462909 0.000000 18.076546 -0.144919 
113 32.252069 0.000000 12.321501 101.386822 0.000000 20.760234 -0.071027 
114 43.515967 0.000000 23.321858 101.959928 0.000000 17.847944 -0.071438 
115 60.411813 0.000000 6.821323 96.835983 0.000000 -7.257659 0.057012 
116 54.779864 0.000000 6.821323 97.467824 0.000000 -5.293172 0.047201 
117 66.043762 0.000000 6.821323 96.199846 0.000000 -10.016914 0.064525 
118 60.411813 0.000000 12.321501 102.365193 0.000000 11.231574 -0.060478 
119 63.227788 0.000000 -1.428945 96.615832 0.000000 -8.197315 0.059818 
120 60.411813 0.000000 -1.428945 96.896235 0.000000 -8.520342 0.053852 
121 63.227788 0.000000 -4.179034 96.635208 0.000000 -8.110453 0.059586 
122 66.043762 0.000000 -1.428945 96.303209 0.000000 -9.448688 0.063641 
123 63.227788 0.000000 1.321144 96.644921 0.000000 -8.075705 0.059454 
124 49.147916 0.000000 -4.179034 98.189145 0.000000 -2.616585 0.035205 
125 43.515967 0.000000 -4.179034 98.191205 0.000000 -3.170041 0.034844 
126 49.147916 0.000000 -9.679213 98.216127 0.000000 -2.511225 0.034729 
127 49.147916 0.000000 1.321144 98.189323 0.000000 -2.630378 0.035194 
128 57.595839 0.000000 -1.428945 97.992384 0.000000 -2.106548 0.039306 
129 54.779864 0.000000 -1.428945 97.935374 0.000000 -2.190928 0.040386 
130 57.595839 0.000000 -4.179034 97.256232 0.000000 -5.945084 0.050588 
131 57.595839 0.000000 1.321144 97.269632 0.000000 -5.886825 0.050396 
132 144.891045 0.000000 -262.687427 98.121830 0.000000 18.997640 0.001120 
133 54.779864 0.000000 -262.687427 98.108592 0.000000 19.027734 0.001265 
134 144.891045 0.000000 -350.690284 98.136900 0.000000 19.037040 0.000674 
135 235.002226 0.000000 -262.687427 98.141483 0.000000 18.986888 0.000775 
136 99.835455 0.000000 -130.683141 98.002334 0.000000 18.753817 0.004384 
137 54.779864 0.000000 -130.683141 97.952487 0.000000 18.861813 0.004954 
138 99.835455 0.000000 -174.684570 98.057670 0.000000 18.903332 0.002736 
139 144.891045 0.000000 -130.683141 98.071728 0.000000 18.708574 0.003193 
140 77.307660 0.000000 -64.680999 97.638917 0.000000 18.024120 0.014177 
141 54.779864 0.000000 -64.680999 97.427169 0.000000 18.355773 0.017101 
142 77.307660 0.000000 -86.681713 97.807578 0.000000 18.466420 0.009267 
143 99.835455 0.000000 -64.680999 97.879902 0.000000 17.917125 0.009850 
144 66.043762 0.000000 -31.679927 96.642384 0.000000 16.201161 0.039777 
145 54.779864 0.000000 -31.679927 95.979381 0.000000 16.943912 0.050086 
146 66.043762 0.000000 -42.680284 97.035328 0.000000 17.253461 0.028646 
147 77.307660 0.000000 -31.679927 97.295660 0.000000 16.007545 0.027731 
148 60.411813 0.000000 -15.179392 94.975826 0.000000 12.306866 0.082813 
149 54.779864 0.000000 -15.179392 93.190231 0.000000 13.215941 0.114092 
150 60.411813 0.000000 -20.679570 95.403629 0.000000 14.373012 0.069156 
151 66.043762 0.000000 -15.179392 96.384686 0.000000 12.370545 0.055696 
152 63.227788 0.000000 -6.929124 96.569580 0.000000 -8.307914 0.060529 
153 60.411813 0.000000 -6.929124 96.880350 0.000000 -7.166563 0.056284 
154 63.227788 0.000000 -9.679213 96.448533 0.000000 -8.811912 0.062003 
155 66.043762 0.000000 -6.929124 96.359277 0.000000 -9.199929 0.063025 
156 61.819800 0.000000 -2.803990 96.766947 0.000000 -7.642134 0.057776 
157 60.411813 0.000000 -2.803990 96.917916 0.000000 -7.090804 0.055664 
158 61.819800 0.000000 -4.179034 96.779624 0.000000 -7.587959 0.057613 
159 63.227788 0.000000 -2.803990 96.619840 0.000000 -8.178101 0.059773 
160 61.819800 0.000000 -1.428945 95.560594 0.000000 -12.711909 0.070658 
161 325.113407 0.000000 89.324001 98.610401 0.000000 16.808666 -0.000654 
162 415.224588 0.000000 89.324001 98.860042 0.000000 15.505441 -0.001373 
163 325.113407 0.000000 177.326858 98.271949 0.000000 18.594027 -0.000311 
164 189.946636 0.000000 45.322573 98.884783 0.000000 15.427062 -0.001619 
165 235.002226 0.000000 45.322573 99.092126 0.000000 14.321065 -0.002434 
166 189.946636 0.000000 89.324001 98.475605 0.000000 17.740812 -0.001218 
167 122.363250 0.000000 23.321858 99.078009 0.000000 13.965042 -0.001147 
168 144.891045 0.000000 23.321858 99.219425 0.000000 13.411361 -0.002436 
169 122.363250 0.000000 45.322573 98.812277 0.000000 16.329086 -0.003051 
170 88.571557 0.000000 12.321501 99.287076 0.000000 12.103771 -0.000442 
171 99.835455 0.000000 12.321501 99.219059 0.000000 12.102097 0.000912 
172 88.571557 0.000000 23.321858 99.323843 0.000000 14.276776 -0.006905 
173 71.675711 0.000000 6.821323 99.520202 0.000000 10.018368 -0.000464 
174 77.307660 0.000000 6.821323 99.330718 0.000000 10.470855 0.002377 
175 71.675711 0.000000 12.321501 99.987472 0.000000 11.608861 -0.013226 
176 68.859736 0.000000 -1.428945 96.094155 0.000000 -10.449852 0.065671 
177 68.859736 0.000000 -4.179034 96.102973 0.000000 -10.411607 0.065582 
178 71.675711 0.000000 -1.428945 95.411310 0.000000 -13.572077 0.071248 
179 68.859736 0.000000 1.321144 96.109800 0.000000 -10.387144 0.065501 
180 64.635775 0.000000 -2.803990 96.472281 0.000000 -8.732478 0.061684 
181 64.635775 0.000000 -4.179034 96.487378 0.000000 -8.665022 0.061510 
182 66.043762 0.000000 -2.803990 96.306322 0.000000 -9.433401 0.063610 
183 64.635775 0.000000 -1.428945 96.468239 0.000000 -8.752161 0.061728 
184 63.227788 0.000000 4.071233 96.588312 0.000000 -8.238366 0.060283 
185 60.411813 0.000000 4.071233 96.901476 0.000000 -7.082675 0.055994 
186 66.043762 0.000000 4.071233 96.374340 0.000000 -9.145312 0.062835 
187 63.227788 0.000000 6.821323 96.473087 0.000000 -8.717768 0.061694 
188 61.819800 0.000000 -0.053901 96.772763 0.000000 -7.620457 0.057696 
189 60.411813 0.000000 -0.053901 96.924592 0.000000 -7.064283 0.055572 
190 63.227788 0.000000 -0.053901 96.624914 0.000000 -8.160236 0.059704 
191 61.819800 0.000000 1.321144 96.790568 0.000000 -7.546738 0.057463 
192 62.523794 0.000000 -2.116467 96.646624 0.000000 -8.067346 0.059435 
193 61.819800 0.000000 -2.116467 94.393067 0.000000 -16.725682 0.081020 
194 62.523794 0.000000 -2.803990 96.649635 0.000000 -8.053261 0.059399 
195 63.227788 0.000000 -2.116467 96.616220 0.000000 -8.194628 0.059815 
196 62.523794 0.000000 -1.428945 96.646574 0.000000 -8.068668 0.059434 
197 57.595839 0.000000 -6.929124 97.151353 0.000000 -6.238026 0.052270 
198 54.779864 0.000000 -6.929124 97.460097 0.000000 -5.297088 0.047347 
199 57.595839 0.000000 -9.679213 97.004309 0.000000 -6.656854 0.054585 
200 59.003826 0.000000 -2.803990 97.441710 0.000000 -5.134737 0.047875 
201 57.595839 0.000000 -2.803990 97.624705 0.000000 -3.918193 0.045406 
202 59.003826 0.000000 -4.179034 97.070009 0.000000 -6.545431 0.053457 
203 59.003826 0.000000 -1.428945 97.848568 0.000000 -3.416042 0.041399 
204 61.115807 0.000000 -2.116467 95.830097 0.000000 -12.446583 0.066168 
205 60.411813 0.000000 -2.116467 96.851752 0.000000 -8.686444 0.054428 
206 61.115807 0.000000 -2.803990 96.807254 0.000000 -7.472721 0.057251 
207 61.115807 0.000000 -1.428945 96.397975 0.000000 -10.423867 0.059877 
208 64.635775 0.000000 -0.053901 96.476883 0.000000 -8.716741 0.061623 
209 66.043762 0.000000 -0.053901 96.310709 0.000000 -9.418226 0.063554 
210 64.635775 0.000000 1.321144 96.496282 0.000000 -8.634056 0.061392 
211 62.523794 0.000000 -0.741423 96.649568 0.000000 -8.056786 0.059395 
212 61.819800 0.000000 -0.741423 96.767135 0.000000 -7.643455 0.057770 
213 63.227788 0.000000 -0.741423 96.618785 0.000000 -8.185639 0.059781 
214 62.523794 0.000000 -0.053901 96.655440 0.000000 -8.032355 0.059321 
215 62.171797 0.000000 -1.772706 94.297560 0.000000 -16.698402 0.082913 
216 61.819800 0.000000 -1.772706 94.503387 0.000000 -16.403717 0.080003 
217 62.171797 0.000000 -2.116467 94.157599 0.000000 -17.210849 0.083813 
218 62.523794 0.000000 -1.772706 96.646218 0.000000 -8.069655 0.059439 
219 62.171797 0.000000 -1.428945 96.745301 0.000000 -7.734203 0.058053 
220 49.147916 0.000000 6.821323 98.215309 0.000000 -2.535497 0.034732 
221 43.515967 0.000000 6.821323 98.186278 0.000000 -3.332227 0.034835 
222 49.147916 0.000000 12.321501 105.901836 0.000000 14.773515 -0.143346 
223 51.963890 0.000000 -1.428945 97.955326 0.000000 -3.005925 0.039572 
224 49.147916 0.000000 -1.428945 98.148803 0.000000 -3.041707 0.035756 
225 51.963890 0.000000 -4.179034 97.598293 0.000000 -4.826697 0.045128 
226 51.963890 0.000000 1.321144 97.613448 0.000000 -4.770999 0.044885 
227 -35.331316 0.000000 -262.687427 98.114980 0.000000 19.061621 0.001011 
228 -125.442497 0.000000 -262.687427 98.131158 0.000000 19.080429 0.000621 
229 -35.331316 0.000000 -350.690284 98.133985 0.000000 19.065902 0.000621 
230 9.724274 0.000000 -130.683141 97.965828 0.000000 18.998788 0.004174 
231 -35.331316 0.000000 -130.683141 98.028816 0.000000 19.081048 0.002626 
232 9.724274 0.000000 -174.684570 98.048745 0.000000 19.018881 0.002473 
233 32.252069 0.000000 -64.680999 97.475866 0.000000 18.781674 0.014570 
234 9.724274 0.000000 -64.680999 97.679337 0.000000 19.056944 0.009558 
235 32.252069 0.000000 -86.681713 97.738452 0.000000 18.843578 0.009211 
236 43.515967 0.000000 -31.679927 95.869469 0.000000 18.128941 0.048039 
237 32.252069 0.000000 -31.679927 96.411303 0.000000 19.041271 0.034229 
238 43.515967 0.000000 -42.680284 96.695326 0.000000 18.314234 0.031460 
239 49.147916 0.000000 -15.179392 91.935352 0.000000 15.399596 0.131074 
240 43.515967 0.000000 -15.179392 92.227016 0.000000 18.178200 0.116373 
241 49.147916 0.000000 -20.679570 93.925981 0.000000 16.498732 0.090570 
242 51.963890 0.000000 -6.929124 97.563857 0.000000 -4.967467 0.045662 
243 49.147916 0.000000 -6.929124 98.214794 0.000000 -2.462115 0.034779 
244 51.963890 0.000000 -9.679213 98.186509 0.000000 -2.496336 0.035318 
245 53.371877 0.000000 -2.803990 97.793488 0.000000 -3.425667 0.042470 
246 51.963890 0.000000 -2.803990 97.869411 0.000000 -3.369343 0.041023 
247 53.371877 0.000000 -4.179034 97.543985 0.000000 -4.984984 0.046032 
248 54.779864 0.000000 -2.803990 97.843150 0.000000 -2.815344 0.041879 
249 53.371877 0.000000 -1.428945 98.062031 0.000000 -1.834889 0.038047 
250 -215.553678 0.000000 -86.681713 98.150870 0.000000 19.105247 0.000140 
251 -305.664859 0.000000 -86.681713 98.158108 0.000000 19.095800 0.000034 
252 -215.553678 0.000000 -174.684570 98.143627 0.000000 19.094594 0.000322 
253 -215.553678 0.000000 1.321144 98.167987 0.000000 19.110440 -0.000216 
254 -80.386907 0.000000 -42.680284 98.111417 0.000000 19.184758 0.000609 
255 -125.442497 0.000000 -42.680284 98.143617 0.000000 19.140485 0.000147 
256 -80.386907 0.000000 -86.681713 98.082872 0.000000 19.137229 0.001352 
257 -80.386907 0.000000 1.321144 98.183833 0.000000 19.208103 -0.000902 
258 -12.803521 0.000000 -20.679570 97.969653 0.000000 19.451020 0.002360 
259 -35.331316 0.000000 -20.679570 98.084881 0.000000 19.310090 0.000648 
260 -12.803521 0.000000 -42.680284 97.856921 0.000000 19.280575 0.005228 
261 -12.803521 0.000000 1.321144 98.240840 0.000000 19.535349 -0.003289 
262 20.988172 0.000000 -9.679213 97.419853 0.000000 20.655589 0.008272 
263 9.724274 0.000000 -9.679213 97.864758 0.000000 20.044411 0.002071 
264 20.988172 0.000000 -20.679570 96.979643 0.000000 19.931312 0.019769 
265 20.988172 0.000000 1.321144 98.550412 0.000000 20.941508 -0.015073 
266 37.884018 0.000000 -4.179034 98.187963 0.000000 -3.420278 0.034743 
267 32.252069 0.000000 -4.179034 97.043556 0.000000 23.277551 0.004070 
268 37.884018 0.000000 -9.679213 98.200480 0.000000 -3.426248 0.034493 
269 37.884018 0.000000 1.321144 98.188003 0.000000 -3.420457 0.034742 
270 46.331941 0.000000 -1.428945 98.177996 0.000000 -3.282553 0.035031 
271 43.515967 0.000000 -1.428945 98.270820 0.000000 -3.222759 0.033246 
272 46.331941 0.000000 -4.179034 98.210297 0.000000 -2.691224 0.034749 
273 46.331941 0.000000 1.321144 98.209640 0.000000 -2.713689 0.034750 
274 46.331941 0.000000 -6.929124 98.202096 0.000000 -2.858580 0.034818 
275 43.515967 0.000000 -6.929124 98.191276 0.000000 -3.151919 0.034854 
276 46.331941 0.000000 -9.679213 98.191449 0.000000 -3.113327 0.034875 
277 47.739928 0.000000 -2.803990 98.193546 0.000000 -2.860781 0.034984 
278 46.331941 0.000000 -2.803990 98.209664 0.000000 -2.711310 0.034751 
279 47.739928 0.000000 -4.179034 98.211714 0.000000 -2.567497 0.034787 
280 49.147916 0.000000 -2.803990 98.135634 0.000000 -2.970301 0.036057 
281 47.739928 0.000000 -1.428945 98.170859 0.000000 -3.178752 0.035238 
282 -215.553678 0.000000 89.324001 98.184328 0.000000 19.103707 -0.000511 
283 -305.664859 0.000000 89.324001 98.173078 0.000000 19.095123 -0.000258 
284 -215.553678 0.000000 177.326858 98.189892 0.000000 19.092251 -0.000577 
285 -80.386907 0.000000 45.322573 98.252331 0.000000 19.178656 -0.002134 
286 -125.442497 0.000000 45.322573 98.204067 0.000000 19.137648 -0.001029 
287 -80.386907 0.000000 89.324001 98.274198 0.000000 19.129015 -0.002374 
288 -12.803521 0.000000 23.321858 98.490534 0.000000 19.421290 -0.007757 
289 -35.331316 0.000000 23.321858 98.323028 0.000000 19.295024 -0.003972 
290 -12.803521 0.000000 45.322573 98.568932 0.000000 19.238702 -0.008596 
291 20.988172 0.000000 12.321501 99.450680 0.000000 20.374547 -0.030556 
292 9.724274 0.000000 12.321501 98.789622 0.000000 19.949993 -0.015739 
293 20.988172 0.000000 23.321858 99.624208 0.000000 19.680128 -0.031229 
294 37.884018 0.000000 6.821323 98.196601 0.000000 -3.453383 0.034550 
295 32.252069 0.000000 6.821323 101.079414 0.000000 22.116083 -0.070617 
296 37.884018 0.000000 12.321501 103.358501 0.000000 20.208750 -0.109137 
297 40.699992 0.000000 -1.428945 98.186853 0.000000 -3.345059 0.034815 
298 37.884018 0.000000 -1.428945 98.188017 0.000000 -3.420519 0.034741 
299 40.699992 0.000000 -4.179034 98.186728 0.000000 -3.342238 0.034820 
300 40.699992 0.000000 1.321144 98.186819 0.000000 -3.344322 0.034816 
301 46.331941 0.000000 4.071233 98.211016 0.000000 -2.672003 0.034746 
302 43.515967 0.000000 4.071233 98.191240 0.000000 -3.163602 0.034847 
303 49.147916 0.000000 4.071233 98.188677 0.000000 -2.613173 0.035216 
304 46.331941 0.000000 6.821323 98.202448 0.000000 -2.849065 0.034816 
305 44.923954 0.000000 -0.053901 98.200167 0.000000 -2.945579 0.034805 
306 43.515967 0.000000 -0.053901 98.199917 0.000000 -2.960769 0.034801 
307 44.923954 0.000000 -1.428945 98.190833 0.000000 -3.590242 0.034567 
308 46.331941 0.000000 -0.053901 98.209304 0.000000 -2.723812 0.034751 
309 44.923954 0.000000 1.321144 98.200338 0.000000 -2.938270 0.034806 
310 40.699992 0.000000 4.071233 98.186651 0.000000 -3.340582 0.034822 
311 37.884018 0.000000 4.071233 98.191888 0.000000 -3.449292 0.034646 
312 40.699992 0.000000 6.821323 98.187809 0.000000 -3.419583 0.034746 
313 42.107980 0.000000 -0.053901 98.191157 0.000000 -3.185134 0.034835 
314 40.699992 0.000000 -0.053901 98.186856 0.000000 -3.345155 0.034815 
315 42.107980 0.000000 -1.428945 98.191157 0.000000 -3.184846 0.034835 
316 42.107980 0.000000 1.321144 98.191169 0.000000 -3.182076 0.034837 
317 44.923954 0.000000 -2.803990 98.200355 0.000000 -2.936447 0.034807 
318 43.515967 0.000000 -2.803990 98.200093 0.000000 -2.952309 0.034803 
319 44.923954 0.000000 -4.179034 98.200683 0.000000 -2.921805 0.034809 
320 44.219960 0.000000 -0.741423 98.226492 0.000000 -3.369549 0.034020 
321 43.515967 0.000000 -0.741423 98.199899 0.000000 -2.961496 0.034801 
322 44.219960 0.000000 -1.428945 98.241354 0.000000 -3.432742 0.033685 
323 44.923954 0.000000 -0.741423 98.189740 0.000000 -3.372976 0.034740 
324 44.219960 0.000000 -0.053901 98.200017 0.000000 -2.954718 0.034803 
325 37.884018 0.000000 -15.179392 93.854558 0.000000 20.022135 0.079044 
326 32.252069 0.000000 -15.179392 95.455987 0.000000 20.566791 0.046516 
327 37.884018 0.000000 -20.679570 94.825050 0.000000 19.169412 0.064074 
328 40.699992 0.000000 -6.929124 98.187868 0.000000 -3.419837 0.034745 
329 37.884018 0.000000 -6.929124 98.191903 0.000000 -3.449663 0.034645 
330 40.699992 0.000000 -9.679213 98.191941 0.000000 -3.450542 0.034644 
331 42.107980 0.000000 -2.803990 98.191170 0.000000 -3.181215 0.034837 
332 40.699992 0.000000 -2.803990 98.186808 0.000000 -3.344033 0.034817 
333 42.107980 0.000000 -4.179034 98.191194 0.000000 -3.174882 0.034841 
334 42.811973 0.000000 -0.741423 98.191167 0.000000 -3.184292 0.034835 
335 42.107980 0.000000 -0.741423 98.191156 0.000000 -3.185425 0.034835 
336 42.811973 0.000000 -1.428945 98.191168 0.000000 -3.183667 0.034836 
337 42.811973 0.000000 -0.053901 98.191169 0.000000 -3.183982 0.034836 
338 42.811973 0.000000 -2.116467 98.191173 0.000000 -3.182134 0.034837 
339 42.107980 0.000000 -2.116467 98.191162 0.000000 -3.183421 0.034836 
340 42.811973 0.000000 -2.803990 98.191179 0.000000 -3.179770 0.034838 
341 43.515967 0.000000 -2.116467 98.199989 0.000000 -2.957160 0.034802 
342 43.163970 0.000000 -1.085184 98.258932 0.000000 -3.182715 0.033505 
343 42.811973 0.000000 -1.085184 98.191167 0.000000 -3.184096 0.034836 
344 43.163970 0.000000 -1.428945 98.168868 0.000000 -3.354770 0.035162 
345 43.515967 0.000000 -1.085184 98.265533 0.000000 -3.229003 0.033346 
346 43.163970 0.000000 -0.741423 98.191173 0.000000 -3.183272 0.034836 
347 26.620120 0.000000 -4.179034 97.694725 0.000000 21.732882 -0.001658 
348 20.988172 0.000000 -4.179034 97.933518 0.000000 20.912125 -0.002829 
349 26.620120 0.000000 -9.679213 96.861596 0.000000 21.183144 0.016911 
350 26.620120 0.000000 1.321144 98.811628 0.000000 21.793172 -0.023868 
351 35.068044 0.000000 -1.428945 98.196372 0.000000 -3.452425 0.034555 
352 32.252069 0.000000 -1.428945 98.102303 0.000000 -3.474777 0.036386 
353 35.068044 0.000000 -4.179034 98.196434 0.000000 -3.452700 0.034554 
354 35.068044 0.000000 1.321144 98.196384 0.000000 -3.452478 0.034555 
355 39.292005 0.000000 -0.053901 98.186796 0.000000 -3.344409 0.034817 
356 37.884018 0.000000 -0.053901 98.188019 0.000000 -3.420527 0.034741 
357 39.292005 0.000000 -1.428945 98.186793 0.000000 -3.344326 0.034817 
358 39.292005 0.000000 1.321144 98.188056 0.000000 -3.420648 0.034740 
359 41.403986 0.000000 -0.741423 98.191146 0.000000 -3.185553 0.034835 
360 40.699992 0.000000 -0.741423 98.186860 0.000000 -3.345227 0.034815 
361 41.403986 0.000000 -1.428945 98.191148 0.000000 -3.185021 0.034835 
362 41.403986 0.000000 -0.053901 98.191148 0.000000 -3.185285 0.034835 
363 42.459976 0.000000 -1.085184 98.191162 0.000000 -3.184810 0.034835 
364 42.107980 0.000000 -1.085184 98.191156 0.000000 -3.185244 0.034835 
365 42.459976 0.000000 -1.428945 98.191163 0.000000 -3.184397 0.034836 
366 42.459976 0.000000 -0.741423 98.191161 0.000000 -3.184999 0.034835 
367 44.219960 0.000000 -2.116467 98.196029 0.000000 -3.283205 0.034676 
368 44.219960 0.000000 -2.803990 98.200200 0.000000 -2.945857 0.034804 
369 44.923954 0.000000 -2.116467 98.189609 0.000000 -3.360750 0.034751 
370 43.163970 0.000000 -1.772706 98.191175 0.000000 -3.181947 0.034837 
371 42.811973 0.000000 -1.772706 98.191170 0.000000 -3.183010 0.034836 
372 43.163970 0.000000 -2.116467 98.191177 0.000000 -3.181043 0.034837 
373 43.515967 0.000000 -1.772706 98.260514 0.000000 -3.228804 0.033445 
374 42.987972 0.000000 -1.257065 98.145971 0.000000 -3.391604 0.035587 
375 42.811973 0.000000 -1.257065 98.191168 0.000000 -3.183910 0.034836 
376 42.987972 0.000000 -1.428945 98.152024 0.000000 -3.379987 0.035476 
377 43.163970 0.000000 -1.257065 98.161661 0.000000 -3.367961 0.035295 
378 42.987972 0.000000 -1.085184 98.191170 0.000000 -3.183623 0.034836 
379 39.292005 0.000000 -2.803990 98.188050 0.000000 -3.420623 0.034741 
380 37.884018 0.000000 -2.803990 98.187998 0.000000 -3.420435 0.034742 
381 39.292005 0.000000 -4.179034 98.188005 0.000000 -3.420429 0.034742 
382 41.403986 0.000000 -2.116467 98.191154 0.000000 -3.183710 0.034836 
383 40.699992 0.000000 -2.116467 98.186835 0.000000 -3.344655 0.034816 
384 41.403986 0.000000 -2.803990 98.191163 0.000000 -3.181674 0.034837 
385 42.459976 0.000000 -1.772706 98.191165 0.000000 -3.183763 0.034836 
386 42.107980 0.000000 -1.772706 98.191160 0.000000 -3.184236 0.034836 
387 42.459976 0.000000 -2.116467 98.191167 0.000000 -3.182917 0.034836 
388 42.987972 0.000000 -1.600826 98.191172 0.000000 -3.182881 0.034836 
389 42.811973 0.000000 -1.600826 98.191169 0.000000 -3.183367 0.034836 
390 42.987972 0.000000 -1.772706 98.191173 0.000000 -3.182519 0.034837 
391 43.163970 0.000000 -1.600826 98.258486 0.000000 -3.182516 0.033514 
392 43.867964 0.000000 -1.085184 98.254020 0.000000 -3.349224 0.033493 
393 43.867964 0.000000 -1.428945 98.255305 0.000000 -3.439075 0.033407 
394 44.219960 0.000000 -1.085184 98.235230 0.000000 -3.413610 0.033819 
395 43.867964 0.000000 -0.741423 98.241926 0.000000 -3.262001 0.033788 
396 43.339968 0.000000 -1.257065 98.274885 0.000000 -3.198333 0.033182 
397 43.339968 0.000000 -1.428945 98.274094 0.000000 -3.200084 0.033196 
398 43.515967 0.000000 -1.257065 98.271181 0.000000 -3.220872 0.033240 
399 43.339968 0.000000 -1.085184 98.266169 0.000000 -3.210537 0.033345 
400 43.075971 0.000000 -1.343005 98.113519 0.000000 -3.454054 0.036181 
401 42.987972 0.000000 -1.343005 98.140326 0.000000 -3.402526 0.035690 
402 43.075971 0.000000 -1.428945 98.149499 0.000000 -3.387171 0.035520 
403 43.163970 0.000000 -1.343005 98.155354 0.000000 -3.379809 0.035410 
404 43.075971 0.000000 -1.257065 98.137222 0.000000 -3.410041 0.035746 
405 111.099352 0.000000 12.321501 99.239457 0.000000 11.975207 0.000812 
406 111.099352 0.000000 1.321144 99.200885 0.000000 11.027047 0.003759 
407 122.363250 0.000000 12.321501 99.318911 0.000000 11.756319 -0.000246 
408 111.099352 0.000000 23.321858 99.077688 0.000000 14.131331 -0.001608 
409 325.113407 0.000000 -262.687427 98.155515 0.000000 18.989423 0.000490 
410 325.113407 0.000000 -350.690284 98.153079 0.000000 19.027443 0.000393 
411 415.224588 0.000000 -262.687427 98.163295 0.000000 18.996539 0.000310 
412 -215.553678 0.000000 -262.687427 98.144105 0.000000 19.086448 0.000344 
413 -305.664859 0.000000 -262.687427 98.151838 0.000000 19.087242 0.000189 
414 -215.553678 0.000000 -350.690284 98.147134 0.000000 19.081988 0.000302 
415 189.946636 0.000000 -130.683141 98.130121 0.000000 18.723377 0.001991 
416 189.946636 0.000000 -174.684570 98.125547 0.000000 18.872288 0.001521 
417 235.002226 0.000000 -130.683141 98.164312 0.000000 18.757953 0.001191 
418 -80.386907 0.000000 -130.683141 98.087399 0.000000 19.102230 0.001397 
419 -125.442497 0.000000 -130.683141 98.118614 0.000000 19.106300 0.000769 
420 -80.386907 0.000000 -174.684570 98.100021 0.000000 19.085007 0.001215 
421 122.363250 0.000000 -64.680999 98.049905 0.000000 17.941318 0.006433 
422 122.363250 0.000000 -86.681713 98.026303 0.000000 18.353387 0.005400 
423 144.891045 0.000000 -64.680999 98.150431 0.000000 18.012322 0.004205 
424 -12.803521 0.000000 -64.680999 97.867677 0.000000 19.152924 0.005508 
425 -35.331316 0.000000 -64.680999 97.984217 0.000000 19.171415 0.003155 
426 -12.803521 0.000000 -86.681713 97.913874 0.000000 19.085252 0.004863 
427 88.571557 0.000000 -31.679927 97.733079 0.000000 16.073588 0.018989 
428 88.571557 0.000000 -42.680284 97.681643 0.000000 16.972834 0.017022 
429 99.835455 0.000000 -31.679927 98.004037 0.000000 16.219351 0.013214 
430 20.988172 0.000000 -31.679927 97.036120 0.000000 19.415225 0.020704 
431 9.724274 0.000000 -31.679927 97.487061 0.000000 19.455349 0.011776 
432 20.988172 0.000000 -42.680284 97.228841 0.000000 19.143011 0.018010 
433 71.675711 0.000000 -15.179392 97.197308 0.000000 12.733148 0.039055 
434 71.675711 0.000000 -20.679570 96.968639 0.000000 14.151199 0.039683 
435 77.307660 0.000000 -15.179392 97.664583 0.000000 13.080693 0.029052 
436 111.099352 0.000000 -9.679213 98.736865 0.000000 13.436973 0.007048 
437 111.099352 0.000000 -20.679570 98.381206 0.000000 15.289004 0.008738 
438 122.363250 0.000000 -9.679213 98.792267 0.000000 13.851725 0.004822 
439 68.859736 0.000000 -6.929124 95.829648 0.000000 -11.754266 0.067852 
440 68.859736 0.000000 -9.679213 94.906115 0.000000 -15.478974 0.075323 
441 71.675711 0.000000 -6.929124 94.898150 0.000000 -15.503470 0.075398 
442 57.595839 0.000000 4.071233 97.228465 0.000000 -6.010534 0.051050 
443 54.779864 0.000000 4.071233 97.481626 0.000000 -5.210083 0.047019 
444 57.595839 0.000000 6.821323 97.110240 0.000000 -6.328268 0.052955 
445 56.187852 0.000000 -2.803990 97.696216 0.000000 -3.515520 0.044309 
446 56.187852 0.000000 -4.179034 97.407199 0.000000 -5.444713 0.048219 
447 56.187852 0.000000 -1.428945 97.945802 0.000000 -2.005551 0.040260 
448 59.003826 0.000000 -0.053901 97.075772 0.000000 -6.515392 0.053384 
449 57.595839 0.000000 -0.053901 97.576811 0.000000 -4.260380 0.046062 
450 59.003826 0.000000 1.321144 97.083601 0.000000 -6.488617 0.053267 
451 56.187852 0.000000 -0.053901 97.649714 0.000000 -3.838582 0.044980 
452 54.779864 0.000000 -0.053901 97.802700 0.000000 -3.096834 0.042504 
453 56.187852 0.000000 1.321144 97.420292 0.000000 -5.387720 0.048026 
454 68.859736 0.000000 4.071233 95.842789 0.000000 -11.707437 0.067710 
455 71.675711 0.000000 4.071233 94.904499 0.000000 -15.484103 0.075338 
456 68.859736 0.000000 6.821323 95.451188 0.000000 -13.435500 0.070856 
457 61.115807 0.000000 -0.741423 96.808846 0.000000 -7.467935 0.057228 
458 60.411813 0.000000 -0.741423 96.920119 0.000000 -7.082011 0.055634 
459 61.115807 0.000000 -0.053901 96.813862 0.000000 -7.447449 0.057161 
460 51.963890 0.000000 4.071233 97.587531 0.000000 -4.881328 0.045285 
461 51.963890 0.000000 6.821323 98.102897 0.000000 -2.924125 0.036727 
462 50.555903 0.000000 -2.803990 97.872083 0.000000 -3.786450 0.040672 
463 50.555903 0.000000 -4.179034 97.822389 0.000000 -4.064085 0.041426 
464 50.555903 0.000000 -1.428945 97.931358 0.000000 -3.533716 0.039696 
465 53.371877 0.000000 -0.053901 97.749068 0.000000 -3.720737 0.043128 
466 51.963890 0.000000 -0.053901 97.761241 0.000000 -4.102405 0.042591 
467 53.371877 0.000000 1.321144 97.558584 0.000000 -4.927217 0.045805 
468 50.555903 0.000000 -0.053901 97.855612 0.000000 -3.862972 0.040936 
469 49.147916 0.000000 -0.053901 98.135122 0.000000 -2.967622 0.036069 
470 50.555903 0.000000 1.321144 97.832952 0.000000 -4.029411 0.041248 
471 26.620120 0.000000 -15.179392 96.498628 0.000000 20.497440 0.026787 
472 20.988172 0.000000 -15.179392 97.106509 0.000000 20.290399 0.015863 
473 26.620120 0.000000 -20.679570 96.459658 0.000000 19.938701 0.029798 
474 35.068044 0.000000 -6.929124 98.190110 0.000000 -3.379670 0.034728 
475 32.252069 0.000000 -6.929124 96.155768 0.000000 22.617083 0.024254 
476 35.068044 0.000000 -9.679213 94.536589 0.000000 22.136540 0.057281 
477 47.739928 0.000000 -0.053901 98.194659 0.000000 -2.848057 0.034970 
478 47.739928 0.000000 1.321144 98.211094 0.000000 -2.589414 0.034788 
479 26.620120 0.000000 6.821323 99.717712 0.000000 21.317623 -0.039806 
480 20.988172 0.000000 6.821323 99.096076 0.000000 20.728196 -0.024969 
481 26.620120 0.000000 12.321501 100.157969 0.000000 20.641831 -0.045770 
482 35.068044 0.000000 4.071233 98.200070 0.000000 -3.425738 0.034501 
483 32.252069 0.000000 4.071233 100.479035 0.000000 22.858432 -0.061854 
484 35.068044 0.000000 6.821323 98.147336 0.000000 -3.401985 0.035553 
485 43.867964 0.000000 -1.772706 98.248532 0.000000 -3.308707 0.033628 
486 43.867964 0.000000 -2.116467 98.200034 0.000000 -2.954393 0.034802 
487 44.219960 0.000000 -1.772706 98.230486 0.000000 -3.399981 0.033921 
488 43.339968 0.000000 -1.600826 98.265744 0.000000 -3.212341 0.033352 
489 43.339968 0.000000 -1.772706 98.255451 0.000000 -3.108668 0.033620 
490 43.515967 0.000000 -1.600826 98.265261 0.000000 -3.232051 0.033349 
491 111.099352 0.000000 -31.679927 98.158573 0.000000 16.359327 0.009727 
492 111.099352 0.000000 -42.680284 98.059603 0.000000 17.086856 0.009235 
493 122.363250 0.000000 -31.679927 98.279174 0.000000 16.544651 0.006748 
1 19 21 3 22 
2 20 19 22 9 
3 28 20 9 30 
4 29 28 30 4 
5 35 37 19 38 
6 36 35 38 20 
7 44 36 20 46 
8 45 44 46 28 
9 51 53 35 54 
10 52 51 54 36 
11 60 52 36 62 
12 61 60 62 44 
13 67 69 51 70 
14 68 67 70 52 
15 76 68 52 78 
16 77 76 78 60 
17 83 85 67 86 
18 84 83 86 68 
19 10 93 92 26 
20 93 13 94 92 
21 92 94 8 95 
22 26 92 95 14 
23 23 97 96 42 
24 97 26 98 96 
25 96 98 14 99 
26 42 96 99 27 
27 101 42 102 100 
28 100 102 27 103 
29 55 105 104 74 
30 105 58 106 104 
31 104 106 43 107 
32 74 104 107 59 
33 109 74 110 108 
34 108 110 59 111 
35 112 84 68 114 
36 113 112 114 76 
37 115 117 83 118 
38 116 115 118 84 
39 7 134 132 133 
40 134 12 135 132 
41 132 135 10 25 
42 133 132 25 11 
43 11 138 136 137 
44 138 25 139 136 
45 136 139 23 41 
46 137 136 41 24 
47 24 142 140 141 
48 142 41 143 140 
49 140 143 39 57 
50 141 140 57 40 
51 40 146 144 145 
52 146 57 147 144 
53 144 147 55 73 
54 145 144 73 56 
55 56 150 148 149 
56 150 73 151 148 
57 148 151 71 89 
58 149 148 89 72 
59 89 154 152 153 
60 154 71 155 152 
61 152 155 90 121 
62 153 152 121 87 
63 87 158 156 157 
64 158 121 159 156 
65 14 95 161 37 
66 95 8 162 161 
67 161 162 21 163 
68 37 161 163 19 
69 27 99 164 53 
70 99 14 165 164 
71 164 165 37 166 
72 53 164 166 35 
73 103 27 168 167 
74 167 168 53 169 
75 69 167 169 51 
76 59 107 170 85 
77 107 43 171 170 
78 170 171 69 172 
79 85 170 172 67 
80 111 59 174 173 
81 173 174 85 175 
82 117 173 175 83 
83 90 177 176 122 
84 177 108 178 176 
85 176 178 111 179 
86 122 176 179 75 
87 121 181 180 159 
88 181 90 182 180 
89 180 182 122 183 
90 159 180 183 119 
91 91 123 184 185 
92 123 75 186 184 
93 184 186 117 187 
94 185 184 187 115 
95 188 190 123 191 
96 189 188 191 91 
97 156 194 192 193 
98 194 159 195 192 
99 192 195 119 196 
100 72 199 197 198 
101 199 89 153 197 
102 197 153 87 130 
103 198 197 130 88 
104 130 202 200 201 
105 202 87 157 200 
106 200 157 120 203 
107 201 200 203 128 
108 157 206 204 205 
109 206 156 193 204 
110 204 193 160 207 
111 205 204 207 120 
112 119 183 208 190 
113 183 122 209 208 
114 208 209 75 210 
115 190 208 210 123 
116 160 196 211 212 
117 196 119 213 211 
118 211 213 190 214 
119 212 211 214 188 
120 193 217 215 216 
121 217 192 218 215 
122 215 218 196 219 
123 216 215 219 160 
124 220 116 84 222 
125 221 220 222 112 
126 17 229 227 228 
127 229 7 133 227 
128 227 133 11 33 
129 228 227 33 15 
130 33 232 230 231 
131 232 11 137 230 
132 230 137 24 49 
133 231 230 49 31 
134 49 235 233 234 
135 235 24 141 233 
136 233 141 40 65 
137 234 233 65 47 
138 65 238 236 237 
139 238 40 145 236 
140 236 145 56 81 
141 237 236 81 63 
142 81 241 239 240 
143 241 56 149 239 
144 239 149 72 126 
145 240 239 126 79 
146 126 244 242 243 
147 244 72 198 242 
148 242 198 88 225 
149 243 242 225 124 
150 225 247 245 246 
151 247 88 248 245 
152 245 248 129 249 
153 246 245 249 223 
154 16 252 250 251 
155 252 15 32 250 
156 250 32 18 253 
157 251 250 253 6 
158 32 256 254 255 
159 256 31 48 254 
160 254 48 34 257 
161 255 254 257 18 
162 48 260 258 259 
163 260 47 64 258 
164 258 64 50 261 
165 259 258 261 34 
166 64 264 262 263 
167 263 262 265 50 
168 79 276 274 275 
169 276 126 243 274 
170 274 243 124 272 
171 275 274 272 125 
172 272 279 277 278 
173 279 124 280 277 
174 277 280 224 281 
175 278 277 281 270 
176 6 253 282 283 
177 253 18 45 282 
178 282 45 28 284 
179 283 282 284 29 
180 18 257 285 286 
181 257 34 61 285 
182 285 61 44 287 
183 286 285 287 45 
184 34 261 288 289 
185 261 50 77 288 
186 288 77 60 290 
187 289 288 290 61 
188 50 265 291 292 
189 291 113 76 293 
190 292 291 293 77 
191 294 221 112 296 
192 295 294 296 113 
193 82 273 301 302 
194 273 127 303 301 
195 301 303 220 304 
196 302 301 304 221 
197 307 270 308 305 
198 305 308 273 309 
199 306 305 309 82 
200 269 300 310 311 
201 300 82 302 310 
202 310 302 221 312 
203 311 310 312 294 
204 313 306 82 316 
205 314 313 316 300 
206 125 319 317 318 
207 319 272 278 317 
208 317 278 270 307 
209 322 307 323 320 
210 320 323 305 324 
211 321 320 324 306 
212 63 327 325 326 
213 327 81 240 325 
214 325 240 79 268 
215 326 325 268 80 
216 268 330 328 329 
217 330 79 275 328 
218 328 275 125 299 
219 329 328 299 266 
220 299 333 331 332 
221 333 125 318 331 
222 334 321 306 337 
223 335 334 337 313 
224 331 340 338 339 
225 340 318 341 338 
226 342 345 321 346 
227 343 342 346 334 
228 262 349 347 348 
229 349 80 267 347 
230 347 267 66 350 
231 348 347 350 265 
232 267 353 351 352 
233 353 266 298 351 
234 351 298 269 354 
235 352 351 354 66 
236 298 357 355 356 
237 357 297 314 355 
238 355 314 300 358 
239 356 355 358 269 
240 297 361 359 360 
241 361 315 335 359 
242 359 335 313 362 
243 360 359 362 314 
244 315 365 363 364 
245 365 336 343 363 
246 363 343 334 366 
247 364 363 366 335 
248 318 368 367 341 
249 368 317 369 367 
250 367 369 307 322 
251 338 372 370 371 
252 372 341 373 370 
253 336 376 374 375 
254 374 377 342 378 
255 375 374 378 343 
256 266 381 379 380 
257 381 299 332 379 
258 379 332 297 357 
259 380 379 357 298 
260 332 384 382 383 
261 384 331 339 382 
262 382 339 315 361 
263 383 382 361 297 
264 339 387 385 386 
265 387 338 371 385 
266 385 371 336 365 
267 386 385 365 315 
268 371 390 388 389 
269 390 370 391 388 
270 388 391 344 376 
271 389 388 376 336 
272 271 393 392 345 
273 393 322 394 392 
274 392 394 320 395 
275 345 392 395 321 
276 344 397 396 377 
277 397 271 398 396 
278 396 398 345 399 
279 377 396 399 342 
280 376 402 400 401 
281 402 344 403 400 
282 400 403 377 404 
283 401 400 404 374 
284 43 406 405 171 
285 406 103 407 405 
286 405 407 167 408 
287 171 405 408 69 
288 12 410 409 135 
289 410 2 411 409 
290 409 411 13 93 
291 135 409 93 10 
292 1 414 412 413 
293 414 17 228 412 
294 412 228 15 252 
295 413 412 252 16 
296 25 416 415 139 
297 416 10 417 415 
298 415 417 26 97 
299 139 415 97 23 
300 15 420 418 419 
301 420 33 231 418 
302 418 231 31 256 
303 419 418 256 32 
304 41 422 421 143 
305 422 23 423 421 
306 421 423 42 101 
307 143 421 101 39 
308 31 426 424 425 
309 426 49 234 424 
310 424 234 47 260 
311 425 424 260 48 
312 57 428 427 147 
313 428 39 429 427 
314 427 429 58 105 
315 147 427 105 55 
316 47 432 430 431 
317 432 65 237 430 
318 430 237 63 264 
319 431 430 264 64 
320 73 434 433 151 
321 434 55 435 433 
322 433 435 74 109 
323 151 433 109 71 
324 58 437 436 106 
325 437 100 438 436 
326 436 438 103 406 
327 106 436 406 43 
328 71 440 439 155 
329 440 109 441 439 
330 439 441 108 177 
331 155 439 177 90 
332 5 131 442 443 
333 131 91 185 442 
334 442 185 115 444 
335 443 442 444 116 
336 88 446 445 248 
337 446 130 201 445 
338 445 201 128 447 
339 248 445 447 129 
340 128 203 448 449 
341 203 120 189 448 
342 448 189 91 450 
343 449 448 450 131 
344 129 447 451 452 
345 447 128 449 451 
346 451 449 131 453 
347 452 451 453 5 
348 75 179 454 186 
349 179 111 455 454 
350 454 455 173 456 
351 186 454 456 117 
352 120 207 457 458 
353 207 160 212 457 
354 457 212 188 459 
355 458 457 459 189 
356 127 226 460 303 
357 226 5 443 460 
358 460 443 116 461 
359 303 460 461 220 
360 124 463 462 280 
361 463 225 246 462 
362 462 246 223 464 
363 280 462 464 224 
364 223 249 465 466 
365 249 129 452 465 
366 465 452 5 467 
367 466 465 467 226 
368 224 464 468 469 
369 464 223 466 468 
370 468 466 226 470 
371 469 468 470 127 
372 264 473 471 472 
373 473 63 326 471 
374 471 326 80 349 
375 472 471 349 262 
376 80 476 474 475 
377 476 268 329 474 
378 474 329 266 353 
379 475 474 353 267 
380 270 281 477 308 
381 281 224 469 477 
382 477 469 127 478 
383 308 477 478 273 
384 265 350 479 480 
385 350 66 295 479 
386 479 295 113 481 
387 480 479 481 291 
388 66 354 482 483 
389 354 269 311 482 
390 482 311 294 484 
391 483 482 484 295 
392 341 486 485 373 
393 486 367 487 485 
394 485 487 322 393 
395 373 485 393 271 
396 370 489 488 391 
397 489 373 490 488 
398 488 490 271 397 
399 391 488 397 344 
400 39 492 491 429 
401 492 101 493 491 
402 491 493 100 437 
403 429 491 437 58 
