2 0.000000 100.000000 410.334720
756 631 
1 -504.020754 0.000000 -507.020754 98.157246 0.000000 19.082817 0.000100 
2 604.824905 0.000000 -507.020754 98.161076 0.000000 19.051180 0.000146 
3 604.824905 0.000000 517.207809 98.179989 0.000000 19.016319 -0.000093 
4 -504.020754 0.000000 517.207809 98.170134 0.000000 19.081964 -0.000150 
5 50.402075 0.000000 5.093528 102.655074 0.000000 -2.769343 -0.054573 
6 -504.020754 0.000000 5.093528 98.164443 0.000000 19.089468 -0.000067 
7 50.402075 0.000000 -507.020754 98.145044 0.000000 19.063201 0.000414 
8 604.824905 0.000000 5.093528 98.311378 0.000000 18.300801 -0.000005 
9 50.402075 0.000000 517.207809 98.187328 0.000000 19.056713 -0.000391 
10 -226.809339 0.000000 -250.963613 98.140174 0.000000 19.088689 0.000413 
11 -504.020754 0.000000 -250.963613 98.158099 0.000000 19.086729 0.000068 
12 -226.809339 0.000000 -507.020754 98.150241 0.000000 19.078826 0.000253 
13 50.402075 0.000000 -250.963613 98.091732 0.000000 19.008082 0.001670 
14 -226.809339 0.000000 5.093528 98.170099 0.000000 19.116106 -0.000279 
15 327.613490 0.000000 -250.963613 98.156689 0.000000 18.962630 0.000568 
16 327.613490 0.000000 -507.020754 98.153404 0.000000 19.050513 0.000299 
17 604.824905 0.000000 -250.963613 98.171772 0.000000 18.993582 0.000155 
18 327.613490 0.000000 5.093528 98.480029 0.000000 17.387435 -0.000064 
19 -226.809339 0.000000 261.150668 98.192561 0.000000 19.084914 -0.000601 
20 -504.020754 0.000000 261.150668 98.170174 0.000000 19.085968 -0.000166 
21 50.402075 0.000000 261.150668 98.256668 0.000000 18.987920 -0.001491 
22 -226.809339 0.000000 517.207809 98.178775 0.000000 19.076518 -0.000299 
23 -88.203632 0.000000 -122.935043 98.066762 0.000000 19.115568 0.001751 
24 -226.809339 0.000000 -122.935043 98.143600 0.000000 19.104944 0.000283 
25 -88.203632 0.000000 -250.963613 98.111427 0.000000 19.071842 0.001041 
26 50.402075 0.000000 -122.935043 97.894453 0.000000 18.793235 0.006349 
27 -88.203632 0.000000 5.093528 98.197151 0.000000 19.251978 -0.001332 
28 327.613490 0.000000 261.150668 98.226723 0.000000 18.844310 -0.000360 
29 604.824905 0.000000 261.150668 98.243117 0.000000 18.683652 -0.000079 
30 327.613490 0.000000 517.207809 98.183788 0.000000 19.033175 -0.000232 
31 189.007783 0.000000 -122.935043 98.135476 0.000000 18.625677 0.002251 
32 189.007783 0.000000 -250.963613 98.126491 0.000000 18.959026 0.001175 
33 327.613490 0.000000 -122.935043 98.197288 0.000000 18.747432 0.000583 
34 189.007783 0.000000 5.093528 98.183464 0.000000 18.518995 0.001705 
35 -88.203632 0.000000 133.122098 98.282235 0.000000 19.097590 -0.002412 
36 -226.809339 0.000000 133.122098 98.193250 0.000000 19.101122 -0.000677 
37 50.402075 0.000000 133.122098 98.487466 0.000000 18.755845 -0.005156 
38 -88.203632 0.000000 261.150668 98.226002 0.000000 19.062932 -0.001174 
39 -18.900778 0.000000 -58.920758 97.754901 0.000000 19.186363 0.007586 
40 -88.203632 0.000000 -58.920758 98.073976 0.000000 19.200733 0.001283 
41 -18.900778 0.000000 -122.935043 97.934139 0.000000 19.051725 0.004594 
42 50.402075 0.000000 -58.920758 97.197148 0.000000 18.079776 0.022584 
43 -18.900778 0.000000 5.093528 98.468739 0.000000 19.870414 -0.009093 
44 189.007783 0.000000 133.122098 98.378687 0.000000 18.323635 -0.001412 
45 327.613490 0.000000 133.122098 98.389619 0.000000 17.974811 -0.000361 
46 189.007783 0.000000 261.150668 98.241904 0.000000 18.902796 -0.000879 
47 119.704929 0.000000 -58.920758 98.137723 0.000000 17.674412 0.005660 
48 119.704929 0.000000 -122.935043 98.027043 0.000000 18.613569 0.004423 
49 189.007783 0.000000 -58.920758 98.269364 0.000000 18.019409 0.001843 
50 119.704929 0.000000 5.093528 95.034659 0.000000 33.577355 -0.015903 
51 -18.900778 0.000000 69.107813 98.611936 0.000000 19.104541 -0.008930 
52 -88.203632 0.000000 69.107813 98.295578 0.000000 19.173279 -0.002964 
53 50.402075 0.000000 69.107813 99.123767 0.000000 18.188015 -0.015633 
54 -18.900778 0.000000 133.122098 98.417665 0.000000 19.020992 -0.004784 
55 15.750649 0.000000 -26.913615 96.568159 0.000000 18.634758 0.032734 
56 -18.900778 0.000000 -26.913615 97.687019 0.000000 19.487023 0.007750 
57 15.750649 0.000000 -58.920758 97.350761 0.000000 18.877081 0.016649 
58 50.402075 0.000000 -26.913615 95.585958 0.000000 16.580804 0.058840 
59 15.750649 0.000000 5.093528 101.679332 0.000000 10.940384 -0.045838 
60 119.704929 0.000000 69.107813 98.694402 0.000000 17.250268 -0.003816 
61 189.007783 0.000000 69.107813 98.617091 0.000000 16.870563 -0.000995 
62 119.704929 0.000000 133.122098 98.433793 0.000000 18.491277 -0.003114 
63 85.053502 0.000000 -26.913615 97.838667 0.000000 14.984124 0.020307 
64 85.053502 0.000000 -58.920758 97.712020 0.000000 17.563961 0.014387 
65 119.704929 0.000000 -26.913615 98.724694 0.000000 16.936892 -0.003342 
66 85.053502 0.000000 5.093528 100.238880 0.000000 9.699036 -0.014190 
67 15.750649 0.000000 37.100670 99.585443 0.000000 18.803832 -0.027084 
68 -18.900778 0.000000 37.100670 98.734199 0.000000 19.319140 -0.012167 
69 50.402075 0.000000 37.100670 100.279096 0.000000 17.262871 -0.035390 
70 15.750649 0.000000 69.107813 98.938156 0.000000 18.811035 -0.014261 
71 33.076362 0.000000 -10.910044 96.559932 0.000000 0.649169 0.067576 
72 15.750649 0.000000 -10.910044 95.396974 0.000000 14.754425 0.068172 
73 33.076362 0.000000 -26.913615 96.009500 0.000000 17.863114 0.046309 
74 50.402075 0.000000 -10.910044 103.783522 0.000000 -3.363219 -0.078233 
75 33.076362 0.000000 5.093528 96.011394 0.000000 0.684859 0.078134 
76 -365.415047 0.000000 -122.935043 98.157120 0.000000 19.093973 0.000060 
77 -504.020754 0.000000 -122.935043 98.160630 0.000000 19.088758 0.000011 
78 -365.415047 0.000000 -250.963613 98.153003 0.000000 19.088673 0.000161 
79 -365.415047 0.000000 5.093528 98.165853 0.000000 19.096280 -0.000120 
80 -157.506486 0.000000 -58.920758 98.139407 0.000000 19.135368 0.000249 
81 -226.809339 0.000000 -58.920758 98.154182 0.000000 19.113364 0.000044 
82 -157.506486 0.000000 -122.935043 98.122151 0.000000 19.112963 0.000674 
83 -157.506486 0.000000 5.093528 98.176461 0.000000 19.144554 -0.000513 
84 -53.552205 0.000000 -26.913615 98.051975 0.000000 19.329069 0.001220 
85 -88.203632 0.000000 -26.913615 98.122405 0.000000 19.240521 0.000180 
86 -53.552205 0.000000 -58.920758 97.982444 0.000000 19.221036 0.002999 
87 -53.552205 0.000000 5.093528 98.230809 0.000000 19.371773 -0.002456 
88 -1.575065 0.000000 -10.910044 95.816618 0.000000 19.470857 0.044006 
89 -18.900778 0.000000 -10.910044 97.853105 0.000000 19.800893 0.003269 
90 -1.575065 0.000000 -26.913615 97.128430 0.000000 19.268552 0.019479 
91 -1.575065 0.000000 5.093528 101.928120 0.000000 19.915562 -0.078597 
92 85.053502 0.000000 37.100670 99.578365 0.000000 15.779323 -0.016484 
93 119.704929 0.000000 37.100670 98.792813 0.000000 15.410768 0.000249 
94 85.053502 0.000000 69.107813 98.946771 0.000000 17.568690 -0.009912 
95 33.076362 0.000000 21.097099 100.896279 0.000000 17.598017 -0.048975 
96 15.750649 0.000000 21.097099 100.168100 0.000000 18.366719 -0.037098 
97 50.402075 0.000000 21.097099 101.459561 0.000000 16.225984 -0.055733 
98 33.076362 0.000000 37.100670 100.053730 0.000000 18.179921 -0.034126 
99 24.413505 0.000000 -2.908258 97.457613 0.000000 0.668878 0.050157 
100 15.750649 0.000000 -2.908258 94.483028 0.000000 4.047424 0.105658 
101 24.413505 0.000000 -10.910044 95.834028 0.000000 14.229598 0.061336 
102 33.076362 0.000000 -2.908258 97.941686 0.000000 0.200742 0.040739 
103 24.413505 0.000000 5.093528 100.838665 0.000000 10.413758 -0.027688 
104 -365.415047 0.000000 133.122098 98.173966 0.000000 19.092820 -0.000266 
105 -504.020754 0.000000 133.122098 98.168073 0.000000 19.088288 -0.000133 
106 -365.415047 0.000000 261.150668 98.176875 0.000000 19.087070 -0.000301 
107 -157.506486 0.000000 69.107813 98.209690 0.000000 19.128924 -0.001106 
108 -226.809339 0.000000 69.107813 98.184972 0.000000 19.110871 -0.000551 
109 -157.506486 0.000000 133.122098 98.220390 0.000000 19.104900 -0.001224 
110 -53.552205 0.000000 37.100670 98.371537 0.000000 19.281271 -0.004873 
111 -88.203632 0.000000 37.100670 98.262615 0.000000 19.220604 -0.002497 
112 -53.552205 0.000000 69.107813 98.398483 0.000000 19.174819 -0.004994 
113 -1.575065 0.000000 21.097099 99.492172 0.000000 19.297923 -0.027110 
114 -18.900778 0.000000 21.097099 98.737688 0.000000 19.540430 -0.013096 
115 -1.575065 0.000000 37.100670 99.108038 0.000000 19.160100 -0.018951 
116 7.087792 0.000000 -2.908258 91.092078 0.000000 5.552198 0.167141 
117 -1.575065 0.000000 -2.908258 92.155983 0.000000 24.011713 0.093071 
118 7.087792 0.000000 -10.910044 94.755722 0.000000 16.678655 0.074318 
119 7.087792 0.000000 5.093528 103.334410 0.000000 13.588107 -0.086264 
120 24.413505 0.000000 13.095313 100.709568 0.000000 16.381922 -0.041078 
121 15.750649 0.000000 13.095313 100.702920 0.000000 16.947795 -0.042831 
122 33.076362 0.000000 13.095313 101.265498 0.000000 16.310615 -0.052074 
123 24.413505 0.000000 21.097099 100.460166 0.000000 17.987138 -0.041578 
124 20.082077 0.000000 1.092635 101.309730 0.000000 3.988533 -0.027957 
125 15.750649 0.000000 1.092635 102.086229 0.000000 4.422561 -0.044116 
126 20.082077 0.000000 -2.908258 95.291875 0.000000 3.625827 0.090631 
127 24.413505 0.000000 1.092635 100.860431 0.000000 3.905102 -0.018808 
128 20.082077 0.000000 5.093528 101.105267 0.000000 10.434401 -0.033115 
129 -88.203632 0.000000 -378.992184 98.135265 0.000000 19.070208 0.000580 
130 -226.809339 0.000000 -378.992184 98.145335 0.000000 19.081242 0.000340 
131 -88.203632 0.000000 -507.020754 98.146231 0.000000 19.072470 0.000356 
132 50.402075 0.000000 -378.992184 98.131206 0.000000 19.049062 0.000740 
133 -18.900778 0.000000 -186.949328 98.048929 0.000000 19.038125 0.002396 
134 -88.203632 0.000000 -186.949328 98.090720 0.000000 19.081461 0.001411 
135 -18.900778 0.000000 -250.963613 98.095547 0.000000 19.045538 0.001453 
136 50.402075 0.000000 -186.949328 98.028398 0.000000 18.951101 0.003129 
137 15.750649 0.000000 -90.927900 97.728266 0.000000 18.889396 0.009238 
138 -18.900778 0.000000 -90.927900 97.861613 0.000000 19.083629 0.005892 
139 15.750649 0.000000 -122.935043 97.891013 0.000000 18.941291 0.005858 
140 50.402075 0.000000 -90.927900 97.698493 0.000000 18.586049 0.010956 
141 33.076362 0.000000 -42.917186 96.711428 0.000000 18.324796 0.031110 
142 15.750649 0.000000 -42.917186 97.041601 0.000000 18.859836 0.022723 
143 33.076362 0.000000 -58.920758 97.227237 0.000000 18.504157 0.020446 
144 50.402075 0.000000 -42.917186 96.661499 0.000000 17.563901 0.034806 
145 24.413505 0.000000 -18.911829 96.031667 0.000000 17.400823 0.047513 
146 15.750649 0.000000 -18.911829 96.148015 0.000000 17.913248 0.043467 
147 24.413505 0.000000 -26.913615 96.252160 0.000000 18.349618 0.039881 
148 33.076362 0.000000 -18.911829 95.529847 0.000000 17.233235 0.057706 
149 20.082077 0.000000 -6.909151 95.493590 0.000000 10.203667 0.077686 
150 15.750649 0.000000 -6.909151 94.879683 0.000000 10.731674 0.088268 
151 20.082077 0.000000 -10.910044 95.721926 0.000000 14.322756 0.063217 
152 24.413505 0.000000 -6.909151 95.807104 0.000000 10.195864 0.071704 
153 67.727789 0.000000 -10.910044 95.572641 0.000000 11.165950 0.074119 
154 67.727789 0.000000 -26.913615 96.481203 0.000000 15.269113 0.045823 
155 85.053502 0.000000 -10.910044 97.916604 0.000000 9.263806 0.032652 
156 67.727789 0.000000 5.093528 100.154485 0.000000 10.128167 -0.013350 
157 41.739219 0.000000 -2.908258 92.412441 0.000000 0.625389 0.145955 
158 41.739219 0.000000 -10.910044 95.194819 0.000000 1.342612 0.093614 
159 50.402075 0.000000 -2.908258 109.473028 0.000000 -0.933307 -0.198521 
160 41.739219 0.000000 5.093528 96.627466 0.000000 1.709035 0.066021 
161 28.744934 0.000000 1.092635 97.868455 0.000000 0.178998 0.042173 
162 28.744934 0.000000 -2.908258 97.890384 0.000000 0.171111 0.041744 
163 33.076362 0.000000 1.092635 97.778909 0.000000 0.264004 0.043922 
164 28.744934 0.000000 5.093528 96.686435 0.000000 0.637706 0.065133 
165 22.247791 0.000000 -0.907812 98.320511 0.000000 0.000000 0.033308 
166 20.082077 0.000000 -0.907812 98.306813 0.000000 -0.000054 0.033577 
167 22.247791 0.000000 -2.908258 95.631404 0.000000 3.447564 0.084275 
168 24.413505 0.000000 -0.907812 98.311268 0.000000 0.012442 0.033489 
169 22.247791 0.000000 1.092635 101.001321 0.000000 3.816628 -0.021583 
170 28.744934 0.000000 -6.909151 96.689424 0.000000 0.637883 0.065075 
171 28.744934 0.000000 -10.910044 97.457607 0.000000 0.668981 0.050157 
172 33.076362 0.000000 -6.909151 95.558414 0.000000 0.767497 0.086800 
173 26.579219 0.000000 -0.907812 98.264471 0.000000 0.031169 0.034409 
174 26.579219 0.000000 -2.908258 97.980855 0.000000 0.140271 0.039973 
175 28.744934 0.000000 -0.907812 98.234319 0.000000 0.047778 0.035002 
176 26.579219 0.000000 1.092635 97.996284 0.000000 0.168205 0.039670 
177 67.727789 0.000000 21.097099 100.696865 0.000000 15.110827 -0.036820 
178 85.053502 0.000000 21.097099 100.271186 0.000000 14.499049 -0.026453 
179 67.727789 0.000000 37.100670 100.000288 0.000000 16.389882 -0.026869 
180 41.739219 0.000000 13.095313 102.030261 0.000000 15.911293 -0.066334 
181 50.402075 0.000000 13.095313 102.292817 0.000000 14.962346 -0.068769 
182 41.739219 0.000000 21.097099 101.376324 0.000000 17.044507 -0.056767 
183 37.407790 0.000000 1.092635 97.412385 0.000000 0.533917 0.051054 
184 37.407790 0.000000 -2.908258 97.218165 0.000000 0.541371 0.054834 
185 41.739219 0.000000 1.092635 93.181649 0.000000 0.426253 0.131700 
186 37.407790 0.000000 5.093528 95.345019 0.000000 1.227026 0.090782 
187 30.910648 0.000000 -0.907812 98.244213 0.000000 0.046627 0.034807 
188 30.910648 0.000000 -2.908258 97.778760 0.000000 0.182972 0.043928 
189 33.076362 0.000000 -0.907812 98.291418 0.000000 0.109949 0.033879 
190 30.910648 0.000000 1.092635 97.752256 0.000000 0.190261 0.044446 
191 59.064932 0.000000 -2.908258 100.447494 0.000000 -1.520179 -0.009201 
192 59.064932 0.000000 -10.910044 108.369302 0.000000 -10.307457 -0.185015 
193 67.727789 0.000000 -2.908258 97.549734 0.000000 0.000000 0.048405 
194 59.064932 0.000000 5.093528 107.654880 0.000000 -6.721070 -0.163475 
195 46.070647 0.000000 1.092635 99.887682 0.000000 -0.461085 0.002224 
196 46.070647 0.000000 -2.908258 99.085855 0.000000 0.109328 0.018198 
197 50.402075 0.000000 1.092635 109.361648 0.000000 -0.945945 -0.196086 
198 46.070647 0.000000 5.093528 100.304655 0.000000 -1.327975 -0.006279 
199 41.739219 0.000000 -18.911829 94.954018 0.000000 16.692095 0.070511 
200 41.739219 0.000000 -26.913615 95.618550 0.000000 17.370230 0.055537 
201 50.402075 0.000000 -18.911829 94.698527 0.000000 15.691625 0.078596 
202 46.070647 0.000000 -6.909151 100.218327 0.000000 -1.285165 -0.004536 
203 41.739219 0.000000 -6.909151 97.641950 0.000000 1.525708 0.046372 
204 46.070647 0.000000 -10.910044 100.748638 0.000000 1.145664 -0.015160 
205 50.402075 0.000000 -6.909151 102.229730 0.000000 -2.604184 -0.045770 
206 43.904933 0.000000 -0.907812 91.389839 0.000000 0.207423 0.164785 
207 41.739219 0.000000 -0.907812 91.971890 0.000000 0.380484 0.154103 
208 43.904933 0.000000 -2.908258 94.111058 0.000000 0.337620 0.114299 
209 46.070647 0.000000 -0.907812 99.350117 0.000000 0.470780 0.012933 
210 43.904933 0.000000 1.092635 94.613355 0.000000 -0.411097 0.104814 
211 59.064932 0.000000 13.095313 101.557126 0.000000 14.225699 -0.051622 
212 67.727789 0.000000 13.095313 100.727827 0.000000 14.223883 -0.034841 
213 59.064932 0.000000 21.097099 101.106365 0.000000 15.501828 -0.046280 
214 54.733504 0.000000 1.092635 103.851987 0.000000 -1.612560 -0.078784 
215 54.733504 0.000000 -2.908258 103.837422 0.000000 -1.593512 -0.078475 
216 59.064932 0.000000 1.092635 100.804001 0.000000 -1.715937 -0.016439 
217 54.733504 0.000000 5.093528 105.482522 0.000000 -4.541795 -0.114719 
218 466.219197 0.000000 -122.935043 98.199781 0.000000 18.827501 0.000233 
219 466.219197 0.000000 -250.963613 98.168194 0.000000 18.978721 0.000281 
220 604.824905 0.000000 -122.935043 98.195201 0.000000 18.881869 0.000118 
221 466.219197 0.000000 5.093528 98.385250 0.000000 17.908894 -0.000039 
222 258.310636 0.000000 -58.920758 98.283575 0.000000 18.235399 0.000781 
223 258.310636 0.000000 -122.935043 98.185489 0.000000 18.699901 0.000992 
224 327.613490 0.000000 -58.920758 98.274575 0.000000 18.388556 0.000397 
225 258.310636 0.000000 5.093528 98.475676 0.000000 17.348620 0.000157 
226 154.356356 0.000000 -26.913615 98.424707 0.000000 17.344456 0.001175 
227 154.356356 0.000000 -58.920758 98.247385 0.000000 17.887600 0.002749 
228 189.007783 0.000000 -26.913615 98.400707 0.000000 17.419142 0.001387 
229 154.356356 0.000000 5.093528 97.036373 0.000000 21.700719 0.011302 
230 102.379216 0.000000 -10.910044 102.145016 0.000000 17.452050 -0.073818 
231 102.379216 0.000000 -26.913615 98.797999 0.000000 16.021645 -0.001774 
232 119.704929 0.000000 -10.910044 99.082446 0.000000 18.698912 -0.016698 
233 102.379216 0.000000 5.093528 94.031172 0.000000 28.684399 0.033534 
234 76.390646 0.000000 -2.908258 97.834854 0.000000 0.000000 0.042834 
235 76.390646 0.000000 -10.910044 96.196400 0.000000 10.400774 0.063808 
236 85.053502 0.000000 -2.908258 97.013871 0.000000 -6.443504 0.054679 
237 76.390646 0.000000 5.093528 100.605889 0.000000 10.651379 -0.023500 
238 63.396360 0.000000 1.092635 99.214969 0.000000 -1.482478 0.015419 
239 63.396360 0.000000 -2.908258 99.017261 0.000000 -1.304084 0.019388 
240 67.727789 0.000000 1.092635 97.534291 0.000000 0.000000 0.048706 
241 63.396360 0.000000 5.093528 106.634603 0.000000 -12.451213 -0.152597 
242 189.007783 0.000000 -378.992184 98.139968 0.000000 19.030820 0.000637 
243 189.007783 0.000000 -507.020754 98.148183 0.000000 19.054811 0.000385 
244 327.613490 0.000000 -378.992184 98.151995 0.000000 19.025530 0.000422 
245 119.704929 0.000000 -186.949328 98.075398 0.000000 18.884991 0.002457 
246 119.704929 0.000000 -250.963613 98.105287 0.000000 18.975178 0.001530 
247 189.007783 0.000000 -186.949328 98.124074 0.000000 18.867731 0.001567 
248 85.053502 0.000000 -90.927900 97.851125 0.000000 18.347646 0.008852 
249 85.053502 0.000000 -122.935043 97.953902 0.000000 18.671326 0.005641 
250 119.704929 0.000000 -90.927900 98.034488 0.000000 18.298138 0.005442 
251 67.727789 0.000000 -42.917186 97.078177 0.000000 16.900201 0.029021 
252 67.727789 0.000000 -58.920758 97.394158 0.000000 17.710545 0.020071 
253 85.053502 0.000000 -42.917186 97.688759 0.000000 16.672519 0.017893 
254 59.064932 0.000000 -18.911829 95.229515 0.000000 14.572060 0.071899 
255 59.064932 0.000000 -26.913615 95.925032 0.000000 15.836796 0.054758 
256 67.727789 0.000000 -18.911829 96.052492 0.000000 13.886762 0.058108 
257 63.396360 0.000000 -6.909151 106.560021 0.000000 -12.474380 -0.151065 
258 59.064932 0.000000 -6.909151 107.576084 0.000000 -6.822328 -0.161916 
259 63.396360 0.000000 -10.910044 95.039777 0.000000 11.402188 0.083743 
260 67.727789 0.000000 -6.909151 95.415664 0.000000 8.164776 0.082919 
261 466.219197 0.000000 133.122098 98.508483 0.000000 17.316778 -0.000379 
262 604.824905 0.000000 133.122098 98.724434 0.000000 16.195577 -0.000881 
263 466.219197 0.000000 261.150668 98.228685 0.000000 18.778971 -0.000152 
264 258.310636 0.000000 69.107813 98.706957 0.000000 16.320227 -0.000941 
265 327.613490 0.000000 69.107813 98.773688 0.000000 15.945968 -0.001052 
266 258.310636 0.000000 133.122098 98.361741 0.000000 18.183929 -0.000569 
267 154.356356 0.000000 37.100670 98.683732 0.000000 15.653407 0.001649 
268 189.007783 0.000000 37.100670 98.686175 0.000000 16.219512 -0.000203 
269 154.356356 0.000000 69.107813 98.601182 0.000000 17.082537 -0.001401 
270 102.379216 0.000000 21.097099 99.140461 0.000000 14.299810 -0.003332 
271 119.704929 0.000000 21.097099 98.358499 0.000000 15.227233 0.009374 
272 102.379216 0.000000 37.100670 99.135641 0.000000 15.405854 -0.006522 
273 76.390646 0.000000 13.095313 100.646366 0.000000 14.378688 -0.033644 
274 85.053502 0.000000 13.095313 100.648473 0.000000 14.270718 -0.033377 
275 76.390646 0.000000 21.097099 100.352035 0.000000 14.971994 -0.029469 
276 72.059217 0.000000 1.092635 97.576558 0.000000 0.000000 0.047882 
277 72.059217 0.000000 -2.908258 97.568319 0.000000 0.000000 0.048042 
278 76.390646 0.000000 1.092635 97.834841 0.000000 0.000000 0.042834 
279 72.059217 0.000000 5.093528 100.064867 0.000000 10.485890 -0.012293 
280 65.562075 0.000000 -0.907812 97.716161 0.000000 -0.460170 0.045134 
281 63.396360 0.000000 -0.907812 98.258491 0.000000 -0.542948 0.034497 
282 65.562075 0.000000 -2.908258 97.939139 0.000000 -1.361046 0.040607 
283 67.727789 0.000000 -0.907812 97.554846 0.000000 0.000000 0.048305 
284 65.562075 0.000000 1.092635 98.018740 0.000000 -1.657381 0.038958 
285 76.390646 0.000000 -18.911829 96.842739 0.000000 13.497241 0.043931 
286 76.390646 0.000000 -26.913615 97.192239 0.000000 15.090238 0.032595 
287 85.053502 0.000000 -18.911829 97.918978 0.000000 13.335515 0.023404 
288 72.059217 0.000000 -6.909151 95.644003 0.000000 7.951523 0.078900 
289 72.059217 0.000000 -10.910044 95.940380 0.000000 10.814428 0.067849 
290 76.390646 0.000000 -6.909151 95.594865 0.000000 7.427712 0.080645 
291 93.716359 0.000000 -2.908258 92.326452 0.000000 -12.427261 0.132139 
292 93.716359 0.000000 -10.910044 101.777268 0.000000 10.748417 -0.047414 
293 102.379216 0.000000 -2.908258 96.333969 0.000000 39.392339 -0.083199 
294 93.716359 0.000000 5.093528 94.401444 0.000000 15.720377 0.084124 
295 80.722074 0.000000 1.092635 97.808005 0.000000 -4.675146 0.041174 
296 80.722074 0.000000 -2.908258 97.830129 0.000000 -4.676204 0.040740 
297 85.053502 0.000000 1.092635 97.137005 0.000000 -6.218762 0.052573 
298 80.722074 0.000000 5.093528 101.234347 0.000000 10.119047 -0.035079 
299 74.224931 0.000000 -0.907812 97.674054 0.000000 0.000000 0.045978 
300 72.059217 0.000000 -0.907812 97.588777 0.000000 0.000000 0.047643 
301 74.224931 0.000000 -2.908258 97.651033 0.000000 0.000000 0.046428 
302 76.390646 0.000000 -0.907812 97.823966 0.000000 0.000000 0.043047 
303 74.224931 0.000000 1.092635 97.650928 0.000000 0.000000 0.046430 
304 80.722074 0.000000 -6.909151 95.798500 0.000000 6.192570 0.078430 
305 80.722074 0.000000 -10.910044 96.748282 0.000000 9.840427 0.054294 
306 85.053502 0.000000 -6.909151 97.281973 0.000000 4.711505 0.051402 
307 78.556360 0.000000 -0.907812 98.017479 0.000000 0.000000 0.039257 
308 78.556360 0.000000 -2.908258 94.276170 0.000000 2.622443 0.110513 
309 80.722074 0.000000 -0.907812 98.175007 0.000000 -0.623827 0.036128 
310 78.556360 0.000000 1.092635 101.839824 0.000000 4.372723 -0.039047 
311 93.716359 0.000000 13.095313 99.425274 0.000000 14.827954 -0.010525 
312 102.379216 0.000000 13.095313 98.408486 0.000000 16.631859 0.003915 
313 93.716359 0.000000 21.097099 99.764874 0.000000 14.191961 -0.015444 
314 89.384931 0.000000 1.092635 95.218276 0.000000 -9.892928 0.083561 
315 89.384931 0.000000 -2.908258 94.607536 0.000000 -10.472613 0.093974 
316 93.716359 0.000000 1.092635 92.469491 0.000000 -12.446514 0.129448 
317 89.384931 0.000000 5.093528 97.305543 0.000000 11.165971 0.040695 
318 82.887788 0.000000 -0.907812 97.908949 0.000000 -4.679971 0.039194 
319 82.887788 0.000000 -2.908258 97.888433 0.000000 -4.678991 0.039596 
320 85.053502 0.000000 -0.907812 97.197590 0.000000 -6.059798 0.051591 
321 82.887788 0.000000 1.092635 97.891962 0.000000 -4.679159 0.039527 
322 102.379216 0.000000 -42.917186 98.165128 0.000000 16.917341 0.007741 
323 102.379216 0.000000 -58.920758 97.975371 0.000000 17.570127 0.009212 
324 119.704929 0.000000 -42.917186 98.315333 0.000000 17.214505 0.003776 
325 93.716359 0.000000 -18.911829 99.219184 0.000000 14.167878 -0.004518 
326 93.716359 0.000000 -26.913615 98.463206 0.000000 15.378027 0.006851 
327 102.379216 0.000000 -18.911829 99.635783 0.000000 15.823251 -0.017766 
328 89.384931 0.000000 -6.909151 100.144983 0.000000 3.713457 -0.004281 
329 89.384931 0.000000 -10.910044 99.718759 0.000000 9.320738 -0.003071 
330 93.716359 0.000000 -6.909151 104.103151 0.000000 4.753140 -0.086006 
331 82.887788 0.000000 -4.908704 97.807990 0.000000 -4.675146 0.041174 
332 80.722074 0.000000 -4.908704 94.838102 0.000000 3.740864 0.099174 
333 82.887788 0.000000 -6.909151 96.393417 0.000000 5.497968 0.067808 
334 85.053502 0.000000 -4.908704 97.830136 0.000000 -4.676204 0.040740 
335 81.804931 0.000000 -1.908035 98.002876 0.000000 -3.085708 0.038591 
336 80.722074 0.000000 -1.908035 98.069134 0.000000 -1.997232 0.037846 
337 81.804931 0.000000 -2.908258 97.895601 0.000000 -4.679333 0.039456 
338 82.887788 0.000000 -1.908035 97.915814 0.000000 -4.680300 0.039059 
339 81.804931 0.000000 -0.907812 98.079976 0.000000 -1.776855 0.037716 
340 137.030642 0.000000 -10.910044 98.511563 0.000000 18.289804 -0.003905 
341 137.030642 0.000000 -26.913615 98.535392 0.000000 17.250335 -0.000680 
342 154.356356 0.000000 -10.910044 98.291774 0.000000 17.733049 0.002427 
343 137.030642 0.000000 5.093528 96.067421 0.000000 26.667973 0.005987 
344 111.042072 0.000000 -2.908258 98.052370 0.000000 25.850701 -0.028253 
345 111.042072 0.000000 -10.910044 99.616401 0.000000 18.748200 -0.027492 
346 119.704929 0.000000 -2.908258 98.271981 0.000000 23.242386 -0.019759 
347 111.042072 0.000000 5.093528 95.049406 0.000000 33.636734 -0.016582 
348 98.047787 0.000000 1.092635 82.721473 0.000000 20.277753 0.274597 
349 98.047787 0.000000 -2.908258 90.886612 0.000000 -13.981548 0.154414 
350 102.379216 0.000000 1.092635 89.048372 0.000000 34.723152 0.086469 
351 98.047787 0.000000 5.093528 93.152247 0.000000 22.426531 0.081971 
352 54.733504 0.000000 -6.909151 104.433504 0.000000 -4.206131 -0.092405 
353 54.733504 0.000000 -10.910044 106.581005 0.000000 -5.141324 -0.138594 
354 52.567790 0.000000 -0.907812 112.892866 0.000000 -2.218261 -0.274972 
355 50.402075 0.000000 -0.907812 109.380996 0.000000 0.206049 -0.196424 
356 52.567790 0.000000 -2.908258 108.179159 0.000000 -1.066285 -0.170387 
357 54.733504 0.000000 -0.907812 104.018235 0.000000 -0.406386 -0.081996 
358 52.567790 0.000000 1.092635 108.433515 0.000000 -1.138479 -0.175912 
359 52.567790 0.000000 -4.908704 103.653307 0.000000 -3.589712 -0.075689 
360 50.402075 0.000000 -4.908704 102.389771 0.000000 -2.615206 -0.049050 
361 52.567790 0.000000 -6.909151 103.462071 0.000000 -3.495801 -0.071662 
362 54.733504 0.000000 -4.908704 104.584307 0.000000 -4.367353 -0.095695 
363 56.899218 0.000000 -0.907812 101.312794 0.000000 -0.670029 -0.026473 
364 56.899218 0.000000 -2.908258 101.733385 0.000000 -1.260381 -0.035127 
365 59.064932 0.000000 -0.907812 99.315712 0.000000 -0.747751 0.013583 
366 56.899218 0.000000 1.092635 102.022645 0.000000 -1.358555 -0.041047 
367 53.650647 0.000000 -1.908035 104.234295 0.000000 -5.352878 -0.089344 
368 52.567790 0.000000 -1.908035 114.195550 0.000000 -3.253015 -0.305121 
369 53.650647 0.000000 -2.908258 106.431136 0.000000 -1.236707 -0.132912 
370 54.733504 0.000000 -1.908035 103.695063 0.000000 -1.085611 -0.075384 
371 53.650647 0.000000 -0.907812 106.782081 0.000000 -0.819091 -0.140308 
372 56.899218 0.000000 -4.908704 105.538406 0.000000 -5.079976 -0.116416 
373 56.899218 0.000000 -6.909151 106.613766 0.000000 -5.598029 -0.139783 
374 59.064932 0.000000 -4.908704 106.582424 0.000000 -5.856262 -0.139411 
375 55.816361 0.000000 -1.908035 102.432260 0.000000 -0.970308 -0.049331 
376 55.816361 0.000000 -2.908258 102.615247 0.000000 -1.313356 -0.053161 
377 56.899218 0.000000 -1.908035 101.602908 0.000000 -1.015650 -0.032418 
378 55.816361 0.000000 -0.907812 102.472252 0.000000 -0.868560 -0.050132 
379 54.733504 0.000000 9.094420 107.812168 0.000000 -6.265731 -0.166272 
380 50.402075 0.000000 9.094420 105.105978 0.000000 -3.835239 -0.106198 
381 59.064932 0.000000 9.094420 106.806604 0.000000 -12.398104 -0.156136 
382 54.733504 0.000000 13.095313 102.008857 0.000000 14.504538 -0.061619 
383 52.567790 0.000000 3.093081 103.645571 0.000000 -3.523193 -0.075482 
384 50.402075 0.000000 3.093081 102.392313 0.000000 -2.598244 -0.049094 
385 54.733504 0.000000 3.093081 104.590591 0.000000 -4.263695 -0.095737 
386 52.567790 0.000000 5.093528 104.280114 0.000000 -3.736827 -0.088831 
387 53.650647 0.000000 0.092412 106.823300 0.000000 -0.999875 -0.141222 
388 52.567790 0.000000 0.092412 108.399770 0.000000 -0.882192 -0.175129 
389 54.733504 0.000000 0.092412 103.721043 0.000000 -1.151672 -0.075938 
390 53.650647 0.000000 1.092635 106.446562 0.000000 -1.235951 -0.133240 
391 54.192075 0.000000 -1.407923 102.572221 0.000000 -5.633916 -0.055280 
392 53.650647 0.000000 -1.407923 105.717129 0.000000 -6.456504 -0.121780 
393 54.192075 0.000000 -1.908035 101.837195 0.000000 -6.746047 -0.041632 
394 54.733504 0.000000 -1.407923 104.567859 0.000000 -0.728021 -0.093497 
395 54.192075 0.000000 -0.907812 105.628482 0.000000 -0.742660 -0.115793 
396 48.236361 0.000000 -0.907812 107.488186 0.000000 0.652836 -0.155414 
397 48.236361 0.000000 -2.908258 105.435211 0.000000 0.153416 -0.111661 
398 48.236361 0.000000 1.092635 104.846282 0.000000 -0.750056 -0.099331 
399 51.484932 0.000000 -1.908035 112.445566 0.000000 -0.941664 -0.264489 
400 50.402075 0.000000 -1.908035 108.584233 0.000000 0.289279 -0.179062 
401 51.484932 0.000000 -2.908258 110.093244 0.000000 -1.210991 -0.212199 
402 51.484932 0.000000 -0.907812 113.256403 0.000000 -0.629384 -0.282741 
403 53.109218 0.000000 -1.407923 110.838373 0.000000 -5.431325 -0.231464 
404 52.567790 0.000000 -1.407923 115.048675 0.000000 -3.595648 -0.324913 
405 53.109218 0.000000 -1.908035 111.458890 0.000000 -3.780602 -0.243738 
406 53.109218 0.000000 -0.907812 110.246130 0.000000 -1.995109 -0.215819 
407 51.484932 0.000000 0.092412 110.486456 0.000000 -0.807681 -0.220791 
408 50.402075 0.000000 0.092412 110.165400 0.000000 -0.668715 -0.213686 
409 51.484932 0.000000 1.092635 110.241376 0.000000 -1.266218 -0.215476 
410 52.026361 0.000000 -1.407923 121.659004 0.000000 -2.622683 -0.480779 
411 51.484932 0.000000 -1.407923 113.239751 0.000000 -0.830241 -0.282393 
412 52.026361 0.000000 -1.908035 114.054655 0.000000 -1.405396 -0.301044 
413 52.026361 0.000000 -0.907812 113.188426 0.000000 -1.108924 -0.281285 
414 48.236361 0.000000 -4.908704 100.876604 0.000000 -1.599607 -0.017865 
415 46.070647 0.000000 -4.908704 100.178407 0.000000 -1.200284 -0.003715 
416 48.236361 0.000000 -6.909151 100.803249 0.000000 -1.639122 -0.016398 
417 49.319218 0.000000 -1.908035 108.182089 0.000000 1.206023 -0.170482 
418 48.236361 0.000000 -1.908035 106.835661 0.000000 0.961459 -0.141478 
419 49.319218 0.000000 -2.908258 107.944212 0.000000 -0.009981 -0.165195 
420 49.319218 0.000000 -0.907812 109.577679 0.000000 0.617751 -0.200765 
421 46.070647 0.000000 9.094420 99.361541 0.000000 2.198337 0.012245 
422 41.739219 0.000000 9.094420 95.203134 0.000000 1.348719 0.093454 
423 46.070647 0.000000 13.095313 102.288571 0.000000 15.478780 -0.070254 
424 48.236361 0.000000 3.093081 100.906175 0.000000 -1.616307 -0.018467 
425 46.070647 0.000000 3.093081 100.254214 0.000000 -1.242199 -0.005245 
426 48.236361 0.000000 5.093528 101.181725 0.000000 -1.885578 -0.024130 
427 49.319218 0.000000 0.092412 108.454784 0.000000 -0.069903 -0.176245 
428 48.236361 0.000000 0.092412 106.933938 0.000000 0.019005 -0.143487 
429 49.319218 0.000000 1.092635 107.975951 0.000000 -0.742758 -0.165936 
430 49.860647 0.000000 -1.407923 108.583784 0.000000 0.731452 -0.179097 
431 49.319218 0.000000 -1.407923 108.881372 0.000000 2.270051 -0.186031 
432 49.860647 0.000000 -1.908035 108.447326 0.000000 0.564464 -0.176114 
433 50.402075 0.000000 -1.407923 108.643387 0.000000 0.364526 -0.180352 
434 49.860647 0.000000 -0.907812 109.538417 0.000000 0.330950 -0.199877 
435 37.407790 0.000000 -6.909151 95.359761 0.000000 1.210305 0.090505 
436 37.407790 0.000000 -10.910044 95.393408 0.000000 0.784441 0.089948 
437 43.904933 0.000000 -4.908704 99.568090 0.000000 -0.915823 0.008536 
438 41.739219 0.000000 -4.908704 98.829256 0.000000 1.100231 0.023157 
439 43.904933 0.000000 -6.909151 99.693822 0.000000 -1.019129 0.006010 
440 44.987790 0.000000 -1.908035 95.666804 0.000000 0.643808 0.084745 
441 43.904933 0.000000 -1.908035 93.190246 0.000000 0.522711 0.131530 
442 44.987790 0.000000 -2.908258 96.446687 0.000000 0.318903 0.069793 
443 46.070647 0.000000 -1.908035 98.508913 0.000000 0.906437 0.029517 
444 44.987790 0.000000 -0.907812 95.584518 0.000000 0.377728 0.086346 
445 39.573505 0.000000 -0.907812 93.784363 0.000000 0.407304 0.120433 
446 37.407790 0.000000 -0.907812 97.066612 0.000000 0.223003 0.057802 
447 39.573505 0.000000 -2.908258 94.179112 0.000000 0.548064 0.112999 
448 39.573505 0.000000 1.092635 93.839494 0.000000 0.597960 0.119379 
449 42.822076 0.000000 -1.908035 92.771633 0.000000 0.318654 0.139332 
450 41.739219 0.000000 -1.908035 91.563313 0.000000 0.544699 0.161586 
451 42.822076 0.000000 -2.908258 93.231818 0.000000 0.121343 0.130781 
452 42.822076 0.000000 -0.907812 91.977231 0.000000 0.129948 0.154017 
453 39.573505 0.000000 -4.908704 96.450306 0.000000 1.556808 0.069491 
454 37.407790 0.000000 -4.908704 95.388144 0.000000 1.185137 0.089970 
455 39.573505 0.000000 -6.909151 95.981432 0.000000 1.504025 0.078530 
456 40.656362 0.000000 -1.908035 91.904783 0.000000 0.581822 0.155317 
457 39.573505 0.000000 -1.908035 94.388224 0.000000 0.608115 0.109049 
458 40.656362 0.000000 -2.908258 92.673666 0.000000 0.694364 0.141111 
459 40.656362 0.000000 -0.907812 90.801505 0.000000 0.224242 0.175504 
460 43.904933 0.000000 3.093081 99.677013 0.000000 -0.968892 0.006355 
461 41.739219 0.000000 3.093081 97.613185 0.000000 1.525693 0.046934 
462 43.904933 0.000000 5.093528 100.132116 0.000000 0.415415 -0.002661 
463 42.822076 0.000000 0.092412 93.081933 0.000000 -0.047730 0.133575 
464 41.739219 0.000000 0.092412 92.314065 0.000000 0.250399 0.147805 
465 43.904933 0.000000 0.092412 93.571917 0.000000 -0.082495 0.124429 
466 42.822076 0.000000 1.092635 93.720283 0.000000 -0.302445 0.121642 
467 42.280647 0.000000 -1.407923 91.696315 0.000000 0.269791 0.159171 
468 41.739219 0.000000 -1.407923 91.655920 0.000000 0.465637 0.159898 
469 42.280647 0.000000 -1.908035 92.339976 0.000000 0.353299 0.147320 
470 42.822076 0.000000 -1.407923 92.600149 0.000000 0.267610 0.142514 
471 42.280647 0.000000 -0.907812 91.475245 0.000000 0.203203 0.163224 
472 35.242076 0.000000 -0.907812 98.180529 0.000000 0.119333 0.036057 
473 35.242076 0.000000 -2.908258 97.671942 0.000000 0.260148 0.046012 
474 35.242076 0.000000 1.092635 97.651592 0.000000 0.265055 0.046410 
475 38.490647 0.000000 -1.908035 95.385402 0.000000 0.454356 0.090142 
476 37.407790 0.000000 -1.908035 96.193811 0.000000 0.416174 0.074658 
477 38.490647 0.000000 -2.908258 95.174894 0.000000 0.509950 0.094148 
478 38.490647 0.000000 -0.907812 95.056507 0.000000 0.318295 0.096416 
479 37.407790 0.000000 9.094420 95.382665 0.000000 0.785913 0.090153 
480 33.076362 0.000000 9.094420 96.668397 0.000000 0.636633 0.065482 
481 37.407790 0.000000 13.095313 101.656974 0.000000 16.180208 -0.059594 
482 39.573505 0.000000 3.093081 96.493942 0.000000 1.580144 0.068642 
483 37.407790 0.000000 3.093081 95.372384 0.000000 1.200489 0.090267 
484 39.573505 0.000000 5.093528 96.010063 0.000000 1.527129 0.077974 
485 38.490647 0.000000 0.092412 95.235130 0.000000 0.356612 0.093014 
486 37.407790 0.000000 0.092412 97.101680 0.000000 0.377580 0.057112 
487 39.573505 0.000000 0.092412 93.850253 0.000000 0.404004 0.119197 
488 38.490647 0.000000 1.092635 95.257395 0.000000 0.485495 0.092579 
489 39.032076 0.000000 -1.407923 94.767349 0.000000 0.386126 0.101900 
490 38.490647 0.000000 -1.407923 95.390935 0.000000 0.428225 0.090039 
491 39.032076 0.000000 -1.908035 95.015116 0.000000 0.494687 0.097188 
492 39.573505 0.000000 -1.407923 93.883459 0.000000 0.522301 0.118562 
493 39.032076 0.000000 -0.907812 94.609673 0.000000 0.321495 0.104891 
494 35.242076 0.000000 -4.908704 95.332514 0.000000 0.926581 0.091085 
495 33.076362 0.000000 -4.908704 95.596814 0.000000 0.763584 0.086067 
496 35.242076 0.000000 -6.909151 95.283501 0.000000 0.938922 0.092017 
497 36.324933 0.000000 -1.908035 97.013400 0.000000 0.380470 0.058826 
498 35.242076 0.000000 -1.908035 97.731100 0.000000 0.499248 0.044838 
499 36.324933 0.000000 -2.908258 97.421163 0.000000 0.383469 0.050897 
500 36.324933 0.000000 -0.907812 97.373024 0.000000 0.253617 0.051843 
501 35.242076 0.000000 3.093081 95.304952 0.000000 0.933629 0.091609 
502 33.076362 0.000000 3.093081 95.575726 0.000000 0.765736 0.086469 
503 35.242076 0.000000 5.093528 95.254882 0.000000 0.946644 0.092561 
504 36.324933 0.000000 0.092412 97.756811 0.000000 0.272990 0.044353 
505 35.242076 0.000000 0.092412 97.942746 0.000000 0.189706 0.040718 
506 36.324933 0.000000 1.092635 97.241452 0.000000 0.433605 0.054391 
507 36.866362 0.000000 -1.407923 96.749507 0.000000 0.306462 0.063944 
508 36.324933 0.000000 -1.407923 97.118385 0.000000 0.348575 0.056790 
509 36.866362 0.000000 -1.908035 96.010739 0.000000 0.388645 0.078179 
510 37.407790 0.000000 -1.407923 96.606756 0.000000 0.329208 0.066703 
511 36.866362 0.000000 -0.907812 97.414564 0.000000 0.211347 0.051036 
512 34.159219 0.000000 -1.908035 98.116301 0.000000 0.178434 0.037316 
513 33.076362 0.000000 -1.908035 98.200147 0.000000 0.133753 0.035671 
514 34.159219 0.000000 -2.908258 97.692248 0.000000 0.320143 0.045612 
515 34.159219 0.000000 -0.907812 98.633052 0.000000 0.074673 0.027152 
516 35.783505 0.000000 -1.407923 97.832274 0.000000 0.282513 0.042877 
517 35.242076 0.000000 -1.407923 97.866071 0.000000 0.399711 0.042207 
518 35.783505 0.000000 -1.908035 97.543217 0.000000 0.496079 0.048507 
519 35.783505 0.000000 -0.907812 98.123452 0.000000 0.151366 0.037177 
520 34.159219 0.000000 0.092412 98.060396 0.000000 0.203771 0.038412 
521 33.076362 0.000000 0.092412 98.176665 0.000000 0.138266 0.036132 
522 34.159219 0.000000 1.092635 97.648131 0.000000 0.331176 0.046473 
523 34.700648 0.000000 -1.407923 98.181755 0.000000 0.148746 0.036032 
524 34.159219 0.000000 -1.407923 98.350627 0.000000 0.130185 0.032714 
525 34.700648 0.000000 -1.908035 98.038425 0.000000 0.181312 0.038843 
526 34.700648 0.000000 -0.907812 98.225756 0.000000 0.140206 0.035168 
527 30.910648 0.000000 -4.908704 96.054284 0.000000 0.683361 0.077311 
528 28.744934 0.000000 -4.908704 96.586720 0.000000 0.649589 0.067058 
529 30.910648 0.000000 -6.909151 96.034877 0.000000 0.684096 0.077683 
530 34.159219 0.000000 -3.908481 96.876237 0.000000 0.538082 0.061471 
531 33.076362 0.000000 -3.908481 96.569550 0.000000 0.547857 0.067402 
532 34.159219 0.000000 -4.908704 95.356661 0.000000 0.923007 0.090626 
533 35.242076 0.000000 -3.908481 95.353169 0.000000 0.921558 0.090692 
534 34.700648 0.000000 -2.408146 97.918015 0.000000 0.207725 0.041202 
535 34.159219 0.000000 -2.408146 97.951842 0.000000 0.248634 0.040537 
536 34.700648 0.000000 -2.908258 97.688317 0.000000 0.274416 0.045692 
537 35.242076 0.000000 -2.408146 97.828203 0.000000 0.218384 0.042959 
538 34.971362 0.000000 -1.657979 97.667153 0.000000 0.490694 0.046089 
539 34.700648 0.000000 -1.657979 98.127602 0.000000 0.159465 0.037095 
540 34.971362 0.000000 -1.908035 97.849670 0.000000 0.385094 0.042529 
541 35.242076 0.000000 -1.657979 97.698218 0.000000 0.560335 0.045474 
542 34.971362 0.000000 -1.407923 98.094746 0.000000 0.161858 0.037739 
543 36.324933 0.000000 -3.908481 96.356494 0.000000 0.738460 0.071488 
544 36.324933 0.000000 -4.908704 95.433213 0.000000 1.168394 0.089114 
545 37.407790 0.000000 -3.908481 96.610419 0.000000 0.638710 0.066602 
546 35.783505 0.000000 -2.408146 97.669347 0.000000 0.348822 0.046058 
547 35.783505 0.000000 -2.908258 97.587290 0.000000 0.347758 0.047660 
548 36.324933 0.000000 -2.408146 97.041386 0.000000 0.328577 0.058286 
549 34.971362 0.000000 -2.158091 97.970788 0.000000 0.188782 0.040169 
550 34.700648 0.000000 -2.158091 97.976800 0.000000 0.194597 0.040051 
551 34.971362 0.000000 -2.408146 97.925069 0.000000 0.199393 0.041064 
552 35.242076 0.000000 -2.158091 97.780695 0.000000 0.403923 0.043877 
553 35.512790 0.000000 -1.657979 97.610372 0.000000 0.589881 0.047187 
554 35.512790 0.000000 -1.908035 97.634183 0.000000 0.536092 0.046728 
555 35.783505 0.000000 -1.657979 97.517350 0.000000 0.504593 0.049011 
556 35.512790 0.000000 -1.407923 97.818760 0.000000 0.397541 0.043133 
557 35.106719 0.000000 -1.783007 97.585843 0.000000 0.543169 0.047671 
558 34.971362 0.000000 -1.783007 97.655656 0.000000 0.495590 0.046313 
559 35.106719 0.000000 -1.908035 97.793044 0.000000 0.436106 0.043633 
560 35.242076 0.000000 -1.783007 97.688006 0.000000 0.566147 0.045673 
561 35.106719 0.000000 -1.657979 97.594233 0.000000 0.539398 0.047507 
562 69.893503 0.000000 -0.907812 97.555135 0.000000 0.000000 0.048300 
563 69.893503 0.000000 -2.908258 97.559653 0.000000 0.000000 0.048211 
564 69.893503 0.000000 1.092635 97.559568 0.000000 0.000000 0.048213 
565 69.893503 0.000000 -4.908704 95.506113 0.000000 5.923473 0.084349 
566 67.727789 0.000000 -4.908704 95.368513 0.000000 5.912826 0.086989 
567 69.893503 0.000000 -6.909151 95.572076 0.000000 8.118385 0.080007 
568 72.059217 0.000000 -4.908704 95.556883 0.000000 5.767037 0.083562 
569 68.810646 0.000000 -1.908035 97.539283 0.000000 0.000000 0.048609 
570 67.727789 0.000000 -1.908035 97.554138 0.000000 0.000000 0.048319 
571 68.810646 0.000000 -2.908258 97.534566 0.000000 0.000000 0.048701 
572 69.893503 0.000000 -1.908035 97.552606 0.000000 0.000000 0.048349 
573 68.810646 0.000000 -0.907812 97.542512 0.000000 0.000000 0.048546 
574 78.556360 0.000000 -4.908704 94.954645 0.000000 4.803941 0.096054 
575 76.390646 0.000000 -4.908704 95.267787 0.000000 5.368396 0.089523 
576 78.556360 0.000000 -6.909151 95.616144 0.000000 6.914903 0.080974 
577 79.639217 0.000000 -1.908035 98.140999 0.000000 0.000000 0.036834 
578 78.556360 0.000000 -1.908035 98.021639 0.000000 0.000000 0.039176 
579 79.639217 0.000000 -2.908258 93.726274 0.000000 2.186750 0.121060 
580 79.639217 0.000000 -0.907812 98.143685 0.000000 0.000000 0.036782 
581 80.722074 0.000000 9.094420 100.893660 0.000000 13.492436 -0.036158 
582 76.390646 0.000000 9.094420 100.631359 0.000000 13.486991 -0.030857 
583 85.053502 0.000000 9.094420 100.580653 0.000000 13.424325 -0.029668 
584 80.722074 0.000000 13.095313 100.719057 0.000000 14.452530 -0.035320 
585 82.887788 0.000000 3.093081 101.397222 0.000000 6.270441 -0.032072 
586 80.722074 0.000000 3.093081 101.849734 0.000000 6.983069 -0.042213 
587 85.053502 0.000000 3.093081 97.793686 0.000000 -4.674462 0.041454 
588 82.887788 0.000000 5.093528 100.998996 0.000000 9.849449 -0.029781 
589 81.804931 0.000000 0.092412 97.892975 0.000000 -4.679208 0.039507 
590 80.722074 0.000000 0.092412 98.065656 0.000000 -1.888202 0.037956 
591 82.887788 0.000000 0.092412 97.922401 0.000000 -4.680614 0.038930 
592 81.804931 0.000000 1.092635 97.858670 0.000000 -4.677568 0.040180 
593 81.263502 0.000000 -1.407923 98.154379 0.000000 -0.973706 0.036477 
594 80.722074 0.000000 -1.407923 98.166736 0.000000 -0.732486 0.036276 
595 81.263502 0.000000 -1.908035 98.054909 0.000000 -2.138083 0.038066 
596 81.804931 0.000000 -1.407923 98.066745 0.000000 -1.993622 0.037894 
597 81.263502 0.000000 -0.907812 98.171945 0.000000 -0.711704 0.036176 
598 98.047787 0.000000 -6.909151 109.365457 0.000000 10.709790 -0.207550 
599 98.047787 0.000000 -10.910044 103.121646 0.000000 13.988428 -0.082975 
600 102.379216 0.000000 -6.909151 105.005633 0.000000 22.348702 -0.152565 
601 95.882073 0.000000 -0.907812 91.592539 0.000000 -13.279821 0.143445 
602 93.716359 0.000000 -0.907812 92.301937 0.000000 -12.423961 0.132600 
603 95.882073 0.000000 -2.908258 91.445416 0.000000 -13.420725 0.145762 
604 98.047787 0.000000 -0.907812 90.932497 0.000000 -13.988607 0.153560 
605 95.882073 0.000000 1.092635 92.657538 0.000000 -12.471826 0.125903 
606 137.030642 0.000000 21.097099 97.933509 0.000000 17.013131 0.011958 
607 154.356356 0.000000 21.097099 97.327179 0.000000 20.529019 0.010598 
608 137.030642 0.000000 37.100670 98.690438 0.000000 15.502941 0.001986 
609 128.367786 0.000000 13.095313 96.361125 0.000000 23.397712 0.016708 
610 119.704929 0.000000 13.095313 97.086558 0.000000 20.498188 0.015402 
611 128.367786 0.000000 5.093528 95.507073 0.000000 30.369279 -0.004389 
612 137.030642 0.000000 13.095313 95.581439 0.000000 26.939113 0.013847 
613 128.367786 0.000000 21.097099 98.127427 0.000000 15.987929 0.011539 
614 -365.415047 0.000000 -378.992184 98.152887 0.000000 19.084334 0.000180 
615 -504.020754 0.000000 -378.992184 98.157151 0.000000 19.084531 0.000095 
616 -365.415047 0.000000 -507.020754 98.154294 0.000000 19.081816 0.000162 
617 466.219197 0.000000 -378.992184 98.159884 0.000000 19.028056 0.000257 
618 466.219197 0.000000 -507.020754 98.157978 0.000000 19.049894 0.000211 
619 604.824905 0.000000 -378.992184 98.163956 0.000000 19.032801 0.000159 
620 -157.506486 0.000000 -186.949328 98.121939 0.000000 19.094805 0.000747 
621 -226.809339 0.000000 -186.949328 98.139705 0.000000 19.095784 0.000395 
622 -157.506486 0.000000 -250.963613 98.127987 0.000000 19.084424 0.000668 
623 258.310636 0.000000 -186.949328 98.152497 0.000000 18.873346 0.000988 
624 258.310636 0.000000 -250.963613 98.144590 0.000000 18.957232 0.000826 
625 327.613490 0.000000 -186.949328 98.168067 0.000000 18.891897 0.000613 
626 -53.552205 0.000000 -90.927900 97.976381 0.000000 19.153738 0.003376 
627 -88.203632 0.000000 -90.927900 98.062983 0.000000 19.145548 0.001710 
628 -53.552205 0.000000 -122.935043 98.008686 0.000000 19.101016 0.002945 
629 154.356356 0.000000 -90.927900 98.142776 0.000000 18.352104 0.003120 
630 154.356356 0.000000 -122.935043 98.096849 0.000000 18.604497 0.003088 
631 189.007783 0.000000 -90.927900 98.182715 0.000000 18.398709 0.002164 
632 -1.575065 0.000000 -42.917186 97.409789 0.000000 19.168061 0.014392 
633 -18.900778 0.000000 -42.917186 97.704196 0.000000 19.300801 0.008137 
634 -1.575065 0.000000 -58.920758 97.570427 0.000000 19.083414 0.011584 
635 7.087792 0.000000 -18.911829 96.316078 0.000000 18.592006 0.037755 
636 -1.575065 0.000000 -18.911829 96.776233 0.000000 19.338098 0.026040 
637 7.087792 0.000000 -26.913615 96.813680 0.000000 18.984403 0.026670 
638 7.087792 0.000000 13.095313 100.692076 0.000000 18.038058 -0.046427 
639 -1.575065 0.000000 13.095313 100.029510 0.000000 19.358671 -0.038066 
640 7.087792 0.000000 21.097099 99.884960 0.000000 18.844526 -0.033212 
641 28.744934 0.000000 9.094420 100.979235 0.000000 14.464717 -0.040603 
642 24.413505 0.000000 9.094420 100.799021 0.000000 14.328135 -0.036574 
643 28.744934 0.000000 13.095313 100.943158 0.000000 16.377963 -0.045776 
644 30.910648 0.000000 3.093081 96.043836 0.000000 0.683755 0.077511 
645 28.744934 0.000000 3.093081 96.583745 0.000000 0.649543 0.067116 
646 30.910648 0.000000 5.093528 96.575926 0.000000 0.649398 0.067267 
647 26.579219 0.000000 3.093081 97.002003 0.000000 0.656028 0.059018 
648 24.413505 0.000000 3.093081 100.847064 0.000000 7.425466 -0.022527 
649 26.579219 0.000000 5.093528 97.457611 0.000000 0.668919 0.050157 
650 26.579219 0.000000 -4.908704 97.002928 0.000000 0.656084 0.059000 
651 24.413505 0.000000 -4.908704 95.804462 0.000000 7.134503 0.077060 
652 26.579219 0.000000 -6.909151 97.399513 0.000000 0.694229 0.051285 
653 44.987790 0.000000 0.092412 96.685972 0.000000 0.033190 0.065182 
654 46.070647 0.000000 0.092412 99.248784 0.000000 -0.010838 0.014968 
655 44.987790 0.000000 1.092635 96.941864 0.000000 -0.420544 0.060210 
656 63.396360 0.000000 9.094420 100.996732 0.000000 12.773289 -0.036350 
657 67.727789 0.000000 9.094420 100.520759 0.000000 13.043034 -0.027454 
658 63.396360 0.000000 13.095313 101.071896 0.000000 14.116078 -0.041479 
659 56.899218 0.000000 3.093081 105.570078 0.000000 -4.969783 -0.116974 
660 59.064932 0.000000 3.093081 107.608651 0.000000 -6.844370 -0.162647 
661 56.899218 0.000000 5.093528 106.674853 0.000000 -5.481710 -0.140957 
662 137.030642 0.000000 -42.917186 98.350266 0.000000 17.444724 0.002291 
663 137.030642 0.000000 -58.920758 98.214885 0.000000 17.791399 0.003730 
664 154.356356 0.000000 -42.917186 98.340158 0.000000 17.582147 0.002008 
665 111.042072 0.000000 -18.911829 99.260794 0.000000 16.821169 -0.013566 
666 111.042072 0.000000 -26.913615 98.810219 0.000000 16.558954 -0.003766 
667 119.704929 0.000000 -18.911829 98.986022 0.000000 17.263384 -0.009626 
668 61.230646 0.000000 -0.907812 98.846308 0.000000 -0.668198 0.022896 
669 61.230646 0.000000 -2.908258 99.776203 0.000000 -1.345426 0.004290 
670 61.230646 0.000000 1.092635 100.154981 0.000000 -1.685038 -0.003386 
671 61.230646 0.000000 3.093081 107.782413 0.000000 -8.441852 -0.168831 
672 63.396360 0.000000 3.093081 108.227674 0.000000 -10.396921 -0.182133 
673 61.230646 0.000000 5.093528 107.836768 0.000000 -8.367888 -0.169879 
674 65.562075 0.000000 -4.908704 96.758310 0.000000 -15.410407 0.040035 
675 63.396360 0.000000 -4.908704 108.165972 0.000000 -10.429570 -0.180865 
676 65.562075 0.000000 -6.909151 95.167910 0.000000 8.270440 0.087467 
677 61.230646 0.000000 -4.908704 107.718385 0.000000 -8.501032 -0.167552 
678 61.230646 0.000000 -6.909151 107.758647 0.000000 -8.440360 -0.168317 
679 111.042072 0.000000 13.095313 97.814003 0.000000 18.312441 0.009708 
680 111.042072 0.000000 21.097099 98.671917 0.000000 14.633186 0.004972 
681 72.059217 0.000000 9.094420 100.390971 0.000000 13.313568 -0.025560 
682 72.059217 0.000000 13.095313 100.595560 0.000000 14.304053 -0.032407 
683 74.224931 0.000000 -4.908704 95.457930 0.000000 5.653948 0.085582 
684 74.224931 0.000000 -6.909151 95.655950 0.000000 7.754230 0.078981 
685 78.556360 0.000000 3.093081 101.343259 0.000000 7.731170 -0.033023 
686 76.390646 0.000000 3.093081 100.647671 0.000000 8.025630 -0.019436 
687 78.556360 0.000000 5.093528 100.975985 0.000000 10.482996 -0.030604 
688 79.639217 0.000000 0.092412 98.138283 0.000000 0.000000 0.036888 
689 78.556360 0.000000 0.092412 98.021296 0.000000 0.000000 0.039183 
690 79.639217 0.000000 1.092635 102.548529 0.000000 3.996605 -0.053217 
691 89.384931 0.000000 9.094420 99.414709 0.000000 14.145556 -0.008338 
692 93.716359 0.000000 9.094420 98.090267 0.000000 16.095815 0.011922 
693 89.384931 0.000000 13.095313 100.182403 0.000000 14.280015 -0.024043 
694 98.047787 0.000000 9.094420 97.311857 0.000000 18.661522 0.018215 
695 102.379216 0.000000 9.094420 97.135434 0.000000 21.025901 0.012262 
696 98.047787 0.000000 13.095313 98.793084 0.000000 15.709863 -0.000687 
697 128.367786 0.000000 -2.908258 98.171554 0.000000 21.525446 -0.010100 
698 128.367786 0.000000 -10.910044 98.781480 0.000000 18.529804 -0.010113 
699 137.030642 0.000000 -2.908258 97.966769 0.000000 20.301610 -0.000964 
700 55.816361 0.000000 0.092412 102.419645 0.000000 -0.987796 -0.049076 
701 56.899218 0.000000 0.092412 101.638147 0.000000 -1.027385 -0.033137 
702 55.816361 0.000000 1.092635 103.183878 0.000000 -1.480912 -0.064911 
703 47.153504 0.000000 -1.908035 102.551035 0.000000 1.113429 -0.051795 
704 47.153504 0.000000 -2.908258 103.297062 0.000000 0.620255 -0.067067 
705 47.153504 0.000000 -0.907812 103.658966 0.000000 0.643156 -0.074559 
706 47.153504 0.000000 0.092412 103.153952 0.000000 0.101256 -0.064075 
707 47.153504 0.000000 1.092635 104.678624 0.000000 -0.641717 -0.095803 
708 50.943504 0.000000 -1.407923 106.297362 0.000000 0.761242 -0.129971 
709 50.943504 0.000000 -1.908035 108.657816 0.000000 0.222761 -0.180657 
710 50.943504 0.000000 -0.907812 111.179439 0.000000 -0.147879 -0.236089 
711 40.656362 0.000000 0.092412 91.969352 0.000000 0.505654 0.154138 
712 40.656362 0.000000 1.092635 93.119390 0.000000 0.616367 0.132840 
713 38.490647 0.000000 -3.908481 96.617038 0.000000 0.953981 0.066424 
714 38.490647 0.000000 -4.908704 95.974975 0.000000 1.431891 0.078675 
715 39.573505 0.000000 -3.908481 93.755224 0.000000 0.917877 0.120912 
716 37.949219 0.000000 -1.407923 96.135621 0.000000 0.413804 0.075777 
717 37.949219 0.000000 -1.908035 95.978786 0.000000 0.494066 0.078783 
718 37.949219 0.000000 -0.907812 96.202677 0.000000 0.317655 0.074494 
719 36.866362 0.000000 -2.408146 96.531427 0.000000 0.393876 0.068153 
720 36.866362 0.000000 -2.908258 97.255858 0.000000 0.418660 0.054112 
721 37.407790 0.000000 -2.408146 96.714705 0.000000 0.489473 0.064603 
722 35.512790 0.000000 -2.158091 97.642204 0.000000 0.477952 0.046577 
723 35.512790 0.000000 -2.408146 97.784281 0.000000 0.289441 0.043815 
724 35.783505 0.000000 -2.158091 97.641422 0.000000 0.362735 0.046602 
725 20.082077 0.000000 9.094420 100.870468 0.000000 14.434936 -0.038322 
726 15.750649 0.000000 9.094420 101.146524 0.000000 14.893311 -0.045243 
727 20.082077 0.000000 13.095313 100.653380 0.000000 16.579979 -0.040600 
728 22.247791 0.000000 3.093081 100.979581 0.000000 7.452391 -0.025241 
729 20.082077 0.000000 3.093081 101.209602 0.000000 7.492161 -0.029952 
730 22.247791 0.000000 5.093528 100.932002 0.000000 10.402818 -0.029549 
731 22.247791 0.000000 -4.908704 95.647914 0.000000 7.155925 0.080027 
732 20.082077 0.000000 -4.908704 95.392605 0.000000 7.190897 0.084854 
733 22.247791 0.000000 -6.909151 95.689600 0.000000 10.168343 0.074011 
734 65.562075 0.000000 3.093081 96.760230 0.000000 -15.409027 0.040002 
735 67.727789 0.000000 3.093081 99.973730 0.000000 7.579403 -0.005219 
736 65.562075 0.000000 5.093528 100.428670 0.000000 9.979887 -0.018552 
737 74.224931 0.000000 3.093081 100.170912 0.000000 8.046143 -0.009895 
738 72.059217 0.000000 3.093081 99.883353 0.000000 7.884627 -0.003885 
739 74.224931 0.000000 5.093528 100.251131 0.000000 10.639390 -0.016349 
740 69.893503 0.000000 3.093081 99.856583 0.000000 7.810388 -0.003234 
741 69.893503 0.000000 5.093528 100.041147 0.000000 10.365528 -0.011568 
742 128.367786 0.000000 -18.911829 98.775800 0.000000 17.427722 -0.006038 
743 128.367786 0.000000 -26.913615 98.633015 0.000000 17.143416 -0.002237 
744 137.030642 0.000000 -18.911829 98.593772 0.000000 17.455473 -0.002543 
745 40.656362 0.000000 -3.908481 94.329755 0.000000 0.868952 0.110114 
746 40.656362 0.000000 -4.908704 97.430736 0.000000 1.466255 0.050510 
747 41.739219 0.000000 -3.908481 95.396865 0.000000 0.689093 0.089896 
748 37.949219 0.000000 -2.408146 96.001873 0.000000 0.448452 0.078344 
749 37.949219 0.000000 -2.908258 96.252773 0.000000 0.493385 0.073516 
750 38.490647 0.000000 -2.408146 95.439225 0.000000 0.473038 0.089113 
751 39.032076 0.000000 -2.408146 94.841425 0.000000 0.514004 0.100484 
752 39.032076 0.000000 -2.908258 94.876795 0.000000 0.538887 0.099810 
753 39.573505 0.000000 -2.408146 93.709627 0.000000 0.577761 0.121817 
754 42.822076 0.000000 -3.908481 95.866387 0.000000 -0.505489 0.080938 
755 42.822076 0.000000 -4.908704 99.480069 0.000000 -0.145530 0.010369 
756 43.904933 0.000000 -3.908481 95.460209 0.000000 -0.506759 0.088709 
1 19 21 9 22 
2 20 19 22 4 
3 28 29 3 30 
4 21 28 30 9 
5 35 37 21 38 
6 36 35 38 19 
7 44 45 28 46 
8 37 44 46 21 
9 51 53 37 54 
10 52 51 54 35 
11 60 61 44 62 
12 53 60 62 37 
13 67 69 53 70 
14 68 67 70 51 
15 11 78 76 77 
16 78 10 24 76 
17 76 24 14 79 
18 77 76 79 6 
19 24 82 80 81 
20 82 23 40 80 
21 80 40 27 83 
22 81 80 83 14 
23 40 86 84 85 
24 86 39 56 84 
25 84 56 43 87 
26 85 84 87 27 
27 56 90 88 89 
28 89 88 91 43 
29 92 93 60 94 
30 69 92 94 53 
31 95 97 69 98 
32 96 95 98 67 
33 6 79 104 105 
34 79 14 36 104 
35 104 36 19 106 
36 105 104 106 20 
37 14 83 107 108 
38 83 27 52 107 
39 107 52 35 109 
40 108 107 109 36 
41 27 87 110 111 
42 87 43 68 110 
43 110 68 51 112 
44 111 110 112 52 
45 43 91 113 114 
46 113 96 67 115 
47 114 113 115 68 
48 88 118 116 117 
49 118 72 100 116 
50 116 100 59 119 
51 117 116 119 91 
52 120 122 95 123 
53 121 120 123 96 
54 100 126 124 125 
55 125 124 128 59 
56 12 131 129 130 
57 131 7 132 129 
58 129 132 13 25 
59 130 129 25 10 
60 25 135 133 134 
61 135 13 136 133 
62 133 136 26 41 
63 134 133 41 23 
64 41 139 137 138 
65 139 26 140 137 
66 137 140 42 57 
67 138 137 57 39 
68 57 143 141 142 
69 143 42 144 141 
70 141 144 58 73 
71 142 141 73 55 
72 55 147 145 146 
73 147 73 148 145 
74 145 148 71 101 
75 146 145 101 72 
76 72 151 149 150 
77 151 101 152 149 
78 150 149 126 100 
79 126 167 165 166 
80 167 99 168 165 
81 165 168 127 169 
82 166 165 169 124 
83 101 171 170 152 
84 171 71 172 170 
85 99 174 173 168 
86 174 162 175 173 
87 173 175 161 176 
88 168 173 176 127 
89 177 178 92 179 
90 97 177 179 69 
91 180 181 97 182 
92 122 180 182 95 
93 162 188 187 175 
94 188 102 189 187 
95 187 189 163 190 
96 175 187 190 161 
97 73 200 199 148 
98 200 58 201 199 
99 199 201 74 158 
100 148 199 158 71 
101 158 204 202 203 
102 204 74 205 202 
103 211 212 177 213 
104 181 211 213 97 
105 15 219 218 33 
106 219 17 220 218 
107 218 220 8 221 
108 33 218 221 18 
109 31 223 222 49 
110 223 33 224 222 
111 222 224 18 225 
112 49 222 225 34 
113 227 49 228 226 
114 226 228 34 229 
115 7 243 242 132 
116 243 16 244 242 
117 242 244 15 32 
118 132 242 32 13 
119 13 246 245 136 
120 246 32 247 245 
121 245 247 31 48 
122 136 245 48 26 
123 26 249 248 140 
124 249 48 250 248 
125 248 250 47 64 
126 140 248 64 42 
127 42 252 251 144 
128 252 64 253 251 
129 251 253 63 154 
130 144 251 154 58 
131 58 255 254 201 
132 255 154 256 254 
133 254 256 153 192 
134 201 254 192 74 
135 192 259 257 258 
136 259 153 260 257 
137 18 221 261 45 
138 221 8 262 261 
139 261 262 29 263 
140 45 261 263 28 
141 34 225 264 61 
142 225 18 265 264 
143 264 265 45 266 
144 61 264 266 44 
145 229 34 268 267 
146 267 268 61 269 
147 93 267 269 60 
148 270 271 93 272 
149 178 270 272 92 
150 273 274 178 275 
151 212 273 275 177 
152 239 282 280 281 
153 282 193 283 280 
154 280 283 240 284 
155 281 280 284 238 
156 154 286 285 256 
157 286 63 287 285 
158 285 287 155 235 
159 256 285 235 153 
160 153 289 288 260 
161 289 235 290 288 
162 277 301 299 300 
163 301 234 302 299 
164 299 302 278 303 
165 300 299 303 276 
166 235 305 304 290 
167 305 155 306 304 
168 234 308 307 302 
169 302 307 310 278 
170 311 312 270 313 
171 274 311 313 178 
172 236 315 314 297 
173 315 291 316 314 
174 314 316 294 317 
175 297 314 317 66 
176 319 236 320 318 
177 318 320 297 321 
178 64 323 322 253 
179 323 47 324 322 
180 322 324 65 231 
181 253 322 231 63 
182 63 326 325 287 
183 326 231 327 325 
184 325 327 230 292 
185 287 325 292 155 
186 155 329 328 306 
187 329 292 330 328 
188 328 330 291 315 
189 306 328 315 236 
190 304 333 331 332 
191 333 306 334 331 
192 331 334 236 319 
193 332 331 319 296 
194 296 337 335 336 
195 337 319 338 335 
196 335 338 318 339 
197 341 226 342 340 
198 340 342 229 343 
199 230 345 344 293 
200 345 232 346 344 
201 344 346 50 347 
202 293 344 347 233 
203 349 293 350 348 
204 348 350 233 351 
205 316 348 351 294 
206 74 353 352 205 
207 353 192 258 352 
208 205 361 359 360 
209 361 352 362 359 
210 359 362 215 356 
211 360 359 356 159 
212 364 191 365 363 
213 363 365 216 366 
214 356 369 367 368 
215 369 215 370 367 
216 352 373 372 362 
217 373 258 374 372 
218 372 374 191 364 
219 362 372 364 215 
220 215 376 375 370 
221 376 364 377 375 
222 375 377 363 378 
223 370 375 378 357 
224 5 217 379 380 
225 217 194 381 379 
226 379 381 211 382 
227 380 379 382 181 
228 197 358 383 384 
229 358 214 385 383 
230 383 385 217 386 
231 384 383 386 5 
232 354 371 387 388 
233 371 357 389 387 
234 387 389 214 390 
235 388 387 390 358 
236 367 393 391 392 
237 393 370 394 391 
238 391 394 357 395 
239 392 391 395 371 
240 159 401 399 400 
241 401 356 368 399 
242 368 405 403 404 
243 405 367 392 403 
244 403 392 371 406 
245 404 403 406 354 
246 355 402 407 408 
247 402 354 388 407 
248 407 388 358 409 
249 408 407 409 197 
250 399 412 410 411 
251 412 368 404 410 
252 410 404 354 413 
253 411 410 413 402 
254 202 416 414 415 
255 416 205 360 414 
256 414 360 159 397 
257 415 414 397 196 
258 397 419 417 418 
259 419 159 400 417 
260 418 417 420 396 
261 160 198 421 422 
262 198 5 380 421 
263 421 380 181 423 
264 422 421 423 180 
265 195 398 424 425 
266 398 197 384 424 
267 424 384 5 426 
268 425 424 426 198 
269 396 420 427 428 
270 420 355 408 427 
271 427 408 197 429 
272 428 427 429 398 
273 417 432 430 431 
274 432 400 433 430 
275 430 433 355 434 
276 431 430 434 420 
277 71 436 435 172 
278 436 158 203 435 
279 203 439 437 438 
280 439 202 415 437 
281 437 415 196 208 
282 208 442 440 441 
283 442 196 443 440 
284 440 443 209 444 
285 441 440 444 206 
286 157 451 449 450 
287 451 208 441 449 
288 449 441 206 452 
289 435 455 453 454 
290 455 203 438 453 
291 447 458 456 457 
292 458 157 450 456 
293 456 450 207 459 
294 457 456 459 445 
295 185 210 460 461 
296 210 195 425 460 
297 460 425 198 462 
298 461 460 462 160 
299 207 452 463 464 
300 452 206 465 463 
301 463 465 210 466 
302 464 463 466 185 
303 450 469 467 468 
304 469 449 470 467 
305 467 470 452 471 
306 468 467 471 207 
307 75 186 479 480 
308 186 160 422 479 
309 479 422 180 481 
310 480 479 481 122 
311 183 448 482 483 
312 448 185 461 482 
313 482 461 160 484 
314 483 482 484 186 
315 446 478 485 486 
316 478 445 487 485 
317 485 487 448 488 
318 486 485 488 183 
319 475 491 489 490 
320 491 457 492 489 
321 489 492 445 493 
322 490 489 493 478 
323 172 496 494 495 
324 496 435 454 494 
325 163 474 501 502 
326 474 183 483 501 
327 501 483 186 503 
328 502 501 503 75 
329 472 500 504 505 
330 500 446 486 504 
331 504 486 183 506 
332 505 504 506 474 
333 497 509 507 508 
334 509 476 510 507 
335 507 510 446 511 
336 508 507 511 500 
337 102 514 512 513 
338 513 512 515 189 
339 518 497 508 516 
340 516 508 500 519 
341 517 516 519 472 
342 189 515 520 521 
343 515 472 505 520 
344 520 505 474 522 
345 521 520 522 163 
346 512 525 523 524 
347 523 517 472 526 
348 524 523 526 515 
349 170 529 527 528 
350 529 172 495 527 
351 527 495 102 188 
352 528 527 188 162 
353 495 532 530 531 
354 532 494 533 530 
355 530 533 473 514 
356 531 530 514 102 
357 514 536 534 535 
358 536 473 537 534 
359 535 534 525 512 
360 525 540 538 539 
361 538 541 517 542 
362 539 538 542 523 
363 494 544 543 533 
364 544 454 545 543 
365 543 545 184 499 
366 533 543 499 473 
367 473 547 546 537 
368 547 499 548 546 
369 546 548 497 518 
370 534 551 549 550 
371 551 537 552 549 
372 549 552 498 540 
373 550 549 540 525 
374 498 554 553 541 
375 554 518 555 553 
376 553 555 516 556 
377 541 553 556 517 
378 540 559 557 558 
379 559 498 560 557 
380 557 560 541 561 
381 558 557 561 538 
382 563 277 300 562 
383 562 300 276 564 
384 283 562 564 240 
385 260 567 565 566 
386 567 288 568 565 
387 565 568 277 563 
388 566 565 563 193 
389 193 571 569 570 
390 571 563 572 569 
391 569 572 562 573 
392 570 569 573 283 
393 290 576 574 575 
394 576 304 332 574 
395 574 332 296 308 
396 575 574 308 234 
397 308 579 577 578 
398 579 296 336 577 
399 577 336 309 580 
400 578 577 580 307 
401 237 298 581 582 
402 298 66 583 581 
403 581 583 274 584 
404 582 581 584 273 
405 295 321 585 586 
406 321 297 587 585 
407 585 587 66 588 
408 586 585 588 298 
409 309 339 589 590 
410 339 318 591 589 
411 589 591 321 592 
412 590 589 592 295 
413 336 595 593 594 
414 595 335 596 593 
415 593 596 339 597 
416 594 593 597 309 
417 292 599 598 330 
418 599 230 600 598 
419 598 600 293 349 
420 330 598 349 291 
421 291 603 601 602 
422 603 349 604 601 
423 601 604 348 605 
424 602 601 605 316 
425 343 229 607 606 
426 606 607 267 608 
427 271 606 608 93 
428 50 611 609 610 
429 611 343 612 609 
430 609 612 606 613 
431 610 609 613 271 
432 1 616 614 615 
433 616 12 130 614 
434 614 130 10 78 
435 615 614 78 11 
436 16 618 617 244 
437 618 2 619 617 
438 617 619 17 219 
439 244 617 219 15 
440 10 622 620 621 
441 622 25 134 620 
442 620 134 23 82 
443 621 620 82 24 
444 32 624 623 247 
445 624 15 625 623 
446 623 625 33 223 
447 247 623 223 31 
448 23 628 626 627 
449 628 41 138 626 
450 626 138 39 86 
451 627 626 86 40 
452 48 630 629 250 
453 630 31 631 629 
454 629 631 49 227 
455 250 629 227 47 
456 39 634 632 633 
457 634 57 142 632 
458 632 142 55 90 
459 633 632 90 56 
460 90 637 635 636 
461 637 55 146 635 
462 635 146 72 118 
463 636 635 118 88 
464 91 119 638 639 
465 119 59 121 638 
466 638 121 96 640 
467 639 638 640 113 
468 103 164 641 642 
469 164 75 480 641 
470 641 480 122 643 
471 642 641 643 120 
472 161 190 644 645 
473 190 163 502 644 
474 644 502 75 646 
475 645 644 646 164 
476 127 176 647 648 
477 176 161 645 647 
478 647 645 164 649 
479 648 647 649 103 
480 152 652 650 651 
481 652 170 528 650 
482 650 528 162 174 
483 651 650 174 99 
484 206 444 653 465 
485 444 209 654 653 
486 653 654 195 655 
487 465 653 655 210 
488 194 241 656 381 
489 241 156 657 656 
490 656 657 212 658 
491 381 656 658 211 
492 214 366 659 385 
493 366 216 660 659 
494 659 660 194 661 
495 385 659 661 217 
496 47 663 662 324 
497 663 227 664 662 
498 662 664 226 341 
499 324 662 341 65 
500 231 666 665 327 
501 666 65 667 665 
502 665 667 232 345 
503 327 665 345 230 
504 191 669 668 365 
505 669 239 281 668 
506 668 281 238 670 
507 365 668 670 216 
508 216 670 671 660 
509 670 238 672 671 
510 671 672 241 673 
511 660 671 673 194 
512 257 676 674 675 
513 676 260 566 674 
514 674 566 193 282 
515 675 674 282 239 
516 258 678 677 374 
517 678 257 675 677 
518 677 675 239 669 
519 374 677 669 191 
520 233 347 679 312 
521 347 50 610 679 
522 679 610 271 680 
523 312 679 680 270 
524 156 279 681 657 
525 279 237 582 681 
526 681 582 273 682 
527 657 681 682 212 
528 288 684 683 568 
529 684 290 575 683 
530 683 575 234 301 
531 568 683 301 277 
532 278 310 685 686 
533 310 295 586 685 
534 685 586 298 687 
535 686 685 687 237 
536 307 580 688 689 
537 580 309 590 688 
538 688 590 295 690 
539 689 688 690 310 
540 66 317 691 583 
541 317 294 692 691 
542 691 692 311 693 
543 583 691 693 274 
544 294 351 694 692 
545 351 233 695 694 
546 694 695 312 696 
547 692 694 696 311 
548 232 698 697 346 
549 698 340 699 697 
550 697 699 343 611 
551 346 697 611 50 
552 357 378 700 389 
553 378 363 701 700 
554 700 701 366 702 
555 389 700 702 214 
556 196 704 703 443 
557 704 397 418 703 
558 703 418 396 705 
559 443 703 705 209 
560 209 705 706 654 
561 705 396 428 706 
562 706 428 398 707 
563 654 706 707 195 
564 400 709 708 433 
565 709 399 411 708 
566 708 411 402 710 
567 433 708 710 355 
568 445 459 711 487 
569 459 207 464 711 
570 711 464 185 712 
571 487 711 712 448 
572 454 714 713 545 
573 714 453 715 713 
574 713 715 447 477 
575 545 713 477 184 
576 476 717 716 510 
577 717 475 490 716 
578 716 490 478 718 
579 510 716 718 446 
580 499 720 719 548 
581 720 184 721 719 
582 719 721 476 509 
583 548 719 509 497 
584 537 723 722 552 
585 723 546 724 722 
586 722 724 518 554 
587 552 722 554 498 
588 59 128 725 726 
589 128 103 642 725 
590 725 642 120 727 
591 726 725 727 121 
592 124 169 728 729 
593 169 127 648 728 
594 728 648 103 730 
595 729 728 730 128 
596 149 733 731 732 
597 733 152 651 731 
598 731 651 99 167 
599 732 731 167 126 
600 238 284 734 672 
601 284 240 735 734 
602 734 735 156 736 
603 672 734 736 241 
604 276 303 737 738 
605 303 278 686 737 
606 737 686 237 739 
607 738 737 739 279 
608 240 564 740 735 
609 564 276 738 740 
610 740 738 279 741 
611 735 740 741 156 
612 65 743 742 667 
613 743 341 744 742 
614 742 744 340 698 
615 667 742 698 232 
616 453 746 745 715 
617 746 438 747 745 
618 745 747 157 458 
619 715 745 458 447 
620 184 749 748 721 
621 749 477 750 748 
622 748 750 475 717 
623 721 748 717 476 
624 477 752 751 750 
625 752 447 753 751 
626 751 753 457 491 
627 750 751 491 475 
628 438 755 754 747 
629 755 437 756 754 
630 754 756 208 451 
631 747 754 451 157 
