WARNING: 1 open meshes merged
     Merged: WingGeom
...Mass Properties...
20 Num Comps
15 Total Num Meshes
108104 Total Num Tris

5.196601934104609e+04             Total Mass
4.856827749565560e+01 1.375572428283377e-02 2.102668923262825e-01       Center of Gravity
4.481289495605430e+06 3.177682087914928e+07 3.596213232932881e+07       Ixx, Iyy, Izz
4.192246641621276e+03 1.977359948649374e+05 4.940852398803294e+03       Ixy, Ixz, Iyz
1.370560648187393e+04             Volume

Name	Mass	cgX	cgY	cgZ	Ixx	Iyy	Izz	Ixy	Ixz	Iyz	Volume
FuselageGeom	4.157061789971835e+03	4.882369724295146e+01	-6.053197789742406e-16	-3.047113781156257e-01	1.867859870438213e+05	3.129769962861086e+06	3.233675165085912e+06	1.006704921247686e-10	-2.081716263300392e+04	1.378717302271629e-11	8.168499566756857e+03
Tail	3.019084919262070e+02	9.286767533702989e+01	1.369307034131403e+01	5.740954271881650e+00	8.586004919193596e+03	8.072339603893182e+03	8.096874840847466e+03	2.902607200210887e+03	2.931923130632130e+03	4.253997542458645e+03	9.316520723423767e+01
Tail	3.019084919262068e+02	9.286767533702989e+01	-1.369307034131404e+01	5.740954271881654e+00	8.586004919193587e+03	8.072339603893175e+03	8.096874840847452e+03	-2.902607200210884e+03	2.931923130632124e+03	-4.253997542458637e+03	9.316520723423827e+01
Engine Example	0.000000000000000e+00	0.000000000000000e+00	0.000000000000000e+00	0.000000000000000e+00	0.000000000000000e+00	0.000000000000000e+00	0.000000000000000e+00	0.000000000000000e+00	0.000000000000000e+00	0.000000000000000e+00	0.000000000000000e+00
Engine Example	0.000000000000000e+00	0.000000000000000e+00	0.000000000000000e+00	0.000000000000000e+00	0.000000000000000e+00	0.000000000000000e+00	0.000000000000000e+00	0.000000000000000e+00	0.000000000000000e+00	0.000000000000000e+00	0.000000000000000e+00
Bombbay	0.000000000000000e+00	0.000000000000000e+00	0.000000000000000e+00	0.000000000000000e+00	0.000000000000000e+00	0.000000000000000e+00	0.000000000000000e+00	0.000000000000000e+00	0.000000000000000e+00	0.000000000000000e+00	2.247139863372152e+03
electronics	0.000000000000000e+00	0.000000000000000e+00	0.000000000000000e+00	0.000000000000000e+00	0.000000000000000e+00	0.000000000000000e+00	0.000000000000000e+00	0.000000000000000e+00	0.000000000000000e+00	0.000000000000000e+00	0.000000000000000e+00
Sonobouys and Electronics	0.000000000000000e+00	0.000000000000000e+00	0.000000000000000e+00	0.000000000000000e+00	0.000000000000000e+00	0.000000000000000e+00	0.000000000000000e+00	0.000000000000000e+00	0.000000000000000e+00	0.000000000000000e+00	0.000000000000000e+00
Intake	1.148054699944066e+03	5.735313984176459e+01	7.478854718826026e-01	6.974617179681411e+00	1.493674919655377e+04	3.915311654563579e+04	4.829942254891772e+04	2.770418488299194e+03	-3.087194963576109e+03	-5.022968761470902e+02	8.807747583316284e+02
Intake	3.120660320985648e+02	5.921814172608553e+01	-4.607460668370881e-01	7.407752345350826e+00	5.691626409754888e+03	1.374705804036160e+04	1.704428786140458e+04	-4.589701121241374e+03	-2.299528453225801e+03	6.700647340929240e+02	4.541655613186534e+01
Fuel Tank 2 Shell	0.000000000000000e+00	0.000000000000000e+00	0.000000000000000e+00	0.000000000000000e+00	0.000000000000000e+00	0.000000000000000e+00	0.000000000000000e+00	0.000000000000000e+00	0.000000000000000e+00	0.000000000000000e+00	1.984539331672988e+02
Fuel Tank 1 Shell	0.000000000000000e+00	0.000000000000000e+00	0.000000000000000e+00	0.000000000000000e+00	0.000000000000000e+00	0.000000000000000e+00	0.000000000000000e+00	0.000000000000000e+00	0.000000000000000e+00	0.000000000000000e+00	2.863753679288574e+02
WingGeom	2.745019835179139e+03	7.014059683330385e+01	2.877679560963166e-14	-5.799587189727354e-01	3.918046088447114e+06	6.032281695792283e+04	3.974348794462468e+06	8.222658665069105e-11	4.217546223224273e+03	2.906396651125576e-11	9.278861390005583e+02
Fuel Tank Wings Shell	0.000000000000000e+00	0.000000000000000e+00	0.000000000000000e+00	0.000000000000000e+00	0.000000000000000e+00	0.000000000000000e+00	0.000000000000000e+00	0.000000000000000e+00	0.000000000000000e+00	0.000000000000000e+00	3.823649413586448e+02
Fuel Tank Wings Shell	0.000000000000000e+00	0.000000000000000e+00	0.000000000000000e+00	0.000000000000000e+00	0.000000000000000e+00	0.000000000000000e+00	0.000000000000000e+00	0.000000000000000e+00	0.000000000000000e+00	0.000000000000000e+00	3.823649413586978e+02
Engine Example_pm	6.100000000000000e+03	7.800000000000000e+01	3.300000000000000e+00	0.000000000000000e+00	0.000000000000000e+00	0.000000000000000e+00	0.000000000000000e+00	-0.000000000000000e+00	-0.000000000000000e+00	-0.000000000000000e+00	0.000000000000000e+00
Engine Example_pm	6.100000000000000e+03	7.800000000000000e+01	-3.300000000000000e+00	0.000000000000000e+00	0.000000000000000e+00	0.000000000000000e+00	0.000000000000000e+00	-0.000000000000000e+00	-0.000000000000000e+00	-0.000000000000000e+00	0.000000000000000e+00
Bombbay_pm	1.700000000000000e+04	4.300000000000000e+01	0.000000000000000e+00	0.000000000000000e+00	0.000000000000000e+00	0.000000000000000e+00	0.000000000000000e+00	-0.000000000000000e+00	-0.000000000000000e+00	-0.000000000000000e+00	0.000000000000000e+00
electronics_pm	1.080000000000000e+04	1.200000000000000e+01	0.000000000000000e+00	0.000000000000000e+00	0.000000000000000e+00	0.000000000000000e+00	0.000000000000000e+00	-0.000000000000000e+00	-0.000000000000000e+00	-0.000000000000000e+00	0.000000000000000e+00
Sonobouys and Electronics_pm	3.000000000000000e+03	5.860000000000000e+01	0.000000000000000e+00	0.000000000000000e+00	0.000000000000000e+00	0.000000000000000e+00	0.000000000000000e+00	-0.000000000000000e+00	-0.000000000000000e+00	-0.000000000000000e+00	0.000000000000000e+00
Name	Mass	cgX	cgY	cgZ	Ixx	Iyy	Izz	Ixy	Ixz	Iyz	Volume
Totals	5.196601934104609e+04	4.856827749565560e+01	1.375572428283377e-02	2.102668923262825e-01	4.481289495605430e+06	3.177682087914928e+07	3.596213232932881e+07	4.192246641621276e+03	1.977359948649374e+05	4.940852398803294e+03	1.370560648187393e+04

...Filling Mass Properties (Volume Only -- No Shell or Point Mass)...
50 Num Slice

Slice	Mass	cgX	cgY	cgZ	Ixx	Iyy	Izz	Ixy	Ixz	Iyz	Volume
1.798903669415122e-01	0.000000000000000e+00	0.000000000000000e+00	0.000000000000000e+00	0.000000000000000e+00	0.000000000000000e+00	0.000000000000000e+00	0.000000000000000e+00	0.000000000000000e+00	0.000000000000000e+00	0.000000000000000e+00	3.251174005994055e+01
2.212703708300152e+00	0.000000000000000e+00	0.000000000000000e+00	0.000000000000000e+00	0.000000000000000e+00	0.000000000000000e+00	0.000000000000000e+00	0.000000000000000e+00	0.000000000000000e+00	0.000000000000000e+00	0.000000000000000e+00	1.093962869277087e+02
4.245517049658792e+00	0.000000000000000e+00	0.000000000000000e+00	0.000000000000000e+00	0.000000000000000e+00	0.000000000000000e+00	0.000000000000000e+00	0.000000000000000e+00	0.000000000000000e+00	0.000000000000000e+00	0.000000000000000e+00	2.262496117306021e+02
6.278330391017432e+00	0.000000000000000e+00	0.000000000000000e+00	0.000000000000000e+00	0.000000000000000e+00	0.000000000000000e+00	0.000000000000000e+00	0.000000000000000e+00	0.000000000000000e+00	0.000000000000000e+00	0.000000000000000e+00	3.781710863127204e+02
8.311143732376072e+00	0.000000000000000e+00	0.000000000000000e+00	0.000000000000000e+00	0.000000000000000e+00	0.000000000000000e+00	0.000000000000000e+00	0.000000000000000e+00	0.000000000000000e+00	0.000000000000000e+00	0.000000000000000e+00	5.602583031227141e+02
1.034395707373471e+01	0.000000000000000e+00	0.000000000000000e+00	0.000000000000000e+00	0.000000000000000e+00	0.000000000000000e+00	0.000000000000000e+00	0.000000000000000e+00	0.000000000000000e+00	0.000000000000000e+00	0.000000000000000e+00	7.677130079827102e+02
1.237677041509335e+01	0.000000000000000e+00	0.000000000000000e+00	0.000000000000000e+00	0.000000000000000e+00	0.000000000000000e+00	0.000000000000000e+00	0.000000000000000e+00	0.000000000000000e+00	0.000000000000000e+00	0.000000000000000e+00	9.959296950190242e+02
1.440958375645199e+01	0.000000000000000e+00	0.000000000000000e+00	0.000000000000000e+00	0.000000000000000e+00	0.000000000000000e+00	0.000000000000000e+00	0.000000000000000e+00	0.000000000000000e+00	0.000000000000000e+00	0.000000000000000e+00	1.240324713056530e+03
1.644239709781063e+01	0.000000000000000e+00	0.000000000000000e+00	0.000000000000000e+00	0.000000000000000e+00	0.000000000000000e+00	0.000000000000000e+00	0.000000000000000e+00	0.000000000000000e+00	0.000000000000000e+00	0.000000000000000e+00	1.496225545536829e+03
1.847521043916927e+01	0.000000000000000e+00	0.000000000000000e+00	0.000000000000000e+00	0.000000000000000e+00	0.000000000000000e+00	0.000000000000000e+00	0.000000000000000e+00	0.000000000000000e+00	0.000000000000000e+00	0.000000000000000e+00	1.758743487755308e+03
2.050802378052791e+01	0.000000000000000e+00	0.000000000000000e+00	0.000000000000000e+00	0.000000000000000e+00	0.000000000000000e+00	0.000000000000000e+00	0.000000000000000e+00	0.000000000000000e+00	0.000000000000000e+00	0.000000000000000e+00	2.022965304786554e+03
2.254083712188655e+01	0.000000000000000e+00	0.000000000000000e+00	0.000000000000000e+00	0.000000000000000e+00	0.000000000000000e+00	0.000000000000000e+00	0.000000000000000e+00	0.000000000000000e+00	0.000000000000000e+00	0.000000000000000e+00	2.287370212113659e+03
2.457365046324519e+01	0.000000000000000e+00	0.000000000000000e+00	0.000000000000000e+00	0.000000000000000e+00	0.000000000000000e+00	0.000000000000000e+00	0.000000000000000e+00	0.000000000000000e+00	0.000000000000000e+00	0.000000000000000e+00	2.552050986442134e+03
2.660646380460383e+01	0.000000000000000e+00	0.000000000000000e+00	0.000000000000000e+00	0.000000000000000e+00	0.000000000000000e+00	0.000000000000000e+00	0.000000000000000e+00	0.000000000000000e+00	0.000000000000000e+00	0.000000000000000e+00	2.817041489889343e+03
2.863927714596247e+01	0.000000000000000e+00	0.000000000000000e+00	0.000000000000000e+00	0.000000000000000e+00	0.000000000000000e+00	0.000000000000000e+00	0.000000000000000e+00	0.000000000000000e+00	0.000000000000000e+00	0.000000000000000e+00	3.082361037595858e+03
3.067209048732111e+01	0.000000000000000e+00	0.000000000000000e+00	0.000000000000000e+00	0.000000000000000e+00	0.000000000000000e+00	0.000000000000000e+00	0.000000000000000e+00	0.000000000000000e+00	0.000000000000000e+00	0.000000000000000e+00	3.348030131846937e+03
3.270490382867975e+01	0.000000000000000e+00	0.000000000000000e+00	0.000000000000000e+00	0.000000000000000e+00	0.000000000000000e+00	0.000000000000000e+00	0.000000000000000e+00	0.000000000000000e+00	0.000000000000000e+00	0.000000000000000e+00	3.614076066600525e+03
3.473771717003839e+01	0.000000000000000e+00	0.000000000000000e+00	0.000000000000000e+00	0.000000000000000e+00	0.000000000000000e+00	0.000000000000000e+00	0.000000000000000e+00	0.000000000000000e+00	0.000000000000000e+00	0.000000000000000e+00	3.880480445620948e+03
3.677053051139703e+01	0.000000000000000e+00	0.000000000000000e+00	0.000000000000000e+00	0.000000000000000e+00	0.000000000000000e+00	0.000000000000000e+00	0.000000000000000e+00	0.000000000000000e+00	0.000000000000000e+00	0.000000000000000e+00	4.147258210729509e+03
3.880334385275567e+01	0.000000000000000e+00	0.000000000000000e+00	0.000000000000000e+00	0.000000000000000e+00	0.000000000000000e+00	0.000000000000000e+00	0.000000000000000e+00	0.000000000000000e+00	0.000000000000000e+00	0.000000000000000e+00	4.414440228711724e+03
4.083615719411431e+01	0.000000000000000e+00	0.000000000000000e+00	0.000000000000000e+00	0.000000000000000e+00	0.000000000000000e+00	0.000000000000000e+00	0.000000000000000e+00	0.000000000000000e+00	0.000000000000000e+00	0.000000000000000e+00	4.681984416702867e+03
4.286897053547295e+01	0.000000000000000e+00	0.000000000000000e+00	0.000000000000000e+00	0.000000000000000e+00	0.000000000000000e+00	0.000000000000000e+00	0.000000000000000e+00	0.000000000000000e+00	0.000000000000000e+00	0.000000000000000e+00	4.949930903233717e+03
4.490178387683159e+01	0.000000000000000e+00	0.000000000000000e+00	0.000000000000000e+00	0.000000000000000e+00	0.000000000000000e+00	0.000000000000000e+00	0.000000000000000e+00	0.000000000000000e+00	0.000000000000000e+00	0.000000000000000e+00	5.218262170080560e+03
4.693459721819023e+01	0.000000000000000e+00	0.000000000000000e+00	0.000000000000000e+00	0.000000000000000e+00	0.000000000000000e+00	0.000000000000000e+00	0.000000000000000e+00	0.000000000000000e+00	0.000000000000000e+00	0.000000000000000e+00	5.486985070924139e+03
4.896741055954887e+01	9.836771586055768e+01	4.896741055954870e+01	2.627487259123912e-15	6.981774613590059e+00	1.195604870740036e+03	2.632845705701199e+02	1.101690246516049e+03	-6.876451474153146e+00	-5.010166057442575e-01	5.511300977041919e+00	5.854483463399558e+03
5.100022390090751e+01	1.967354317211153e+02	4.998381723022806e+01	2.229357477914307e-15	6.981774613590058e+00	2.391674988896920e+03	7.297819455652203e+02	2.407120807254754e+03	-1.360675445455527e+01	-9.779315361342800e-01	1.107068250805235e+01	6.222361125740938e+03
5.303303724226615e+01	2.951031475816732e+02	5.100022390090736e+01	2.212192657439287e-15	6.981774613590052e+00	3.587362328202164e+03	1.602776085817113e+03	4.118647566346521e+03	-2.024944600656310e+01	-1.440880600389383e+00	1.667276830345603e+01	6.590666392194385e+03
5.506585058362479e+01	3.934708634422311e+02	5.201663057158666e+01	2.231694127276914e-15	6.981774613590048e+00	4.783355297427347e+03	3.085501192595833e+03	6.440212602523675e+03	-2.710395690002097e+01	-1.898403904284438e+00	2.233672723284650e+01	6.959398379322464e+03
5.709866392498343e+01	4.918385793027887e+02	5.303303724226598e+01	2.216526186772912e-15	6.981774613590050e+00	5.980205261352628e+03	5.381195056952155e+03	9.575617360746306e+03	-3.393887662100482e+01	-2.358064098120374e+00	2.791657123962971e+01	7.328510085795057e+03
5.913147726634207e+01	5.902062951633463e+02	5.404944391294532e+01	2.452882237696010e-15	6.981774613590052e+00	7.176144618074251e+03	8.693105950664731e+03	1.372633383856279e+04	-4.069176183414930e+01	-2.828121270503583e+00	3.347464148617059e+01	7.721998895379184e+03
6.116429060770071e+01	6.886320098996283e+02	5.506636421450437e+01	6.271427841639649e-09	6.980831071101697e+00	8.371704519286051e+03	1.322691613710789e+04	1.909811236386435e+04	-4.707580441942270e+01	-7.284266917441834e+00	3.912942357495007e+01	8.166524609869335e+03
6.319710394905935e+01	7.923797583983544e+02	5.613093701832538e+01	5.450298107535192e-09	6.904100192469993e+00	9.700343772434022e+03	1.950584390374142e+04	2.624773002647782e+04	-5.361219144014180e+01	-4.373744012088334e+02	4.477660384934909e+01	8.671167189451902e+03
6.522991729041799e+01	8.730055193312487e+02	5.697126642278645e+01	4.946940221069430e-09	6.797089467727705e+00	1.074142010356015e+04	2.582432229326151e+04	3.322644394061368e+04	-5.683814166499879e+01	-1.209197683748821e+03	4.897994294013946e+01	9.203292381340647e+03
6.726273063177663e+01	9.178684882913304e+02	5.747428580437695e+01	4.705147003464052e-09	6.707829783608781e+00	1.137464139151247e+04	3.054072502715077e+04	3.825926809785471e+04	-5.683285616737227e+01	-2.011154728930667e+03	5.131103826369115e+01	9.737852147497097e+03
6.929554397313527e+01	9.261913144635123e+02	5.758051253673630e+01	4.662866191250421e-09	6.685781210846455e+00	1.151651777667004e+04	3.175046728503297e+04	3.951092915519518e+04	-5.691950470421728e+01	-2.250414582331516e+03	5.153053943452395e+01	1.025046797797402e+04
7.132835731449391e+01	9.261913144635123e+02	5.758051253673630e+01	4.662866191250421e-09	6.685781210846455e+00	1.151651777667004e+04	3.175046728503297e+04	3.951092915519518e+04	-5.691950470421728e+01	-2.250414582331516e+03	5.153053943452395e+01	1.073492652134999e+04
7.336117065585255e+01	9.261913144635123e+02	5.758051253673630e+01	4.662866191250421e-09	6.685781210846455e+00	1.151651777667004e+04	3.175046728503297e+04	3.951092915519518e+04	-5.691950470421728e+01	-2.250414582331516e+03	5.153053943452395e+01	1.116355446798407e+04
7.539398399721119e+01	9.261913144635123e+02	5.758051253673630e+01	4.662866191250421e-09	6.685781210846455e+00	1.151651777667004e+04	3.175046728503297e+04	3.951092915519518e+04	-5.691950470421728e+01	-2.250414582331516e+03	5.153053943452395e+01	1.150881760772912e+04
7.742679733856983e+01	9.261913144635123e+02	5.758051253673630e+01	4.662866191250421e-09	6.685781210846455e+00	1.151651777667004e+04	3.175046728503297e+04	3.951092915519518e+04	-5.691950470421728e+01	-2.250414582331516e+03	5.153053943452395e+01	1.179160988954412e+04
7.945961067992847e+01	9.261913144635123e+02	5.758051253673630e+01	4.662866191250421e-09	6.685781210846455e+00	1.151651777667004e+04	3.175046728503297e+04	3.951092915519518e+04	-5.691950470421728e+01	-2.250414582331516e+03	5.153053943452395e+01	1.206635850466225e+04
8.149242402128711e+01	9.261913144635123e+02	5.758051253673630e+01	4.662866191250421e-09	6.685781210846455e+00	1.151651777667004e+04	3.175046728503297e+04	3.951092915519518e+04	-5.691950470421728e+01	-2.250414582331516e+03	5.153053943452395e+01	1.234130635088300e+04
8.352523736264575e+01	9.261913144635123e+02	5.758051253673630e+01	4.662866191250421e-09	6.685781210846455e+00	1.151651777667004e+04	3.175046728503297e+04	3.951092915519518e+04	-5.691950470421728e+01	-2.250414582331516e+03	5.153053943452395e+01	1.260044287063452e+04
8.555805070400439e+01	9.261913144635123e+02	5.758051253673630e+01	4.662866191250421e-09	6.685781210846455e+00	1.151651777667004e+04	3.175046728503297e+04	3.951092915519518e+04	-5.691950470421728e+01	-2.250414582331516e+03	5.153053943452395e+01	1.284878053002142e+04
8.759086404536303e+01	9.261913144635123e+02	5.758051253673630e+01	4.662866191250421e-09	6.685781210846455e+00	1.151651777667004e+04	3.175046728503297e+04	3.951092915519518e+04	-5.691950470421728e+01	-2.250414582331516e+03	5.153053943452395e+01	1.308017071306681e+04
8.962367738672167e+01	9.261913144635123e+02	5.758051253673630e+01	4.662866191250421e-09	6.685781210846455e+00	1.151651777667004e+04	3.175046728503297e+04	3.951092915519518e+04	-5.691950470421728e+01	-2.250414582331516e+03	5.153053943452395e+01	1.328682911664727e+04
9.165649072808031e+01	9.261913144635123e+02	5.758051253673630e+01	4.662866191250421e-09	6.685781210846455e+00	1.151651777667004e+04	3.175046728503297e+04	3.951092915519518e+04	-5.691950470421728e+01	-2.250414582331516e+03	5.153053943452395e+01	1.345862799843306e+04
9.368930406943895e+01	9.261913144635123e+02	5.758051253673630e+01	4.662866191250421e-09	6.685781210846455e+00	1.151651777667004e+04	3.175046728503297e+04	3.951092915519518e+04	-5.691950470421728e+01	-2.250414582331516e+03	5.153053943452395e+01	1.358220572550475e+04
9.572211741079759e+01	9.261913144635123e+02	5.758051253673630e+01	4.662866191250421e-09	6.685781210846455e+00	1.151651777667004e+04	3.175046728503297e+04	3.951092915519518e+04	-5.691950470421728e+01	-2.250414582331516e+03	5.153053943452395e+01	1.366264185471486e+04
9.775493075215623e+01	9.261913144635123e+02	5.758051253673630e+01	4.662866191250421e-09	6.685781210846455e+00	1.151651777667004e+04	3.175046728503297e+04	3.951092915519518e+04	-5.691950470421728e+01	-2.250414582331516e+03	5.153053943452395e+01	1.370038542631628e+04
9.978774409351487e+01	9.261913144635123e+02	5.758051253673630e+01	4.662866191250421e-09	6.685781210846455e+00	1.151651777667004e+04	3.175046728503297e+04	3.951092915519518e+04	-5.691950470421728e+01	-2.250414582331516e+03	5.153053943452395e+01	1.370560648187393e+04
