2 0.000000 100.000000 240.580931
368 295 
1 -313.781262 0.000000 -352.188438 99.932499 3.489950 0.002032 0.000132 
2 450.519155 0.000000 -352.188438 99.933320 3.489950 -0.047500 0.000115 
3 450.519155 0.000000 366.120357 99.943272 3.489950 -0.040000 -0.000084 
4 -313.781262 0.000000 366.120357 99.945662 3.489950 0.001733 -0.000132 
5 68.368946 0.000000 6.965960 100.621040 3.489950 -2.725065 -0.014420 
6 -313.781262 0.000000 6.965960 99.939475 3.489950 0.006903 -0.000008 
7 68.368946 0.000000 -352.188438 99.910678 3.489950 -0.025680 0.000568 
8 450.519155 0.000000 6.965960 100.156776 3.489950 3.402529 -0.005514 
9 68.368946 0.000000 366.120357 99.964196 3.489950 -0.023204 -0.000502 
10 -122.706158 0.000000 -172.611239 99.910060 3.489950 0.008354 0.000580 
11 -313.781262 0.000000 -172.611239 99.933796 3.489950 0.005087 0.000106 
12 -122.706158 0.000000 -352.188438 99.921259 3.489950 -0.002189 0.000356 
13 68.368946 0.000000 -172.611239 99.820337 3.489950 -0.117671 0.002371 
14 -122.706158 0.000000 6.965960 99.942293 3.489950 0.029851 -0.000064 
15 259.444051 0.000000 -172.611239 99.919124 3.489950 -0.182204 0.000396 
16 259.444051 0.000000 -352.188438 99.924135 3.489950 -0.044861 0.000299 
17 450.519155 0.000000 -172.611239 99.934833 3.489950 -0.176356 0.000082 
18 259.444051 0.000000 6.965960 100.335831 3.489950 2.779583 -0.008718 
19 -122.706158 0.000000 186.543159 99.967626 3.489950 0.006151 -0.000571 
20 -313.781262 0.000000 186.543159 99.944783 3.489950 0.004725 -0.000114 
21 68.368946 0.000000 186.543159 100.035394 3.489950 -0.096332 -0.001927 
22 -122.706158 0.000000 366.120357 99.955854 3.489950 -0.002594 -0.000335 
23 -27.168606 0.000000 -82.822640 99.803339 3.489950 0.030067 0.002711 
24 -122.706158 0.000000 -82.822640 99.915625 3.489950 0.022279 0.000469 
25 -27.168606 0.000000 -172.611239 99.860690 3.489950 -0.013015 0.001566 
26 68.368946 0.000000 -82.822640 99.565764 3.489950 -0.468271 0.007426 
27 -27.168606 0.000000 6.965960 99.971173 3.489950 0.139631 -0.000643 
28 259.444051 0.000000 186.543159 99.952747 3.489950 -0.138978 -0.000275 
29 450.519155 0.000000 186.543159 99.938007 3.489950 -0.123154 0.000020 
30 259.444051 0.000000 366.120357 99.951856 3.489950 -0.038966 -0.000255 
31 163.906499 0.000000 -82.822640 99.880422 3.489950 -0.605754 0.001135 
32 163.906499 0.000000 -172.611239 99.881244 3.489950 -0.183639 0.001152 
33 259.444051 0.000000 -82.822640 99.928460 3.489950 -0.576812 0.000179 
34 163.906499 0.000000 6.965960 100.412862 3.489950 0.810332 -0.009558 
35 -27.168606 0.000000 96.754559 100.068191 3.489950 0.012483 -0.002582 
36 -122.706158 0.000000 96.754559 99.965529 3.489950 0.019239 -0.000529 
37 68.368946 0.000000 96.754559 100.198114 3.489950 -0.327614 -0.005195 
38 -27.168606 0.000000 186.543159 100.008200 3.489950 -0.015089 -0.001382 
39 20.600170 0.000000 -37.928340 99.192948 3.489950 0.126030 0.014856 
40 -27.168606 0.000000 -37.928340 99.827281 3.489950 0.102250 0.002232 
41 20.600170 0.000000 -82.822640 99.590476 3.489950 -0.089237 0.006955 
42 68.368946 0.000000 -37.928340 99.036624 3.489950 -1.539556 0.017720 
43 20.600170 0.000000 6.965960 100.483972 3.489950 0.867041 -0.010996 
44 163.906499 0.000000 96.754559 99.975984 3.489950 -0.386416 -0.000753 
45 259.444051 0.000000 96.754559 99.930872 3.489950 -0.323811 0.000154 
46 163.906499 0.000000 186.543159 99.981950 3.489950 -0.141946 -0.000859 
47 116.137722 0.000000 -37.928340 99.826220 3.489950 -1.502265 0.002029 
48 116.137722 0.000000 -82.822640 99.790719 3.489950 -0.605648 0.002927 
49 163.906499 0.000000 -37.928340 99.918186 3.489950 -1.422316 0.000215 
50 116.137722 0.000000 6.965960 100.284482 3.489950 -1.453599 -0.007127 
51 20.600170 0.000000 51.860259 100.507883 3.489950 -0.032768 -0.011402 
52 -27.168606 0.000000 51.860259 100.073887 3.489950 0.071415 -0.002697 
53 68.368946 0.000000 51.860259 100.467831 3.489950 -0.872791 -0.010673 
54 20.600170 0.000000 96.754559 100.203874 3.489950 -0.091628 -0.005300 
55 44.484558 0.000000 -15.481190 96.181525 3.489950 -1.178679 0.073555 
56 20.600170 0.000000 -15.481190 99.212582 3.489950 0.679366 0.014422 
57 44.484558 0.000000 -37.928340 98.498834 3.489950 -0.625772 0.028541 
58 68.368946 0.000000 -15.481190 98.942895 3.489950 -3.403927 0.018654 
59 44.484558 0.000000 6.965960 99.971708 0.000000 -3.468458 -0.000637 
60 116.137722 0.000000 51.860259 99.953092 3.489950 -0.610484 -0.000317 
61 163.906499 0.000000 51.860259 99.895017 3.489950 -0.409069 0.000864 
62 116.137722 0.000000 96.754559 100.044076 3.489950 -0.402447 -0.002116 
63 92.253334 0.000000 -15.481190 99.845464 3.489950 -2.933280 0.001010 
64 92.253334 0.000000 -37.928340 99.652234 3.489950 -1.585636 0.005474 
65 116.137722 0.000000 -15.481190 99.863405 3.489950 -2.917459 0.000661 
66 92.253334 0.000000 6.965960 98.559534 3.489950 -1.566469 0.027138 
67 44.484558 0.000000 29.413110 101.674716 3.489950 -0.742996 -0.035048 
68 20.600170 0.000000 29.413110 100.748575 3.489950 0.210983 -0.016250 
69 68.368946 0.000000 29.413110 100.461262 3.489950 -1.396971 -0.010660 
70 44.484558 0.000000 51.860259 100.767167 3.489950 -0.455004 -0.016641 
71 56.426752 0.000000 -4.257615 99.299596 0.000000 -9.559632 0.004820 
72 44.484558 0.000000 -4.257615 99.703347 0.000000 -5.979126 0.002349 
73 56.426752 0.000000 -15.481190 97.095008 3.489950 -3.242398 0.054987 
74 68.368946 0.000000 -4.257615 99.656839 3.489950 -4.450595 0.003653 
75 56.426752 0.000000 6.965960 99.263471 0.000000 -10.092873 0.004490 
76 -218.243710 0.000000 -82.822640 99.932083 3.489950 0.011189 0.000140 
77 -313.781262 0.000000 -82.822640 99.936192 3.489950 0.006443 0.000058 
78 -218.243710 0.000000 -172.611239 99.927680 3.489950 0.007317 0.000228 
79 -218.243710 0.000000 6.965960 99.939994 3.489950 0.012712 -0.000018 
80 -74.937382 0.000000 -37.928340 99.906123 3.489950 0.055930 0.000658 
81 -122.706158 0.000000 -37.928340 99.926885 3.489950 0.028523 0.000244 
82 -74.937382 0.000000 -82.822640 99.883885 3.489950 0.035661 0.001103 
83 -74.937382 0.000000 6.965960 99.947299 3.489950 0.055901 -0.000165 
84 -3.284218 0.000000 -15.481190 99.793326 3.489950 0.277277 0.002904 
85 -27.168606 0.000000 -15.481190 99.888175 3.489950 0.134955 0.001015 
86 -3.284218 0.000000 -37.928340 99.672931 3.489950 0.152744 0.005310 
87 -3.284218 0.000000 6.965960 100.033434 3.489950 0.296456 -0.001896 
88 32.542364 0.000000 -4.257615 99.870015 0.000000 -4.563522 0.000515 
89 20.600170 0.000000 -4.257615 99.752591 3.489950 0.991845 0.003626 
90 32.542364 0.000000 -15.481190 97.702696 3.489950 0.705131 0.044151 
91 32.542364 0.000000 6.965960 99.869123 0.000000 -4.596194 0.000503 
92 92.253334 0.000000 29.413110 99.340483 3.489950 0.214994 0.011924 
93 116.137722 0.000000 29.413110 99.746536 3.489950 1.270548 0.003683 
94 92.253334 0.000000 51.860259 100.052554 3.489950 -0.802837 -0.002334 
95 56.426752 0.000000 18.189535 101.194540 3.489950 -1.489482 -0.025473 
96 44.484558 0.000000 18.189535 102.743463 3.489950 -1.038307 -0.056948 
97 68.368946 0.000000 18.189535 96.845443 3.489950 11.310171 0.048086 
98 56.426752 0.000000 29.413110 101.285205 3.489950 -1.393312 -0.027281 
99 50.455655 0.000000 1.354172 99.586515 0.000000 -7.115343 0.003190 
100 44.484558 0.000000 1.354172 99.705803 0.000000 -5.961847 0.002321 
101 50.455655 0.000000 -4.257615 99.578166 0.000000 -7.181176 0.003262 
102 56.426752 0.000000 1.354172 99.320358 0.000000 -9.411899 0.004688 
103 50.455655 0.000000 6.965960 99.525544 0.000000 -7.595993 0.003697 
104 -27.168606 0.000000 -262.399839 99.896535 3.489950 -0.014241 0.000850 
105 -122.706158 0.000000 -262.399839 99.915255 3.489950 0.000701 0.000476 
106 -27.168606 0.000000 -352.188438 99.913341 3.489950 -0.011171 0.000514 
107 68.368946 0.000000 -262.399839 99.888641 3.489950 -0.047576 0.001008 
108 20.600170 0.000000 -127.716940 99.759676 3.489950 -0.078122 0.003582 
109 -27.168606 0.000000 -127.716940 99.826521 3.489950 -0.001436 0.002249 
110 20.600170 0.000000 -172.611239 99.824796 3.489950 -0.055812 0.002283 
111 68.368946 0.000000 -127.716940 99.753730 3.489950 -0.207224 0.003697 
112 44.484558 0.000000 -60.375490 99.210766 3.489950 -0.398289 0.014489 
113 20.600170 0.000000 -60.375490 99.428858 3.489950 -0.053755 0.010172 
114 44.484558 0.000000 -82.822640 99.511891 3.489950 -0.272800 0.008513 
115 68.368946 0.000000 -60.375490 99.359225 3.489950 -0.793860 0.011493 
116 56.426752 0.000000 -26.704765 98.042003 3.489950 -1.855865 0.037214 
117 44.484558 0.000000 -26.704765 97.714105 3.489950 -0.817319 0.043911 
118 56.426752 0.000000 -37.928340 98.628069 3.489950 -1.203274 0.025888 
119 68.368946 0.000000 -26.704765 98.886720 3.489950 -2.269844 0.020408 
120 50.455655 0.000000 -9.869403 99.509194 0.000000 -7.719930 0.003832 
121 44.484558 0.000000 -9.869403 99.998569 0.000000 -3.615753 -0.001279 
122 50.455655 0.000000 -15.481190 96.278045 3.489950 -2.290536 0.071311 
123 56.426752 0.000000 -9.869403 99.235278 0.000000 -10.282546 0.004663 
124 80.311140 0.000000 -4.257615 99.444050 3.489950 -4.273114 0.008044 
125 80.311140 0.000000 -15.481190 99.642231 3.489950 -3.119453 0.004952 
126 92.253334 0.000000 -4.257615 99.753395 3.489950 -5.917877 0.000206 
127 80.311140 0.000000 6.965960 98.844628 3.489950 -2.225208 0.021261 
128 62.397849 0.000000 1.354172 98.919244 0.000000 -13.319651 0.003757 
129 62.397849 0.000000 -4.257615 98.907229 0.000000 -13.383311 0.003825 
130 68.368946 0.000000 1.354172 100.219953 3.489950 -4.149925 -0.007344 
131 62.397849 0.000000 6.965960 98.310167 0.000000 -17.158012 0.004071 
132 53.441204 0.000000 -1.451722 99.824713 0.000000 -8.294320 -0.003377 
133 50.455655 0.000000 -1.451722 99.984801 0.000000 -3.898543 -0.001216 
134 53.441204 0.000000 -4.257615 99.436921 0.000000 -8.418772 0.004142 
135 56.426752 0.000000 -1.451722 99.297509 0.000000 -9.594909 0.004794 
136 53.441204 0.000000 1.354172 99.452710 0.000000 -8.298355 0.004030 
137 62.397849 0.000000 -9.869403 98.297720 0.000000 -17.205718 0.004152 
138 62.397849 0.000000 -15.481190 98.203672 3.489950 -3.516265 0.033149 
139 68.368946 0.000000 -9.869403 99.193477 3.489950 -4.054484 0.013204 
140 53.441204 0.000000 -7.063509 99.419361 0.000000 -8.539989 0.004286 
141 50.455655 0.000000 -7.063509 99.537464 0.000000 -7.500400 0.003604 
142 53.441204 0.000000 -9.869403 99.395216 0.000000 -8.736205 0.004427 
143 56.426752 0.000000 -7.063509 99.278369 0.000000 -9.775845 0.004824 
144 59.412301 0.000000 -1.451722 99.156558 0.000000 -10.888074 0.004943 
145 59.412301 0.000000 -4.257615 99.158983 0.000000 -10.861006 0.004953 
146 62.397849 0.000000 -1.451722 99.060541 0.000000 -11.916124 0.004502 
147 59.412301 0.000000 1.354172 99.177222 0.000000 -10.742103 0.004849 
148 54.933978 0.000000 -2.854668 99.364667 0.000000 -9.036564 0.004500 
149 53.441204 0.000000 -2.854668 99.790670 0.000000 -8.314593 -0.002731 
150 54.933978 0.000000 -4.257615 99.367358 0.000000 -9.000137 0.004513 
151 56.426752 0.000000 -2.854668 99.295020 0.000000 -9.607071 0.004820 
152 54.933978 0.000000 -1.451722 99.367518 0.000000 -9.021711 0.004471 
153 -218.243710 0.000000 96.754559 99.947431 3.489950 0.010485 -0.000167 
154 -313.781262 0.000000 96.754559 99.942645 3.489950 0.006205 -0.000071 
155 -218.243710 0.000000 186.543159 99.950981 3.489950 0.006451 -0.000238 
156 -74.937382 0.000000 51.860259 99.984217 3.489950 0.049210 -0.000903 
157 -122.706158 0.000000 51.860259 99.956625 3.489950 0.026437 -0.000351 
158 -74.937382 0.000000 96.754559 99.997460 3.489950 0.027436 -0.001167 
159 -3.284218 0.000000 29.413110 100.192847 3.489950 0.183783 -0.005082 
160 -27.168606 0.000000 29.413110 100.040315 3.489950 0.111851 -0.002026 
161 -3.284218 0.000000 51.860259 100.216972 3.489950 0.074982 -0.005563 
162 32.542364 0.000000 18.189535 101.886318 3.489950 0.290398 -0.039309 
163 20.600170 0.000000 18.189535 100.776718 3.489950 0.495129 -0.016837 
164 32.542364 0.000000 29.413110 101.319659 3.489950 -0.053592 -0.027786 
165 38.513461 0.000000 1.354172 99.897004 0.000000 -4.046907 0.000421 
166 32.542364 0.000000 1.354172 99.870006 0.000000 -4.563673 0.000515 
167 38.513461 0.000000 -4.257615 99.917631 0.000000 -3.837613 0.000174 
168 38.513461 0.000000 6.965960 99.884379 0.000000 -4.259134 0.000497 
169 47.470107 0.000000 -1.451722 99.876162 0.000000 -3.546634 0.001217 
170 44.484558 0.000000 -1.451722 99.854593 0.000000 -4.098116 0.001227 
171 47.470107 0.000000 -4.257615 99.663929 0.000000 -6.359240 0.002666 
172 47.470107 0.000000 1.354172 99.668014 0.000000 -6.328453 0.002624 
173 51.948430 0.000000 -2.854668 99.920213 0.000000 -6.078406 -0.002100 
174 50.455655 0.000000 -2.854668 99.886822 0.000000 -4.683071 0.000069 
175 51.948430 0.000000 -4.257615 99.503747 0.000000 -7.841173 0.003752 
176 51.948430 0.000000 -1.451722 100.070429 0.000000 -4.937136 -0.003847 
177 50.455655 0.000000 12.577747 102.408311 3.489950 -2.148672 -0.050426 
178 44.484558 0.000000 12.577747 103.650524 3.489950 -1.327485 -0.075737 
179 56.426752 0.000000 12.577747 89.003182 3.489950 21.688935 0.159584 
180 50.455655 0.000000 18.189535 102.331620 3.489950 -1.698234 -0.048682 
181 53.441204 0.000000 4.160066 99.442197 0.000000 -8.368722 0.004121 
182 50.455655 0.000000 4.160066 99.568531 0.000000 -7.251148 0.003353 
183 56.426752 0.000000 4.160066 99.307045 0.000000 -9.574705 0.004644 
184 53.441204 0.000000 6.965960 99.418666 0.000000 -8.564114 0.004258 
185 54.933978 0.000000 -0.048775 99.375439 0.000000 -8.957189 0.004429 
186 53.441204 0.000000 -0.048775 99.445782 0.000000 -8.367009 0.004053 
187 56.426752 0.000000 -0.048775 99.306735 0.000000 -9.523948 0.004747 
188 54.933978 0.000000 1.354172 99.386488 0.000000 -8.859114 0.004384 
189 54.187591 0.000000 -2.153195 99.024328 0.000000 -14.248068 -0.000882 
190 53.441204 0.000000 -2.153195 99.755249 0.000000 -10.101968 -0.005316 
191 54.187591 0.000000 -2.854668 99.395917 0.000000 -11.254548 -0.000621 
192 54.933978 0.000000 -2.153195 97.761672 0.000000 -18.651310 0.009478 
193 54.187591 0.000000 -1.451722 99.391739 0.000000 -8.831233 0.004329 
194 32.542364 0.000000 -26.704765 98.337091 3.489950 0.092408 0.031763 
195 20.600170 0.000000 -26.704765 99.114834 3.489950 0.335019 0.016396 
196 32.542364 0.000000 -37.928340 98.785560 3.489950 -0.115329 0.022922 
197 38.513461 0.000000 -9.869403 99.884754 0.000000 -4.251040 0.000496 
198 32.542364 0.000000 -9.869403 99.869123 0.000000 -4.596406 0.000503 
199 38.513461 0.000000 -15.481190 96.616894 3.489950 -0.055774 0.065299 
200 47.470107 0.000000 -7.063509 99.650026 0.000000 -6.481667 0.002786 
201 44.484558 0.000000 -7.063509 99.814801 0.000000 -5.381853 0.000804 
202 47.470107 0.000000 -9.869403 99.612545 0.000000 -6.818892 0.003084 
203 48.962881 0.000000 -2.854668 99.824635 0.000000 -4.251428 0.001697 
204 47.470107 0.000000 -2.854668 99.856394 0.000000 -3.807973 0.001420 
205 48.962881 0.000000 -4.257615 99.635417 0.000000 -6.638147 0.002872 
206 48.962881 0.000000 -1.451722 99.955025 0.000000 -3.149152 -0.000092 
207 41.499010 0.000000 -1.451722 99.915779 0.000000 -4.088001 0.000013 
208 38.513461 0.000000 -1.451722 99.877537 0.000000 -4.465273 0.000454 
209 41.499010 0.000000 -4.257615 99.971625 0.000000 -3.762700 -0.000848 
210 41.499010 0.000000 1.354172 99.970574 0.000000 -3.772373 -0.000835 
211 8.657976 0.000000 -4.257615 99.875842 3.489950 0.499508 0.001239 
212 -3.284218 0.000000 -4.257615 99.909161 3.489950 0.306312 0.000589 
213 8.657976 0.000000 -15.481190 99.645910 3.489950 0.422620 0.005833 
214 8.657976 0.000000 6.965960 100.135374 3.489950 0.471640 -0.003950 
215 26.571267 0.000000 1.354172 99.870312 0.000000 -4.531901 0.000538 
216 20.600170 0.000000 1.354172 100.148820 3.489950 0.992781 -0.004295 
217 26.571267 0.000000 -4.257615 99.870321 0.000000 -4.531877 0.000538 
218 26.571267 0.000000 6.965960 101.042342 3.489950 1.223138 -0.022323 
219 35.527913 0.000000 -1.451722 99.881668 0.000000 -4.317343 0.000501 
220 32.542364 0.000000 -1.451722 99.873600 0.000000 -4.483404 0.000516 
221 35.527913 0.000000 -4.257615 99.882092 0.000000 -4.308254 0.000501 
222 35.527913 0.000000 1.354172 99.881932 0.000000 -4.311645 0.000501 
223 41.499010 0.000000 -7.063509 99.957032 0.000000 -3.602891 -0.000439 
224 38.513461 0.000000 -7.063509 99.899396 0.000000 -4.001035 0.000410 
225 41.499010 0.000000 -9.869403 99.930892 0.000000 -3.644055 0.000054 
226 40.006236 0.000000 -2.854668 99.916760 0.000000 -4.010331 0.000056 
227 38.513461 0.000000 -2.854668 99.896783 0.000000 -4.138958 0.000350 
228 40.006236 0.000000 -4.257615 99.945900 0.000000 -3.716873 -0.000300 
229 41.499010 0.000000 -2.854668 99.924943 0.000000 -4.033609 -0.000126 
230 40.006236 0.000000 -1.451722 99.893164 0.000000 -4.266155 0.000316 
231 26.571267 0.000000 -9.869403 98.885626 3.489950 1.221918 0.020796 
232 20.600170 0.000000 -9.869403 99.418044 3.489950 0.865173 0.010312 
233 26.571267 0.000000 -15.481190 98.674648 3.489950 0.809606 0.025048 
234 35.527913 0.000000 -7.063509 99.874034 0.000000 -4.474120 0.000516 
235 32.542364 0.000000 -7.063509 99.870050 0.000000 -4.562708 0.000515 
236 35.527913 0.000000 -9.869403 99.874290 0.000000 -4.467988 0.000516 
237 37.020687 0.000000 -2.854668 99.895493 0.000000 -4.076026 0.000428 
238 35.527913 0.000000 -2.854668 99.881801 0.000000 -4.314491 0.000501 
239 37.020687 0.000000 -4.257615 99.896188 0.000000 -4.062662 0.000425 
240 37.020687 0.000000 -1.451722 99.886644 0.000000 -4.597092 0.000153 
241 38.513461 0.000000 12.577747 103.357251 3.489950 -0.134477 -0.069492 
242 32.542364 0.000000 12.577747 102.256261 3.489950 0.682688 -0.046899 
243 38.513461 0.000000 18.189535 102.512973 3.489950 -0.257940 -0.052116 
244 35.527913 0.000000 4.160066 99.873942 0.000000 -4.476216 0.000516 
245 32.542364 0.000000 4.160066 99.870036 0.000000 -4.562979 0.000516 
246 38.513461 0.000000 4.160066 99.898767 0.000000 -4.013264 0.000413 
247 35.527913 0.000000 6.965960 99.870101 0.000000 -4.561616 0.000515 
248 37.020687 0.000000 -0.048775 99.895308 0.000000 -4.079617 0.000428 
249 35.527913 0.000000 -0.048775 99.881716 0.000000 -4.316288 0.000501 
250 38.513461 0.000000 -0.048775 99.916011 0.000000 -3.861901 0.000188 
251 37.020687 0.000000 1.354172 99.895841 0.000000 -4.069401 0.000426 
252 37.767074 0.000000 -2.153195 99.875300 0.000000 -4.503126 0.000465 
253 37.020687 0.000000 -2.153195 99.883429 0.000000 -4.505729 0.000300 
254 37.767074 0.000000 -2.854668 99.895988 0.000000 -4.066477 0.000426 
255 38.513461 0.000000 -2.153195 99.880651 0.000000 -4.416798 0.000435 
256 37.767074 0.000000 -1.451722 99.866255 0.000000 -4.681604 0.000481 
257 29.556816 0.000000 -1.451722 99.869111 0.000000 -4.595292 0.000504 
258 26.571267 0.000000 -1.451722 99.871366 0.000000 -4.576307 0.000477 
259 29.556816 0.000000 -4.257615 99.869114 0.000000 -4.595468 0.000504 
260 29.556816 0.000000 1.354172 99.869112 0.000000 -4.595378 0.000504 
261 34.035139 0.000000 -2.854668 99.873627 0.000000 -4.483199 0.000516 
262 32.542364 0.000000 -2.854668 99.873633 0.000000 -4.482711 0.000516 
263 34.035139 0.000000 -4.257615 99.873709 0.000000 -4.481352 0.000516 
264 34.035139 0.000000 -1.451722 99.873588 0.000000 -4.484049 0.000516 
265 36.274300 0.000000 -2.153195 99.881830 0.000000 -4.314116 0.000501 
266 35.527913 0.000000 -2.153195 99.881712 0.000000 -4.316391 0.000501 
267 36.274300 0.000000 -2.854668 99.881924 0.000000 -4.312083 0.000501 
268 36.274300 0.000000 -1.451722 99.897832 0.000000 -4.366746 0.000135 
269 34.035139 0.000000 -0.048775 99.873600 0.000000 -4.483766 0.000516 
270 32.542364 0.000000 -0.048775 99.873610 0.000000 -4.483180 0.000516 
271 34.035139 0.000000 1.354172 99.873659 0.000000 -4.482430 0.000516 
272 34.781526 0.000000 -2.153195 99.881659 0.000000 -4.317300 0.000502 
273 34.035139 0.000000 -2.153195 99.873601 0.000000 -4.483762 0.000516 
274 34.781526 0.000000 -2.854668 99.881742 0.000000 -4.315547 0.000501 
275 34.781526 0.000000 -1.451722 99.881618 0.000000 -4.318175 0.000502 
276 36.274300 0.000000 -0.750248 99.881783 0.000000 -4.315108 0.000501 
277 35.527913 0.000000 -0.750248 99.881669 0.000000 -4.317304 0.000501 
278 37.020687 0.000000 -0.750248 99.895188 0.000000 -4.081912 0.000429 
279 36.274300 0.000000 -0.048775 99.881832 0.000000 -4.314034 0.000501 
280 35.901107 0.000000 -1.802458 99.881733 0.000000 -4.316065 0.000501 
281 35.527913 0.000000 -1.802458 99.881684 0.000000 -4.316990 0.000501 
282 35.901107 0.000000 -2.153195 99.881762 0.000000 -4.315444 0.000501 
283 36.274300 0.000000 -1.802458 99.896706 0.000000 -4.323540 0.000196 
284 35.901107 0.000000 -1.451722 99.881716 0.000000 -4.316433 0.000501 
285 36.647494 0.000000 -1.802458 99.895350 0.000000 -4.397521 0.000158 
286 36.647494 0.000000 -2.153195 99.891472 0.000000 -4.386051 0.000246 
287 37.020687 0.000000 -1.802458 99.884583 0.000000 -4.557681 0.000230 
288 36.647494 0.000000 -1.451722 99.895867 0.000000 -4.402509 0.000143 
289 34.781526 0.000000 -0.750248 99.881619 0.000000 -4.318137 0.000502 
290 34.035139 0.000000 -0.750248 99.873588 0.000000 -4.484050 0.000516 
291 34.781526 0.000000 -0.048775 99.881663 0.000000 -4.317197 0.000502 
292 35.901107 0.000000 -1.100985 99.881710 0.000000 -4.316543 0.000501 
293 35.527913 0.000000 -1.100985 99.881663 0.000000 -4.317448 0.000501 
294 36.274300 0.000000 -1.100985 99.895502 0.000000 -4.322990 0.000220 
295 35.901107 0.000000 -0.750248 99.881717 0.000000 -4.316395 0.000501 
296 36.087703 0.000000 -1.627090 99.862585 0.000000 -4.524318 0.000699 
297 35.901107 0.000000 -1.627090 99.881723 0.000000 -4.316281 0.000501 
298 36.087703 0.000000 -1.802458 99.895581 0.000000 -4.323099 0.000218 
299 36.274300 0.000000 -1.627090 99.897062 0.000000 -4.374768 0.000144 
300 36.087703 0.000000 -1.451722 99.852265 0.000000 -4.585341 0.000850 
301 -218.243710 0.000000 -262.399839 99.926981 3.489950 0.003659 0.000242 
302 -313.781262 0.000000 -262.399839 99.932650 3.489950 0.003458 0.000129 
303 -218.243710 0.000000 -352.188438 99.928162 3.489950 0.001221 0.000218 
304 163.906499 0.000000 -262.399839 99.904355 3.489950 -0.074151 0.000693 
305 163.906499 0.000000 -352.188438 99.916279 3.489950 -0.038441 0.000456 
306 259.444051 0.000000 -262.399839 99.920640 3.489950 -0.082393 0.000368 
307 -74.937382 0.000000 -127.716940 99.884160 3.489950 0.014303 0.001097 
308 -122.706158 0.000000 -127.716940 99.910460 3.489950 0.014723 0.000572 
309 -74.937382 0.000000 -172.611239 99.890602 3.489950 0.003887 0.000969 
310 116.137722 0.000000 -127.716940 99.818927 3.489950 -0.290061 0.002392 
311 116.137722 0.000000 -172.611239 99.848502 3.489950 -0.164560 0.001807 
312 163.906499 0.000000 -127.716940 99.875534 3.489950 -0.311284 0.001260 
313 -3.284218 0.000000 -60.375490 99.670483 3.489950 0.056363 0.005361 
314 -27.168606 0.000000 -60.375490 99.802332 3.489950 0.062252 0.002731 
315 -3.284218 0.000000 -82.822640 99.712699 3.489950 0.001180 0.004520 
316 92.253334 0.000000 -60.375490 99.640527 3.489950 -0.932332 0.005872 
317 92.253334 0.000000 -82.822640 99.690829 3.489950 -0.574812 0.004923 
318 116.137722 0.000000 -60.375490 99.791426 3.489950 -0.932712 0.002862 
319 80.311140 0.000000 -26.704765 99.463456 3.489950 -2.234110 0.008985 
320 80.311140 0.000000 -37.928340 99.423149 3.489950 -1.618055 0.010024 
321 92.253334 0.000000 -26.704765 99.725532 3.489950 -2.100590 0.003823 
322 8.657976 0.000000 -26.704765 99.523040 3.489950 0.294321 0.008290 
323 -3.284218 0.000000 -26.704765 99.714105 3.489950 0.214365 0.004487 
324 8.657976 0.000000 -37.928340 99.493721 3.489950 0.176089 0.008879 
325 80.311140 0.000000 18.189535 88.691979 3.489950 69.943197 -0.277050 
326 92.253334 0.000000 18.189535 95.066459 3.489950 78.535931 -0.521770 
327 80.311140 0.000000 29.413110 99.702867 3.489950 -0.779040 0.004655 
328 62.397849 0.000000 12.577747 83.393325 3.489950 48.057479 0.072385 
329 68.368946 0.000000 12.577747 99.805988 3.489950 6.790335 -0.001952 
330 62.397849 0.000000 18.189535 99.194461 3.489950 1.001224 0.014728 
331 47.470107 0.000000 4.160066 99.657903 0.000000 -6.421175 0.002707 
332 44.484558 0.000000 4.160066 99.924988 0.000000 -4.638285 -0.000652 
333 47.470107 0.000000 6.965960 99.795779 0.000000 -5.652259 0.000885 
334 59.412301 0.000000 4.160066 99.206810 0.000000 -10.520474 0.004733 
335 62.397849 0.000000 4.160066 98.937743 0.000000 -13.215653 0.003667 
336 59.412301 0.000000 6.965960 98.969673 0.000000 -13.035824 0.003507 
337 51.948430 0.000000 -0.048775 99.512939 0.000000 -7.781277 0.003663 
338 50.455655 0.000000 -0.048775 99.607820 0.000000 -6.920208 0.003039 
339 51.948430 0.000000 1.354172 99.515601 0.000000 -7.748493 0.003661 
340 59.412301 0.000000 -7.063509 99.180360 0.000000 -10.694574 0.004888 
341 59.412301 0.000000 -9.869403 99.105208 0.000000 -11.613053 0.004329 
342 62.397849 0.000000 -7.063509 98.918668 0.000000 -13.317182 0.003775 
343 8.657976 0.000000 18.189535 100.315973 3.489950 0.360745 -0.007560 
344 -3.284218 0.000000 18.189535 100.132582 3.489950 0.245841 -0.003877 
345 8.657976 0.000000 29.413110 100.386596 3.489950 0.231459 -0.008970 
346 26.571267 0.000000 12.577747 101.247961 3.489950 0.807266 -0.026398 
347 20.600170 0.000000 12.577747 100.689261 3.489950 0.680492 -0.015097 
348 26.571267 0.000000 18.189535 101.236277 3.489950 0.493176 -0.026121 
349 41.499010 0.000000 4.160066 99.955503 0.000000 -3.621129 -0.000422 
350 41.499010 0.000000 6.965960 99.903824 0.000000 -3.916833 0.000388 
351 48.962881 0.000000 -0.048775 99.756647 0.000000 -5.128108 0.002231 
352 47.470107 0.000000 -0.048775 99.745510 0.000000 -5.256206 0.002321 
353 48.962881 0.000000 1.354172 99.641153 0.000000 -6.593240 0.002817 
354 40.006236 0.000000 -0.048775 99.943490 0.000000 -3.741848 -0.000270 
355 41.499010 0.000000 -0.048775 99.947672 0.000000 -3.871274 -0.000452 
356 40.006236 0.000000 1.354172 99.920084 0.000000 -3.799378 0.000154 
357 29.556816 0.000000 4.160066 99.869682 0.000000 -4.601779 0.000487 
358 26.571267 0.000000 4.160066 99.858292 0.000000 -4.557740 0.000755 
359 29.556816 0.000000 6.965960 99.870381 0.000000 -4.531720 0.000537 
360 29.556816 0.000000 -7.063509 99.869689 0.000000 -4.602009 0.000487 
361 26.571267 0.000000 -7.063509 99.137337 3.489950 1.435219 0.015755 
362 29.556816 0.000000 -9.869403 99.870406 0.000000 -4.531654 0.000537 
363 37.767074 0.000000 -0.750248 99.878439 0.000000 -4.436721 0.000461 
364 38.513461 0.000000 -0.750248 99.893506 0.000000 -4.186501 0.000376 
365 37.767074 0.000000 -0.048775 99.895791 0.000000 -4.070305 0.000426 
366 36.647494 0.000000 -1.100985 99.891053 0.000000 -4.418204 0.000226 
367 37.020687 0.000000 -1.100985 99.883914 0.000000 -4.527429 0.000271 
368 36.647494 0.000000 -0.750248 99.895015 0.000000 -4.085217 0.000430 
1 16 2 17 15 
2 15 17 8 18 
3 19 21 9 22 
4 20 19 22 4 
5 18 8 29 28 
6 28 29 3 30 
7 21 28 30 9 
8 32 15 33 31 
9 31 33 18 34 
10 35 37 21 38 
11 36 35 38 19 
12 34 18 45 44 
13 44 45 28 46 
14 37 44 46 21 
15 48 31 49 47 
16 47 49 34 50 
17 51 53 37 54 
18 52 51 54 35 
19 50 34 61 60 
20 60 61 44 62 
21 53 60 62 37 
22 64 47 65 63 
23 63 65 50 66 
24 67 69 53 70 
25 68 67 70 51 
26 11 78 76 77 
27 78 10 24 76 
28 76 24 14 79 
29 77 76 79 6 
30 24 82 80 81 
31 82 23 40 80 
32 80 40 27 83 
33 81 80 83 14 
34 40 86 84 85 
35 85 84 87 27 
36 66 50 93 92 
37 92 93 60 94 
38 69 92 94 53 
39 95 97 69 98 
40 96 95 98 67 
41 12 106 104 105 
42 106 7 107 104 
43 104 107 13 25 
44 105 104 25 10 
45 25 110 108 109 
46 110 13 111 108 
47 108 111 26 41 
48 109 108 41 23 
49 41 114 112 113 
50 114 26 115 112 
51 112 115 42 57 
52 113 112 57 39 
53 57 118 116 117 
54 118 42 119 116 
55 116 119 58 73 
56 117 116 73 55 
57 55 122 120 121 
58 122 73 123 120 
59 58 125 124 74 
60 125 63 126 124 
61 124 126 66 127 
62 74 124 127 5 
63 129 74 130 128 
64 128 130 5 131 
65 73 138 137 123 
66 138 58 139 137 
67 137 139 74 129 
68 120 142 140 141 
69 142 123 143 140 
70 140 143 71 134 
71 141 140 134 101 
72 71 145 144 135 
73 145 129 146 144 
74 144 146 128 147 
75 135 144 147 102 
76 134 150 148 149 
77 150 71 151 148 
78 148 151 135 152 
79 6 79 153 154 
80 79 14 36 153 
81 153 36 19 155 
82 154 153 155 20 
83 14 83 156 157 
84 83 27 52 156 
85 156 52 35 158 
86 157 156 158 36 
87 27 87 159 160 
88 159 68 51 161 
89 160 159 161 52 
90 162 96 67 164 
91 163 162 164 68 
92 72 171 169 170 
93 170 169 172 100 
94 101 175 173 174 
95 175 134 149 173 
96 173 149 132 176 
97 174 173 176 133 
98 59 103 177 178 
99 103 75 179 177 
100 177 179 95 180 
101 178 177 180 96 
102 99 136 181 182 
103 136 102 183 181 
104 181 183 75 184 
105 182 181 184 103 
106 132 152 185 186 
107 152 135 187 185 
108 185 187 102 188 
109 186 185 188 136 
110 149 191 189 190 
111 191 148 192 189 
112 189 192 152 193 
113 190 189 193 132 
114 39 196 194 195 
115 196 57 117 194 
116 194 117 55 90 
117 195 194 90 56 
118 90 199 197 198 
119 199 55 121 197 
120 121 202 200 201 
121 202 120 141 200 
122 200 141 101 171 
123 201 200 171 72 
124 171 205 203 204 
125 205 101 174 203 
126 203 174 133 206 
127 204 203 206 169 
128 209 72 170 207 
129 207 170 100 210 
130 84 213 211 212 
131 213 56 89 211 
132 211 89 43 214 
133 212 211 214 87 
134 89 217 215 216 
135 216 215 218 43 
136 197 225 223 224 
137 225 121 201 223 
138 223 201 72 209 
139 224 223 209 167 
140 167 228 226 227 
141 228 209 229 226 
142 226 229 207 230 
143 227 226 230 208 
144 56 233 231 232 
145 233 90 198 231 
146 232 231 217 89 
147 198 236 234 235 
148 236 197 224 234 
149 234 224 167 221 
150 235 234 221 88 
151 221 239 237 238 
152 239 167 227 237 
153 91 168 241 242 
154 168 59 178 241 
155 241 178 96 243 
156 242 241 243 162 
157 166 222 244 245 
158 222 165 246 244 
159 244 246 168 247 
160 245 244 247 91 
161 248 250 165 251 
162 249 248 251 222 
163 237 254 252 253 
164 254 227 255 252 
165 252 255 208 256 
166 253 252 256 240 
167 217 259 257 258 
168 259 88 220 257 
169 257 220 166 260 
170 258 257 260 215 
171 88 263 261 262 
172 263 221 238 261 
173 262 261 264 220 
174 238 267 265 266 
175 267 237 253 265 
176 220 264 269 270 
177 269 249 222 271 
178 270 269 271 166 
179 261 274 272 273 
180 274 238 266 272 
181 272 266 219 275 
182 273 272 275 264 
183 276 278 248 279 
184 277 276 279 249 
185 266 282 280 281 
186 282 265 283 280 
187 281 280 284 219 
188 265 286 285 283 
189 286 253 287 285 
190 285 287 240 288 
191 283 285 288 268 
192 264 275 289 290 
193 275 219 277 289 
194 289 277 249 291 
195 290 289 291 269 
196 219 284 292 293 
197 284 268 294 292 
198 292 294 276 295 
199 293 292 295 277 
200 280 298 296 297 
201 298 283 299 296 
202 296 299 268 300 
203 297 296 300 284 
204 1 303 301 302 
205 303 12 105 301 
206 301 105 10 78 
207 302 301 78 11 
208 7 305 304 107 
209 305 16 306 304 
210 304 306 15 32 
211 107 304 32 13 
212 10 309 307 308 
213 309 25 109 307 
214 307 109 23 82 
215 308 307 82 24 
216 13 311 310 111 
217 311 32 312 310 
218 310 312 31 48 
219 111 310 48 26 
220 23 315 313 314 
221 315 41 113 313 
222 313 113 39 86 
223 314 313 86 40 
224 26 317 316 115 
225 317 48 318 316 
226 316 318 47 64 
227 115 316 64 42 
228 42 320 319 119 
229 320 64 321 319 
230 319 321 63 125 
231 119 319 125 58 
232 86 324 322 323 
233 324 39 195 322 
234 322 195 56 213 
235 323 322 213 84 
236 5 127 325 97 
237 127 66 326 325 
238 325 326 92 327 
239 97 325 327 69 
240 75 131 328 179 
241 131 5 329 328 
242 328 329 97 330 
243 179 328 330 95 
244 100 172 331 332 
245 172 99 182 331 
246 331 182 103 333 
247 332 331 333 59 
248 102 147 334 183 
249 147 128 335 334 
250 334 335 131 336 
251 183 334 336 75 
252 133 176 337 338 
253 176 132 186 337 
254 337 186 136 339 
255 338 337 339 99 
256 123 341 340 143 
257 341 137 342 340 
258 340 342 129 145 
259 143 340 145 71 
260 87 214 343 344 
261 214 43 163 343 
262 343 163 68 345 
263 344 343 345 159 
264 43 218 346 347 
265 218 91 242 346 
266 346 242 162 348 
267 347 346 348 163 
268 165 210 349 246 
269 210 100 332 349 
270 349 332 59 350 
271 246 349 350 168 
272 169 206 351 352 
273 206 133 338 351 
274 351 338 99 353 
275 352 351 353 172 
276 208 230 354 250 
277 230 207 355 354 
278 354 355 210 356 
279 250 354 356 165 
280 215 260 357 358 
281 260 166 245 357 
282 357 245 91 359 
283 358 357 359 218 
284 231 362 360 361 
285 362 198 235 360 
286 360 235 88 259 
287 361 360 259 217 
288 240 256 363 278 
289 256 208 364 363 
290 363 364 250 365 
291 278 363 365 248 
292 268 288 366 294 
293 288 240 367 366 
294 366 367 278 368 
295 294 366 368 276 
