2 0.000000 100.000000 410.334720
822 688 
1 -504.020754 0.000000 -507.020754 99.937541 0.000000 3.490375 0.000031 
2 604.824905 0.000000 -507.020754 99.937749 0.000000 3.479906 0.000034 
3 604.824905 0.000000 517.207809 99.941044 0.000000 3.478544 -0.000031 
4 -504.020754 0.000000 517.207809 99.940719 0.000000 3.490314 -0.000033 
5 50.402075 0.000000 5.093528 105.503670 0.000000 -3.167618 -0.114106 
6 -504.020754 0.000000 5.093528 99.939197 0.000000 3.492049 -0.000004 
7 50.402075 0.000000 -507.020754 99.933897 0.000000 3.485027 0.000107 
8 604.824905 0.000000 5.093528 99.845755 0.000000 6.193619 -0.000754 
9 50.402075 0.000000 517.207809 99.944506 0.000000 3.484771 -0.000105 
10 -226.809339 0.000000 -250.963613 99.933082 0.000000 3.491755 0.000119 
11 -504.020754 0.000000 -250.963613 99.937706 0.000000 3.491344 0.000027 
12 -226.809339 0.000000 -507.020754 99.935630 0.000000 3.489308 0.000069 
13 50.402075 0.000000 -250.963613 99.918799 0.000000 3.471728 0.000418 
14 -226.809339 0.000000 5.093528 99.939689 0.000000 3.498148 -0.000018 
15 327.613490 0.000000 -250.963613 99.933611 0.000000 3.451785 0.000136 
16 327.613490 0.000000 -507.020754 99.935707 0.000000 3.480764 0.000074 
17 604.824905 0.000000 -250.963613 99.938739 0.000000 3.454338 0.000032 
18 327.613490 0.000000 5.093528 99.669935 0.000000 11.269075 -0.006109 
19 -226.809339 0.000000 261.150668 99.945455 0.000000 3.491409 -0.000128 
20 -504.020754 0.000000 261.150668 99.940627 0.000000 3.491277 -0.000032 
21 50.402075 0.000000 261.150668 99.959827 0.000000 3.471076 -0.000402 
22 -226.809339 0.000000 517.207809 99.942674 0.000000 3.489167 -0.000071 
23 -88.203632 0.000000 -122.935043 99.916726 0.000000 3.499832 0.000440 
24 -226.809339 0.000000 -122.935043 99.933859 0.000000 3.495538 0.000101 
25 -88.203632 0.000000 -250.963613 99.925670 0.000000 3.487833 0.000270 
26 50.402075 0.000000 -122.935043 99.865745 0.000000 3.443422 0.001498 
27 -88.203632 0.000000 5.093528 99.941988 0.000000 3.529239 -0.000086 
28 327.613490 0.000000 261.150668 99.946900 0.000000 3.447514 -0.000127 
29 604.824905 0.000000 261.150668 99.942062 0.000000 3.444614 -0.000028 
30 327.613490 0.000000 517.207809 99.942947 0.000000 3.480103 -0.000070 
31 189.007783 0.000000 -122.935043 99.914244 0.000000 3.368138 0.000580 
32 189.007783 0.000000 -250.963613 99.925609 0.000000 3.455321 0.000293 
33 327.613490 0.000000 -122.935043 99.936622 0.000000 3.374072 0.000129 
34 189.007783 0.000000 5.093528 99.549590 0.000000 14.384966 -0.011705 
35 -88.203632 0.000000 133.122098 99.962600 0.000000 3.497615 -0.000475 
36 -226.809339 0.000000 133.122098 99.945110 0.000000 3.495111 -0.000124 
37 50.402075 0.000000 133.122098 100.010352 0.000000 3.444438 -0.001393 
38 -88.203632 0.000000 261.150668 99.952840 0.000000 3.487154 -0.000273 
39 -18.900778 0.000000 -58.920758 99.872610 0.000000 3.539379 0.001293 
40 -88.203632 0.000000 -58.920758 99.917542 0.000000 3.525074 0.000406 
41 -18.900778 0.000000 -122.935043 99.888388 0.000000 3.497537 0.001008 
42 50.402075 0.000000 -58.920758 99.724834 0.000000 3.449229 0.004306 
43 -18.900778 0.000000 5.093528 99.970291 0.000000 3.632945 -0.000726 
44 189.007783 0.000000 133.122098 99.971722 0.000000 3.359624 -0.000563 
45 327.613490 0.000000 133.122098 99.949853 0.000000 3.348227 -0.000118 
46 189.007783 0.000000 261.150668 99.954249 0.000000 3.453562 -0.000278 
47 119.704929 0.000000 -58.920758 99.872687 0.000000 3.298308 0.001457 
48 119.704929 0.000000 -122.935043 99.885194 0.000000 3.383285 0.001150 
49 189.007783 0.000000 -58.920758 99.918710 0.000000 3.298166 0.000537 
50 119.704929 0.000000 5.093528 99.118755 0.000000 12.758388 0.001270 
51 -18.900778 0.000000 69.107813 100.009358 0.000000 3.527576 -0.001432 
52 -88.203632 0.000000 69.107813 99.961373 0.000000 3.515414 -0.000463 
53 50.402075 0.000000 69.107813 100.133589 0.000000 3.444157 -0.003860 
54 -18.900778 0.000000 133.122098 99.995707 0.000000 3.496273 -0.001137 
55 15.750649 0.000000 -26.913615 99.890712 0.000000 3.491869 0.000965 
56 -18.900778 0.000000 -26.913615 99.873185 0.000000 3.582023 0.001252 
57 15.750649 0.000000 -58.920758 99.814759 0.000000 3.542675 0.002446 
58 50.402075 0.000000 -26.913615 99.284490 0.000000 4.030082 0.012635 
59 15.750649 0.000000 5.093528 100.050463 0.000000 2.006103 -0.001412 
60 119.704929 0.000000 69.107813 100.045621 0.000000 3.222667 -0.001951 
61 189.007783 0.000000 69.107813 99.976247 0.000000 3.197485 -0.000547 
62 119.704929 0.000000 133.122098 99.996445 0.000000 3.382007 -0.001073 
63 85.053502 0.000000 -26.913615 99.729205 0.000000 3.228398 0.004366 
64 85.053502 0.000000 -58.920758 99.773273 0.000000 3.323066 0.003425 
65 119.704929 0.000000 -26.913615 99.961955 0.000000 3.943843 -0.000795 
66 85.053502 0.000000 5.093528 101.464762 0.000000 1.063993 -0.029623 
67 15.750649 0.000000 37.100670 100.056755 0.000000 3.562674 -0.002405 
68 -18.900778 0.000000 37.100670 100.007823 0.000000 3.566412 -0.001428 
69 50.402075 0.000000 37.100670 100.311704 0.000000 3.645355 -0.007573 
70 15.750649 0.000000 69.107813 100.065684 0.000000 3.515952 -0.002550 
71 33.076362 0.000000 -10.910044 80.390097 0.000000 0.426795 0.353725 
72 15.750649 0.000000 -10.910044 99.826240 0.000000 2.658577 0.002765 
73 33.076362 0.000000 -26.913615 100.101734 0.000000 3.747799 -0.003440 
74 50.402075 0.000000 -10.910044 108.217127 0.000000 -3.784196 -0.172527 
75 33.076362 0.000000 5.093528 81.341877 0.000000 0.460945 0.338329 
76 -365.415047 0.000000 -122.935043 99.937295 0.000000 3.493058 0.000034 
77 -504.020754 0.000000 -122.935043 99.938295 0.000000 3.491849 0.000014 
78 -365.415047 0.000000 -250.963613 99.936358 0.000000 3.491782 0.000053 
79 -365.415047 0.000000 5.093528 99.939309 0.000000 3.493656 -0.000007 
80 -157.506486 0.000000 -58.920758 99.932614 0.000000 3.502172 0.000121 
81 -226.809339 0.000000 -58.920758 99.936199 0.000000 3.497447 0.000052 
82 -157.506486 0.000000 -122.935043 99.928833 0.000000 3.497371 0.000200 
83 -157.506486 0.000000 5.093528 99.940319 0.000000 3.504247 -0.000035 
84 -53.552205 0.000000 -26.913615 99.917944 0.000000 3.548996 0.000381 
85 -88.203632 0.000000 -26.913615 99.928979 0.000000 3.526778 0.000176 
86 -53.552205 0.000000 -58.920758 99.905150 0.000000 3.529964 0.000650 
87 -53.552205 0.000000 5.093528 99.944735 0.000000 3.556696 -0.000160 
88 -1.575065 0.000000 -10.910044 99.582903 0.000000 3.492975 0.007104 
89 -18.900778 0.000000 -10.910044 99.889267 0.000000 3.624919 0.000899 
90 -1.575065 0.000000 -26.913615 99.826771 0.000000 3.531201 0.002215 
91 -1.575065 0.000000 5.093528 100.518895 0.000000 3.559883 -0.011672 
92 85.053502 0.000000 37.100670 100.276538 0.000000 3.226392 -0.006579 
93 119.704929 0.000000 37.100670 100.031105 0.000000 3.210990 -0.001653 
94 85.053502 0.000000 69.107813 100.118768 0.000000 3.300956 -0.003466 
95 33.076362 0.000000 21.097099 99.772314 0.000000 3.878431 0.003044 
96 15.750649 0.000000 21.097099 100.065941 0.000000 3.578091 -0.002600 
97 50.402075 0.000000 21.097099 100.469448 0.000000 4.362958 -0.011315 
98 33.076362 0.000000 37.100670 100.120497 0.000000 3.648917 -0.003743 
99 24.413505 0.000000 -2.908258 93.949427 0.000000 0.405933 0.117334 
100 15.750649 0.000000 -2.908258 99.710347 0.000000 0.750465 0.005728 
101 24.413505 0.000000 -10.910044 100.417292 0.000000 2.482596 -0.008980 
102 33.076362 0.000000 -2.908258 91.367153 0.000000 0.143189 0.165202 
103 24.413505 0.000000 5.093528 99.273901 0.000000 1.909766 0.014105 
104 -365.415047 0.000000 133.122098 99.941253 0.000000 3.492940 -0.000045 
105 -504.020754 0.000000 133.122098 99.940081 0.000000 3.491805 -0.000021 
106 -365.415047 0.000000 261.150668 99.942065 0.000000 3.491634 -0.000061 
107 -157.506486 0.000000 69.107813 99.947540 0.000000 3.501383 -0.000177 
108 -226.809339 0.000000 69.107813 99.943049 0.000000 3.497155 -0.000084 
109 -157.506486 0.000000 133.122098 99.950509 0.000000 3.496442 -0.000233 
110 -53.552205 0.000000 37.100670 99.967998 0.000000 3.543431 -0.000616 
111 -88.203632 0.000000 37.100670 99.954010 0.000000 3.524185 -0.000322 
112 -53.552205 0.000000 69.107813 99.977038 0.000000 3.523987 -0.000783 
113 -1.575065 0.000000 21.097099 100.068427 0.000000 3.530954 -0.002616 
114 -18.900778 0.000000 21.097099 100.003333 0.000000 3.594852 -0.001359 
115 -1.575065 0.000000 37.100670 100.038109 0.000000 3.552468 -0.002024 
116 7.087792 0.000000 -2.908258 98.820938 0.000000 1.032320 0.023336 
117 -1.575065 0.000000 -2.908258 98.893941 0.000000 4.251185 0.020192 
118 7.087792 0.000000 -10.910044 99.477435 0.000000 3.058228 0.009489 
119 7.087792 0.000000 5.093528 100.648550 0.000000 2.527373 -0.013652 
120 24.413505 0.000000 13.095313 99.539452 0.000000 3.157359 0.008193 
121 15.750649 0.000000 13.095313 99.963048 0.000000 3.155665 -0.000257 
122 33.076362 0.000000 13.095313 99.223342 0.000000 3.923599 0.013933 
123 24.413505 0.000000 21.097099 99.821234 0.000000 3.552983 0.002310 
124 20.082077 0.000000 1.092635 99.684461 0.000000 0.719368 0.006249 
125 15.750649 0.000000 1.092635 100.067248 0.000000 0.834116 -0.001415 
126 20.082077 0.000000 -2.908258 100.006915 0.000000 0.621615 -0.000177 
127 24.413505 0.000000 1.092635 99.237634 0.000000 0.730979 0.015136 
128 20.082077 0.000000 5.093528 99.695650 0.000000 1.853381 0.005734 
129 -88.203632 0.000000 -378.992184 99.931550 0.000000 3.487108 0.000153 
130 -226.809339 0.000000 -378.992184 99.934360 0.000000 3.489924 0.000094 
131 -88.203632 0.000000 -507.020754 99.934449 0.000000 3.487615 0.000094 
132 50.402075 0.000000 -378.992184 99.929908 0.000000 3.481384 0.000189 
133 -18.900778 0.000000 -186.949328 99.910287 0.000000 3.482425 0.000581 
134 -88.203632 0.000000 -186.949328 99.921056 0.000000 3.490491 0.000360 
135 -18.900778 0.000000 -250.963613 99.921054 0.000000 3.481502 0.000366 
136 50.402075 0.000000 -186.949328 99.902493 0.000000 3.463943 0.000749 
137 15.750649 0.000000 -90.927900 99.847153 0.000000 3.487633 0.001838 
138 -18.900778 0.000000 -90.927900 99.880044 0.000000 3.508341 0.001167 
139 15.750649 0.000000 -122.935043 99.875823 0.000000 3.476226 0.001274 
140 50.402075 0.000000 -90.927900 99.820671 0.000000 3.436408 0.002402 
141 33.076362 0.000000 -42.917186 99.774870 0.000000 3.603584 0.003199 
142 15.750649 0.000000 -42.917186 99.830136 0.000000 3.546315 0.002137 
143 33.076362 0.000000 -58.920758 99.772660 0.000000 3.504105 0.003314 
144 50.402075 0.000000 -42.917186 99.635123 0.000000 3.581465 0.006002 
145 24.413505 0.000000 -18.911829 100.237114 0.000000 3.295812 -0.005834 
146 15.750649 0.000000 -18.911829 99.904526 0.000000 3.311745 0.000812 
147 24.413505 0.000000 -26.913615 99.962780 0.000000 3.617350 -0.000564 
148 33.076362 0.000000 -18.911829 100.465608 0.000000 3.923917 -0.010874 
149 20.082077 0.000000 -6.909151 100.046531 0.000000 1.717954 -0.001226 
150 15.750649 0.000000 -6.909151 99.743618 0.000000 1.920659 0.004752 
151 20.082077 0.000000 -10.910044 100.094394 0.000000 2.488024 -0.002508 
152 24.413505 0.000000 -6.909151 100.383905 0.000000 1.651737 -0.007966 
153 67.727789 0.000000 -10.910044 98.472988 0.000000 3.578265 0.029027 
154 67.727789 0.000000 -26.913615 99.279507 0.000000 3.553500 0.013095 
155 85.053502 0.000000 -10.910044 99.376813 0.000000 1.862000 0.012078 
156 67.727789 0.000000 5.093528 101.121560 0.000000 3.400322 -0.023713 
157 41.739219 0.000000 -2.908258 83.379346 0.000000 0.531344 0.304760 
158 41.739219 0.000000 -10.910044 85.404574 0.000000 1.175384 0.270468 
159 50.402075 0.000000 -2.908258 109.990275 0.000000 -1.075018 -0.209902 
160 41.739219 0.000000 5.093528 88.583316 0.000000 1.557359 0.215057 
161 28.744934 0.000000 1.092635 94.283866 0.000000 0.117582 0.111054 
162 28.744934 0.000000 -2.908258 94.516712 0.000000 0.112395 0.106658 
163 33.076362 0.000000 1.092635 89.201320 0.000000 0.188480 0.204309 
164 28.744934 0.000000 5.093528 79.923277 0.000000 0.423763 0.361209 
165 22.247791 0.000000 -0.907812 99.793584 0.000000 0.000000 0.004124 
166 20.082077 0.000000 -0.907812 99.841648 0.000000 -0.000055 0.003165 
167 22.247791 0.000000 -2.908258 100.145228 0.000000 0.582469 -0.002941 
168 24.413505 0.000000 -0.907812 99.611993 0.000000 0.007551 0.007745 
169 22.247791 0.000000 1.092635 99.470794 0.000000 0.704415 0.010506 
170 28.744934 0.000000 -6.909151 79.975731 0.000000 0.423783 0.360370 
171 28.744934 0.000000 -10.910044 93.948933 0.000000 0.406038 0.117343 
172 33.076362 0.000000 -6.909151 82.175885 0.000000 0.549842 0.324682 
173 26.579219 0.000000 -0.907812 98.625129 0.000000 0.020699 0.027308 
174 26.579219 0.000000 -2.908258 95.303897 0.000000 0.093154 0.091716 
175 28.744934 0.000000 -0.907812 97.947761 0.000000 0.031382 0.040624 
176 26.579219 0.000000 1.092635 95.967439 0.000000 0.110334 0.079024 
177 67.727789 0.000000 21.097099 100.728928 0.000000 3.820473 -0.016091 
178 85.053502 0.000000 21.097099 100.517652 0.000000 3.402207 -0.011537 
179 67.727789 0.000000 37.100670 100.385857 0.000000 3.431072 -0.008909 
180 41.739219 0.000000 13.095313 99.596544 0.000000 4.919676 0.005633 
181 50.402075 0.000000 13.095313 100.655458 0.000000 5.081714 -0.015735 
182 41.739219 0.000000 21.097099 100.046264 0.000000 4.296783 -0.002772 
183 37.407790 0.000000 1.092635 64.785728 0.000000 0.468285 0.580259 
184 37.407790 0.000000 -2.908258 66.547620 0.000000 0.437609 0.557122 
185 41.739219 0.000000 1.092635 83.104856 0.000000 0.348180 0.309346 
186 37.407790 0.000000 5.093528 84.752261 0.000000 1.050167 0.281595 
187 30.910648 0.000000 -0.907812 97.594393 0.000000 0.031316 0.047533 
188 30.910648 0.000000 -2.908258 94.135098 0.000000 0.122901 0.113857 
189 33.076362 0.000000 -0.907812 93.138835 0.000000 0.078399 0.132515 
190 30.910648 0.000000 1.092635 93.947918 0.000000 0.127826 0.117377 
191 59.064932 0.000000 -2.908258 103.266725 0.000000 -1.664731 -0.066679 
192 59.064932 0.000000 -10.910044 114.511467 0.000000 -11.115027 -0.323642 
193 67.727789 0.000000 -2.908258 99.683168 0.000000 0.000000 0.006327 
194 59.064932 0.000000 5.093528 113.001415 0.000000 -7.339601 -0.282319 
195 46.070647 0.000000 1.092635 99.267159 0.000000 -0.583823 0.014569 
196 46.070647 0.000000 -2.908258 99.316587 0.000000 0.024348 0.013622 
197 50.402075 0.000000 1.092635 109.841920 0.000000 -1.090062 -0.206644 
198 46.070647 0.000000 5.093528 97.191149 0.000000 -1.647178 0.055117 
199 41.739219 0.000000 -18.911829 100.155109 0.000000 4.762835 -0.005373 
200 41.739219 0.000000 -26.913615 99.801627 0.000000 4.119220 0.002267 
201 50.402075 0.000000 -18.911829 99.236038 0.000000 4.881655 0.012838 
202 46.070647 0.000000 -6.909151 97.087029 0.000000 -1.601560 0.057154 
203 41.739219 0.000000 -6.909151 90.374340 0.000000 1.358024 0.183063 
204 46.070647 0.000000 -10.910044 95.990681 0.000000 0.944981 0.078490 
205 50.402075 0.000000 -6.909151 102.833013 0.000000 -2.989813 -0.058357 
206 43.904933 0.000000 -0.907812 91.382391 0.000000 0.160016 0.164923 
207 41.739219 0.000000 -0.907812 82.398559 0.000000 0.300181 0.321039 
208 43.904933 0.000000 -2.908258 94.116825 0.000000 0.229061 0.114197 
209 46.070647 0.000000 -0.907812 100.180135 0.000000 0.432024 -0.003625 
210 43.904933 0.000000 1.092635 93.353156 0.000000 -0.549298 0.128489 
211 59.064932 0.000000 13.095313 101.086544 0.000000 4.557562 -0.023926 
212 67.727789 0.000000 13.095313 101.012424 0.000000 4.105008 -0.022036 
213 59.064932 0.000000 21.097099 100.814637 0.000000 3.980296 -0.017943 
214 54.733504 0.000000 1.092635 107.055270 0.000000 -1.787802 -0.146403 
215 54.733504 0.000000 -2.908258 107.018642 0.000000 -1.765156 -0.145611 
216 59.064932 0.000000 1.092635 103.731529 0.000000 -1.879988 -0.076376 
217 54.733504 0.000000 5.093528 110.612108 0.000000 -5.028114 -0.226032 
218 466.219197 0.000000 -122.935043 99.940637 0.000000 3.381982 0.000043 
219 466.219197 0.000000 -250.963613 99.937250 0.000000 3.452768 0.000062 
220 604.824905 0.000000 -122.935043 99.941673 0.000000 3.388367 0.000018 
221 466.219197 0.000000 5.093528 99.779854 0.000000 8.094687 -0.002154 
222 258.310636 0.000000 -58.920758 99.936090 0.000000 3.303043 0.000187 
223 258.310636 0.000000 -122.935043 99.930603 0.000000 3.374178 0.000249 
224 327.613490 0.000000 -58.920758 99.941471 0.000000 3.299922 0.000081 
225 258.310636 0.000000 5.093528 99.603405 0.000000 13.175498 -0.009443 
226 154.356356 0.000000 -26.913615 99.872839 0.000000 3.873078 0.001042 
227 154.356356 0.000000 -58.920758 99.900413 0.000000 3.300493 0.000901 
228 189.007783 0.000000 -26.913615 99.901763 0.000000 3.784855 0.000531 
229 154.356356 0.000000 5.093528 99.195771 0.000000 14.330740 -0.004517 
230 102.379216 0.000000 -10.910044 101.953330 0.000000 6.424432 -0.043575 
231 102.379216 0.000000 -26.913615 100.112562 0.000000 3.646141 -0.003582 
232 119.704929 0.000000 -10.910044 99.864259 0.000000 6.842569 -0.001969 
233 102.379216 0.000000 5.093528 97.026873 0.000000 9.862773 0.048851 
234 76.390646 0.000000 -2.908258 99.774830 0.000000 0.000000 0.004498 
235 76.390646 0.000000 -10.910044 98.563974 0.000000 2.993578 0.027618 
236 85.053502 0.000000 -2.908258 99.229970 0.000000 -6.604153 0.010980 
237 76.390646 0.000000 5.093528 101.655330 0.000000 3.142956 -0.034368 
238 63.396360 0.000000 1.092635 101.876037 0.000000 -1.597765 -0.038128 
239 63.396360 0.000000 -2.908258 101.610906 0.000000 -1.405370 -0.032675 
240 67.727789 0.000000 1.092635 99.674038 0.000000 0.000000 0.006509 
241 63.396360 0.000000 5.093528 112.483504 0.000000 -13.350031 -0.283076 
242 189.007783 0.000000 -378.992184 99.931560 0.000000 3.475621 0.000160 
243 189.007783 0.000000 -507.020754 99.934469 0.000000 3.482435 0.000097 
244 327.613490 0.000000 -378.992184 99.934523 0.000000 3.472868 0.000103 
245 119.704929 0.000000 -186.949328 99.908383 0.000000 3.442342 0.000647 
246 119.704929 0.000000 -250.963613 99.920878 0.000000 3.461819 0.000383 
247 189.007783 0.000000 -186.949328 99.921232 0.000000 3.432214 0.000397 
248 85.053502 0.000000 -90.927900 99.836382 0.000000 3.369162 0.002135 
249 85.053502 0.000000 -122.935043 99.871422 0.000000 3.408682 0.001408 
250 119.704929 0.000000 -90.927900 99.874254 0.000000 3.333673 0.001402 
251 67.727789 0.000000 -42.917186 99.600855 0.000000 3.395092 0.006814 
252 67.727789 0.000000 -58.920758 99.720769 0.000000 3.359894 0.004448 
253 85.053502 0.000000 -42.917186 99.741554 0.000000 3.265232 0.004096 
254 59.064932 0.000000 -18.911829 98.741077 0.000000 4.114521 0.023327 
255 59.064932 0.000000 -26.913615 99.159338 0.000000 3.784683 0.015310 
256 67.727789 0.000000 -18.911829 98.921902 0.000000 3.703870 0.020074 
257 63.396360 0.000000 -6.909151 112.389551 0.000000 -13.373089 -0.281025 
258 59.064932 0.000000 -6.909151 112.913199 0.000000 -7.444719 -0.280481 
259 63.396360 0.000000 -10.910044 98.306036 0.000000 3.766454 0.032174 
260 67.727789 0.000000 -6.909151 98.336940 0.000000 2.848979 0.032173 
261 466.219197 0.000000 133.122098 99.946104 0.000000 3.342634 -0.000040 
262 604.824905 0.000000 133.122098 99.945240 0.000000 3.335275 -0.000018 
263 466.219197 0.000000 261.150668 99.943467 0.000000 3.445782 -0.000057 
264 258.310636 0.000000 69.107813 99.957592 0.000000 3.205602 -0.000180 
265 327.613490 0.000000 69.107813 99.952633 0.000000 3.198787 -0.000076 
266 258.310636 0.000000 133.122098 99.955896 0.000000 3.354478 -0.000243 
267 154.356356 0.000000 37.100670 99.988762 0.000000 3.272737 -0.000846 
268 189.007783 0.000000 37.100670 99.963557 0.000000 3.318000 -0.000372 
269 154.356356 0.000000 69.107813 99.999859 0.000000 3.203409 -0.001023 
270 102.379216 0.000000 21.097099 100.013999 0.000000 3.541504 -0.001534 
271 119.704929 0.000000 21.097099 99.892387 0.000000 3.991503 0.000558 
272 102.379216 0.000000 37.100670 100.128429 0.000000 3.154910 -0.003566 
273 76.390646 0.000000 13.095313 100.969928 0.000000 3.886896 -0.021003 
274 85.053502 0.000000 13.095313 100.751244 0.000000 3.456060 -0.016276 
275 76.390646 0.000000 21.097099 100.551153 0.000000 3.718657 -0.012436 
276 72.059217 0.000000 1.092635 99.668379 0.000000 0.000000 0.006621 
277 72.059217 0.000000 -2.908258 99.665346 0.000000 0.000000 0.006682 
278 76.390646 0.000000 1.092635 99.774825 0.000000 0.000000 0.004498 
279 72.059217 0.000000 5.093528 101.204035 0.000000 3.390452 -0.025375 
280 65.562075 0.000000 -0.907812 99.902673 0.000000 -0.489440 0.001922 
281 63.396360 0.000000 -0.907812 100.560654 0.000000 -0.585123 -0.011279 
282 65.562075 0.000000 -2.908258 100.265971 0.000000 -1.447615 -0.005536 
283 67.727789 0.000000 -0.907812 99.687245 0.000000 0.000000 0.006245 
284 65.562075 0.000000 1.092635 100.387542 0.000000 -1.762828 -0.008077 
285 76.390646 0.000000 -18.911829 99.169802 0.000000 3.370509 0.015399 
286 76.390646 0.000000 -26.913615 99.533177 0.000000 3.429787 0.008138 
287 85.053502 0.000000 -18.911829 99.656395 0.000000 3.076400 0.005914 
288 72.059217 0.000000 -6.909151 98.277932 0.000000 2.693969 0.033419 
289 72.059217 0.000000 -10.910044 98.576153 0.000000 3.377601 0.027133 
290 76.390646 0.000000 -6.909151 98.002230 0.000000 2.279613 0.039037 
291 93.716359 0.000000 -2.908258 96.406135 0.000000 -12.976392 0.053747 
292 93.716359 0.000000 -10.910044 101.746292 0.000000 2.248519 -0.035736 
293 102.379216 0.000000 -2.908258 98.448098 0.000000 21.146917 -0.013922 
294 93.716359 0.000000 5.093528 97.382680 0.000000 2.874303 0.050835 
295 80.722074 0.000000 1.092635 99.712123 0.000000 -4.766162 0.003478 
296 80.722074 0.000000 -2.908258 99.725507 0.000000 -4.766801 0.003210 
297 85.053502 0.000000 1.092635 99.303554 0.000000 -6.369787 0.009823 
298 80.722074 0.000000 5.093528 102.121516 0.000000 2.151015 -0.043343 
299 74.224931 0.000000 -0.907812 99.711125 0.000000 0.000000 0.005769 
300 72.059217 0.000000 -0.907812 99.674595 0.000000 0.000000 0.006498 
301 74.224931 0.000000 -2.908258 99.702024 0.000000 0.000000 0.005951 
302 76.390646 0.000000 -0.907812 99.770465 0.000000 0.000000 0.004585 
303 74.224931 0.000000 1.092635 99.701984 0.000000 0.000000 0.005951 
304 80.722074 0.000000 -6.909151 97.840112 0.000000 1.126662 0.042604 
305 80.722074 0.000000 -10.910044 98.761945 0.000000 2.494057 0.023986 
306 85.053502 0.000000 -6.909151 98.593352 0.000000 -0.291882 0.027927 
307 78.556360 0.000000 -0.907812 99.865516 0.000000 0.000000 0.002688 
308 78.556360 0.000000 -2.908258 96.590023 0.000000 0.541817 0.067007 
309 80.722074 0.000000 -0.907812 99.929829 0.000000 -0.635838 0.001362 
310 78.556360 0.000000 1.092635 103.122171 0.000000 1.005493 -0.063519 
311 93.716359 0.000000 13.095313 99.952051 0.000000 3.568895 -0.000315 
312 102.379216 0.000000 13.095313 99.466314 0.000000 4.785263 0.008355 
313 93.716359 0.000000 21.097099 100.258641 0.000000 3.354060 -0.006304 
314 89.384931 0.000000 1.092635 98.150046 0.000000 -10.197531 0.026258 
315 89.384931 0.000000 -2.908258 97.770445 0.000000 -10.828198 0.032369 
316 93.716359 0.000000 1.092635 96.465447 0.000000 -12.984375 0.052582 
317 89.384931 0.000000 5.093528 99.543913 0.000000 0.924991 0.009015 
318 82.887788 0.000000 -0.907812 99.772898 0.000000 -4.769067 0.002262 
319 82.887788 0.000000 -2.908258 99.761067 0.000000 -4.768501 0.002499 
320 85.053502 0.000000 -0.907812 99.342450 0.000000 -6.205480 0.009257 
321 82.887788 0.000000 1.092635 99.763219 0.000000 -4.768604 0.002456 
322 102.379216 0.000000 -42.917186 99.872953 0.000000 3.336206 0.001426 
323 102.379216 0.000000 -58.920758 99.835483 0.000000 3.295923 0.002201 
324 119.704929 0.000000 -42.917186 99.894198 0.000000 3.391674 0.000965 
325 93.716359 0.000000 -18.911829 100.349840 0.000000 3.404457 -0.008168 
326 93.716359 0.000000 -26.913615 99.999495 0.000000 3.363458 -0.001121 
327 102.379216 0.000000 -18.911829 100.502051 0.000000 4.283239 -0.011901 
328 89.384931 0.000000 -6.909151 100.380481 0.000000 -1.567463 -0.007870 
329 89.384931 0.000000 -10.910044 100.446839 0.000000 1.568032 -0.009203 
330 93.716359 0.000000 -6.909151 103.051576 0.000000 -1.359853 -0.062148 
331 82.887788 0.000000 -4.908704 99.712114 0.000000 -4.766161 0.003478 
332 80.722074 0.000000 -4.908704 96.940544 0.000000 0.127601 0.060251 
333 82.887788 0.000000 -6.909151 98.118767 0.000000 0.490774 0.037247 
334 85.053502 0.000000 -4.908704 99.725511 0.000000 -4.766802 0.003210 
335 81.804931 0.000000 -1.908035 99.835707 0.000000 -3.144698 0.002294 
336 80.722074 0.000000 -1.908035 99.858112 0.000000 -2.035683 0.002421 
337 81.804931 0.000000 -2.908258 99.765437 0.000000 -4.768710 0.002412 
338 82.887788 0.000000 -1.908035 99.777037 0.000000 -4.769265 0.002180 
339 81.804931 0.000000 -0.907812 99.886707 0.000000 -1.811126 0.001937 
340 137.030642 0.000000 -10.910044 99.759315 0.000000 6.419630 0.000687 
341 137.030642 0.000000 -26.913615 99.884041 0.000000 3.928051 0.000775 
342 154.356356 0.000000 -10.910044 99.753395 0.000000 6.108075 0.001195 
343 137.030642 0.000000 5.093528 99.153951 0.000000 13.813980 -0.002233 
344 111.042072 0.000000 -2.908258 99.235020 0.000000 13.219559 -0.002235 
345 111.042072 0.000000 -10.910044 100.192251 0.000000 7.086895 -0.008871 
346 119.704929 0.000000 -2.908258 99.368597 0.000000 12.162236 -0.002204 
347 111.042072 0.000000 5.093528 98.823265 0.000000 11.984426 0.009034 
348 98.047787 0.000000 1.092635 90.209591 0.000000 5.593972 0.183094 
349 98.047787 0.000000 -2.908258 95.220983 0.000000 -14.648327 0.071839 
350 102.379216 0.000000 1.092635 94.186786 0.000000 14.899237 0.090686 
351 98.047787 0.000000 5.093528 96.254226 0.000000 6.456680 0.069344 
352 54.733504 0.000000 -6.909151 109.074026 0.000000 -4.673415 -0.191898 
353 54.733504 0.000000 -10.910044 111.768873 0.000000 -5.666801 -0.252439 
354 52.567790 0.000000 -0.907812 117.032314 0.000000 -2.497291 -0.370280 
355 50.402075 0.000000 -0.907812 110.655410 0.000000 0.110403 -0.224463 
356 52.567790 0.000000 -2.908258 110.417196 0.000000 -1.200923 -0.219340 
357 54.733504 0.000000 -0.907812 106.523341 0.000000 -0.450087 -0.134742 
358 52.567790 0.000000 1.092635 110.666454 0.000000 -1.283454 -0.224871 
359 52.567790 0.000000 -4.908704 107.707361 0.000000 -4.027933 -0.161710 
360 50.402075 0.000000 -4.908704 103.211094 0.000000 -3.001963 -0.066154 
361 52.567790 0.000000 -6.909151 107.442275 0.000000 -3.928276 -0.155927 
362 54.733504 0.000000 -4.908704 109.270696 0.000000 -4.843806 -0.196355 
363 56.899218 0.000000 -0.907812 103.838595 0.000000 -0.736871 -0.078300 
364 56.899218 0.000000 -2.908258 104.595710 0.000000 -1.386305 -0.094218 
365 59.064932 0.000000 -0.907812 101.723871 0.000000 -0.818790 -0.034842 
366 56.899218 0.000000 1.092635 104.964118 0.000000 -1.495321 -0.101970 
367 53.650647 0.000000 -1.908035 107.211567 0.000000 -5.722041 -0.152706 
368 52.567790 0.000000 -1.908035 119.369879 0.000000 -3.656407 -0.426254 
369 53.650647 0.000000 -2.908258 109.121483 0.000000 -1.379959 -0.190940 
370 54.733504 0.000000 -1.908035 106.605789 0.000000 -1.202262 -0.136624 
371 53.650647 0.000000 -0.907812 109.225311 0.000000 -0.913811 -0.193100 
372 56.899218 0.000000 -4.908704 110.690906 0.000000 -5.593197 -0.228376 
373 56.899218 0.000000 -6.909151 111.835826 0.000000 -6.146725 -0.254503 
374 59.064932 0.000000 -4.908704 111.814108 0.000000 -6.417354 -0.254358 
375 55.816361 0.000000 -1.908035 105.175602 0.000000 -1.072326 -0.106306 
376 55.816361 0.000000 -2.908258 105.541168 0.000000 -1.451819 -0.114105 
377 56.899218 0.000000 -1.908035 104.328180 0.000000 -1.116907 -0.088562 
378 55.816361 0.000000 -0.907812 105.168834 0.000000 -0.959945 -0.106141 
379 54.733504 0.000000 9.094420 113.138825 0.000000 -6.863679 -0.284750 
380 50.402075 0.000000 9.094420 110.161107 0.000000 -4.282349 -0.215381 
381 59.064932 0.000000 9.094420 112.700416 0.000000 -13.297136 -0.287820 
382 54.733504 0.000000 13.095313 100.969517 0.000000 4.852148 -0.021839 
383 52.567790 0.000000 3.093081 107.685379 0.000000 -3.958498 -0.161181 
384 50.402075 0.000000 3.093081 103.154017 0.000000 -2.984589 -0.064966 
385 54.733504 0.000000 3.093081 109.271407 0.000000 -4.735443 -0.196266 
386 52.567790 0.000000 5.093528 108.854535 0.000000 -4.180293 -0.186678 
387 53.650647 0.000000 0.092412 109.362604 0.000000 -1.115969 -0.196142 
388 52.567790 0.000000 0.092412 110.576074 0.000000 -0.993853 -0.222806 
389 54.733504 0.000000 0.092412 106.671766 0.000000 -1.276007 -0.138049 
390 53.650647 0.000000 1.092635 109.140483 0.000000 -1.380425 -0.191355 
391 54.192075 0.000000 -1.407923 105.280899 0.000000 -5.973261 -0.111975 
392 53.650647 0.000000 -1.407923 109.427436 0.000000 -6.939819 -0.202252 
393 54.192075 0.000000 -1.908035 104.642669 0.000000 -7.148721 -0.100119 
394 54.733504 0.000000 -1.407923 107.214447 0.000000 -0.806247 -0.149559 
395 54.192075 0.000000 -0.907812 108.131500 0.000000 -0.826990 -0.169311 
396 48.236361 0.000000 -0.907812 108.053699 0.000000 0.590872 -0.167595 
397 48.236361 0.000000 -2.908258 105.328458 0.000000 0.035747 -0.109409 
398 48.236361 0.000000 1.092635 104.103131 0.000000 -0.908239 -0.083829 
399 51.484932 0.000000 -1.908035 115.813654 0.000000 -1.149868 -0.341412 
400 50.402075 0.000000 -1.908035 109.904675 0.000000 0.182870 -0.207907 
401 51.484932 0.000000 -2.908258 111.403735 0.000000 -1.377713 -0.241269 
402 51.484932 0.000000 -0.907812 115.903565 0.000000 -0.766279 -0.343422 
403 53.109218 0.000000 -1.407923 115.568420 0.000000 -5.946326 -0.339142 
404 52.567790 0.000000 -1.407923 120.618798 0.000000 -4.039637 -0.456521 
405 53.109218 0.000000 -1.908035 116.008405 0.000000 -4.201508 -0.347560 
406 53.109218 0.000000 -0.907812 113.502257 0.000000 -2.218517 -0.288768 
407 51.484932 0.000000 0.092412 111.912104 0.000000 -0.919147 -0.252516 
408 50.402075 0.000000 0.092412 110.797329 0.000000 -0.770491 -0.227664 
409 51.484932 0.000000 1.092635 112.341907 0.000000 -1.436755 -0.262277 
410 52.026361 0.000000 -1.407923 129.835062 0.000000 -3.074995 -0.686660 
411 51.484932 0.000000 -1.407923 116.562965 0.000000 -1.020958 -0.358797 
412 52.026361 0.000000 -1.908035 118.701958 0.000000 -1.660022 -0.409291 
413 52.026361 0.000000 -0.907812 117.042270 0.000000 -1.311627 -0.370061 
414 48.236361 0.000000 -4.908704 98.814516 0.000000 -1.933062 0.023195 
415 46.070647 0.000000 -4.908704 97.137038 0.000000 -1.511873 0.056211 
416 48.236361 0.000000 -6.909151 98.530676 0.000000 -1.974700 0.028781 
417 49.319218 0.000000 -1.908035 109.345612 0.000000 1.125398 -0.195773 
418 48.236361 0.000000 -1.908035 107.465262 0.000000 0.891463 -0.154958 
419 49.319218 0.000000 -2.908258 108.359396 0.000000 -0.133255 -0.174178 
420 49.319218 0.000000 -0.907812 110.536695 0.000000 0.557595 -0.221867 
421 46.070647 0.000000 9.094420 99.927324 0.000000 2.062828 0.001027 
422 41.739219 0.000000 9.094420 85.450893 0.000000 1.181988 0.269675 
423 46.070647 0.000000 13.095313 100.145104 0.000000 5.143825 -0.005550 
424 48.236361 0.000000 3.093081 98.792775 0.000000 -1.951135 0.023618 
425 46.070647 0.000000 3.093081 97.217376 0.000000 -1.556495 0.054636 
426 48.236361 0.000000 5.093528 98.982145 0.000000 -2.229865 0.019756 
427 49.319218 0.000000 0.092412 108.890213 0.000000 -0.171557 -0.185711 
428 48.236361 0.000000 0.092412 106.978377 0.000000 -0.070104 -0.144438 
429 49.319218 0.000000 1.092635 107.968957 0.000000 -0.877481 -0.165807 
430 49.860647 0.000000 -1.407923 109.868528 0.000000 0.639600 -0.207150 
431 49.319218 0.000000 -1.407923 110.787690 0.000000 2.211186 -0.227880 
432 49.860647 0.000000 -1.908035 109.625733 0.000000 0.467692 -0.201802 
433 50.402075 0.000000 -1.407923 110.056469 0.000000 0.261575 -0.211249 
434 49.860647 0.000000 -0.907812 110.618952 0.000000 0.253993 -0.223662 
435 37.407790 0.000000 -6.909151 84.644147 0.000000 1.032077 0.283430 
436 37.407790 0.000000 -10.910044 82.103315 0.000000 0.568018 0.325872 
437 43.904933 0.000000 -4.908704 95.429981 0.000000 -1.212396 0.089165 
438 41.739219 0.000000 -4.908704 92.294317 0.000000 0.897187 0.148095 
439 43.904933 0.000000 -6.909151 95.618912 0.000000 -1.321475 0.085528 
440 44.987790 0.000000 -1.908035 96.692677 0.000000 0.592086 0.065018 
441 43.904933 0.000000 -1.908035 93.157437 0.000000 0.441190 0.132150 
442 44.987790 0.000000 -2.908258 96.788356 0.000000 0.230854 0.063196 
443 46.070647 0.000000 -1.908035 99.602276 0.000000 0.863920 0.007864 
444 44.987790 0.000000 -0.907812 96.336544 0.000000 0.320310 0.071917 
445 39.573505 0.000000 -0.907812 72.736431 0.000000 0.335676 0.470930 
446 37.407790 0.000000 -0.907812 55.014459 0.000000 0.181072 0.697338 
447 39.573505 0.000000 -2.908258 74.335497 0.000000 0.460561 0.447402 
448 39.573505 0.000000 1.092635 72.422306 0.000000 0.535264 0.475472 
449 42.822076 0.000000 -1.908035 88.250452 0.000000 0.214521 0.221181 
450 41.739219 0.000000 -1.908035 83.014145 0.000000 0.435405 0.310846 
451 42.822076 0.000000 -2.908258 88.537509 0.000000 0.001454 0.216111 
452 42.822076 0.000000 -0.907812 86.017261 0.000000 0.055113 0.260103 
453 39.573505 0.000000 -4.908704 87.446315 0.000000 1.395213 0.235120 
454 37.407790 0.000000 -4.908704 84.479091 0.000000 1.004864 0.286227 
455 39.573505 0.000000 -6.909151 86.482875 0.000000 1.341464 0.251891 
456 40.656362 0.000000 -1.908035 78.606710 0.000000 0.479427 0.382076 
457 39.573505 0.000000 -1.908035 80.676911 0.000000 0.455344 0.349103 
458 40.656362 0.000000 -2.908258 80.146331 0.000000 0.580346 0.357623 
459 40.656362 0.000000 -0.907812 73.880306 0.000000 0.186310 0.454167 
460 43.904933 0.000000 3.093081 95.617476 0.000000 -1.268641 0.085569 
461 41.739219 0.000000 3.093081 90.318817 0.000000 1.358108 0.184067 
462 43.904933 0.000000 5.093528 95.397122 0.000000 0.168225 0.089936 
463 42.822076 0.000000 0.092412 87.460764 0.000000 -0.141329 0.235059 
464 41.739219 0.000000 0.092412 82.120669 0.000000 0.168179 0.325617 
465 43.904933 0.000000 0.092412 93.243123 0.000000 -0.185222 0.130569 
466 42.822076 0.000000 1.092635 87.984258 0.000000 -0.415786 0.225860 
467 42.280647 0.000000 -1.407923 84.174747 0.000000 0.193877 0.291457 
468 41.739219 0.000000 -1.407923 82.603605 0.000000 0.371521 0.317651 
469 42.280647 0.000000 -1.908035 85.346110 0.000000 0.255230 0.271598 
470 42.822076 0.000000 -1.407923 87.681935 0.000000 0.174644 0.231185 
471 42.280647 0.000000 -0.907812 83.616176 0.000000 0.138611 0.300832 
472 35.242076 0.000000 -0.907812 75.404916 0.000000 0.093066 0.431409 
473 35.242076 0.000000 -2.908258 77.864030 0.000000 0.203034 0.393715 
474 35.242076 0.000000 1.092635 77.795009 0.000000 0.207257 0.394789 
475 38.490647 0.000000 -1.908035 70.853352 0.000000 0.333547 0.497969 
476 37.407790 0.000000 -1.908035 59.313968 0.000000 0.330886 0.648174 
477 38.490647 0.000000 -2.908258 71.483700 0.000000 0.401108 0.488992 
478 38.490647 0.000000 -0.907812 66.709526 0.000000 0.245281 0.554978 
479 37.407790 0.000000 9.094420 82.120267 0.000000 0.569559 0.325594 
480 33.076362 0.000000 9.094420 79.606888 0.000000 0.423640 0.366256 
481 37.407790 0.000000 13.095313 99.258386 0.000000 4.451216 0.012796 
482 39.573505 0.000000 3.093081 87.640178 0.000000 1.419994 0.231718 
483 37.407790 0.000000 3.093081 84.579421 0.000000 1.021465 0.284528 
484 39.573505 0.000000 5.093528 86.645579 0.000000 1.366093 0.249068 
485 38.490647 0.000000 0.092412 65.309999 0.000000 0.313801 0.573451 
486 37.407790 0.000000 0.092412 61.718194 0.000000 0.330519 0.619076 
487 39.573505 0.000000 0.092412 69.124168 0.000000 0.361123 0.522172 
488 38.490647 0.000000 1.092635 67.506549 0.000000 0.427974 0.544268 
489 39.032076 0.000000 -1.407923 70.372378 0.000000 0.296828 0.504764 
490 38.490647 0.000000 -1.407923 69.931169 0.000000 0.317472 0.510953 
491 39.032076 0.000000 -1.908035 73.817290 0.000000 0.378036 0.455086 
492 39.573505 0.000000 -1.407923 77.097273 0.000000 0.406133 0.405585 
493 39.032076 0.000000 -0.907812 67.868115 0.000000 0.254054 0.539385 
494 35.242076 0.000000 -4.908704 83.256188 0.000000 0.725842 0.306788 
495 33.076362 0.000000 -4.908704 82.195333 0.000000 0.545639 0.324363 
496 35.242076 0.000000 -6.909151 83.319087 0.000000 0.739297 0.305738 
497 36.324933 0.000000 -1.908035 68.194724 0.000000 0.293236 0.534939 
498 35.242076 0.000000 -1.908035 84.631359 0.000000 0.361041 0.283740 
499 36.324933 0.000000 -2.908258 69.736496 0.000000 0.322395 0.513672 
500 36.324933 0.000000 -0.907812 63.639770 0.000000 0.217407 0.594993 
501 35.242076 0.000000 3.093081 83.292377 0.000000 0.733531 0.306184 
502 33.076362 0.000000 3.093081 82.184297 0.000000 0.547953 0.324544 
503 35.242076 0.000000 5.093528 83.363694 0.000000 0.747719 0.304994 
504 36.324933 0.000000 0.092412 68.650159 0.000000 0.229585 0.528710 
505 35.242076 0.000000 0.092412 77.784625 0.000000 0.148089 0.394953 
506 36.324933 0.000000 1.092635 67.670497 0.000000 0.365407 0.542057 
507 36.866362 0.000000 -1.407923 56.398026 0.000000 0.253057 0.681920 
508 36.324933 0.000000 -1.407923 67.227030 0.000000 0.270963 0.548045 
509 36.866362 0.000000 -1.908035 52.451471 0.000000 0.327884 0.724874 
510 37.407790 0.000000 -1.407923 57.553263 0.000000 0.262615 0.668755 
511 36.866362 0.000000 -0.907812 57.716320 0.000000 0.181823 0.666879 
512 34.159219 0.000000 -1.908035 85.669496 0.000000 0.138960 0.266072 
513 33.076362 0.000000 -1.908035 92.655105 0.000000 0.095369 0.141502 
514 34.159219 0.000000 -2.908258 89.520616 0.000000 0.249505 0.198600 
515 34.159219 0.000000 -0.907812 89.394510 0.000000 0.058157 0.200862 
516 35.783505 0.000000 -1.407923 76.272520 0.000000 0.205491 0.418246 
517 35.242076 0.000000 -1.407923 82.333306 0.000000 0.291027 0.322114 
518 35.783505 0.000000 -1.908035 81.339951 0.000000 0.352695 0.338369 
519 35.783505 0.000000 -0.907812 72.404480 0.000000 0.126966 0.475758 
520 34.159219 0.000000 0.092412 87.698453 0.000000 0.158841 0.230896 
521 33.076362 0.000000 0.092412 92.624399 0.000000 0.098634 0.142071 
522 34.159219 0.000000 1.092635 89.431816 0.000000 0.258560 0.200188 
523 34.700648 0.000000 -1.407923 81.856674 0.000000 0.115891 0.329947 
524 34.159219 0.000000 -1.407923 87.355713 0.000000 0.101378 0.236897 
525 34.700648 0.000000 -1.908035 82.136375 0.000000 0.141274 0.325360 
526 34.700648 0.000000 -0.907812 82.353619 0.000000 0.109253 0.321787 
527 30.910648 0.000000 -4.908704 81.477333 0.000000 0.459222 0.336123 
528 28.744934 0.000000 -4.908704 80.694475 0.000000 0.426732 0.348822 
529 30.910648 0.000000 -6.909151 81.425610 0.000000 0.460032 0.336966 
530 34.159219 0.000000 -3.908481 87.020376 0.000000 0.419970 0.242728 
531 33.076362 0.000000 -3.908481 85.003484 0.000000 0.391079 0.277425 
532 34.159219 0.000000 -4.908704 83.291700 0.000000 0.721855 0.306197 
533 35.242076 0.000000 -3.908481 83.233223 0.000000 0.720364 0.307171 
534 34.700648 0.000000 -2.408146 81.238050 0.000000 0.161901 0.340035 
535 34.159219 0.000000 -2.408146 90.424433 0.000000 0.193683 0.182338 
536 34.700648 0.000000 -2.908258 81.776924 0.000000 0.213984 0.331249 
537 35.242076 0.000000 -2.408146 76.388775 0.000000 0.170353 0.416473 
538 34.971362 0.000000 -1.657979 89.023137 0.000000 0.306184 0.207479 
539 34.700648 0.000000 -1.657979 81.260916 0.000000 0.124243 0.339665 
540 34.971362 0.000000 -1.908035 83.315511 0.000000 0.281838 0.305845 
541 35.242076 0.000000 -1.657979 86.090831 0.000000 0.402857 0.258821 
542 34.971362 0.000000 -1.407923 80.082942 0.000000 0.126154 0.358671 
543 36.324933 0.000000 -3.908481 71.205113 0.000000 0.622008 0.492944 
544 36.324933 0.000000 -4.908704 84.445901 0.000000 0.986642 0.286792 
545 37.407790 0.000000 -3.908481 68.400857 0.000000 0.540240 0.532103 
546 35.783505 0.000000 -2.408146 76.243916 0.000000 0.265132 0.418680 
547 35.783505 0.000000 -2.908258 73.277429 0.000000 0.291943 0.463033 
548 36.324933 0.000000 -2.408146 63.107648 0.000000 0.282227 0.601735 
549 34.971362 0.000000 -2.158091 79.019382 0.000000 0.147168 0.375592 
550 34.700648 0.000000 -2.158091 81.649740 0.000000 0.151643 0.333330 
551 34.971362 0.000000 -2.408146 78.723721 0.000000 0.155466 0.380255 
552 35.242076 0.000000 -2.158091 82.352820 0.000000 0.295857 0.321793 
553 35.512790 0.000000 -1.657979 85.259887 0.000000 0.423207 0.273057 
554 35.512790 0.000000 -1.908035 83.777839 0.000000 0.386840 0.298112 
555 35.783505 0.000000 -1.657979 81.760268 0.000000 0.354703 0.331513 
556 35.512790 0.000000 -1.407923 80.297978 0.000000 0.289049 0.355215 
557 35.106719 0.000000 -1.783007 90.494828 0.000000 0.331817 0.181058 
558 34.971362 0.000000 -1.783007 89.065151 0.000000 0.309083 0.206730 
559 35.106719 0.000000 -1.908035 83.796516 0.000000 0.317287 0.297804 
560 35.242076 0.000000 -1.783007 86.138806 0.000000 0.407020 0.257994 
561 35.106719 0.000000 -1.657979 90.407841 0.000000 0.329972 0.182631 
562 69.893503 0.000000 -0.907812 99.671224 0.000000 0.000000 0.006565 
563 69.893503 0.000000 -2.908258 99.672460 0.000000 0.000000 0.006540 
564 69.893503 0.000000 1.092635 99.672455 0.000000 0.000000 0.006540 
565 69.893503 0.000000 -4.908704 98.267510 0.000000 2.121403 0.033900 
566 67.727789 0.000000 -4.908704 98.293988 0.000000 2.127306 0.033377 
567 69.893503 0.000000 -6.909151 98.336001 0.000000 2.801888 0.032218 
568 72.059217 0.000000 -4.908704 98.181090 0.000000 2.014729 0.035641 
569 68.810646 0.000000 -1.908035 99.671918 0.000000 0.000000 0.006551 
570 67.727789 0.000000 -1.908035 99.687197 0.000000 0.000000 0.006246 
571 68.810646 0.000000 -2.908258 99.674134 0.000000 0.000000 0.006507 
572 69.893503 0.000000 -1.908035 99.669757 0.000000 0.000000 0.006594 
573 68.810646 0.000000 -0.907812 99.672952 0.000000 0.000000 0.006530 
574 78.556360 0.000000 -4.908704 97.250671 0.000000 1.127540 0.054104 
575 76.390646 0.000000 -4.908704 97.676997 0.000000 1.665668 0.045643 
576 78.556360 0.000000 -6.909151 97.867195 0.000000 1.788790 0.041881 
577 79.639217 0.000000 -1.908035 99.912231 0.000000 0.000000 0.001755 
578 78.556360 0.000000 -1.908035 99.868830 0.000000 0.000000 0.002622 
579 79.639217 0.000000 -2.908258 95.991930 0.000000 0.112821 0.078554 
580 79.639217 0.000000 -0.907812 99.913755 0.000000 0.000000 0.001724 
581 80.722074 0.000000 9.094420 101.317600 0.000000 3.441110 -0.027710 
582 76.390646 0.000000 9.094420 101.240434 0.000000 3.824509 -0.026425 
583 85.053502 0.000000 9.094420 100.994456 0.000000 2.889767 -0.020823 
584 80.722074 0.000000 13.095313 100.890629 0.000000 3.768702 -0.019312 
585 82.887788 0.000000 3.093081 102.656252 0.000000 0.069653 -0.053831 
586 80.722074 0.000000 3.093081 102.930312 0.000000 0.996652 -0.059564 
587 85.053502 0.000000 3.093081 99.703148 0.000000 -4.765733 0.003657 
588 82.887788 0.000000 5.093528 101.952142 0.000000 1.619896 -0.039686 
589 81.804931 0.000000 0.092412 99.763836 0.000000 -4.768634 0.002444 
590 80.722074 0.000000 0.092412 99.855412 0.000000 -1.924787 0.002519 
591 82.887788 0.000000 0.092412 99.781005 0.000000 -4.769454 0.002100 
592 81.804931 0.000000 1.092635 99.743026 0.000000 -4.767639 0.002860 
593 81.263502 0.000000 -1.407923 99.923920 0.000000 -0.992306 0.001423 
594 80.722074 0.000000 -1.407923 99.925042 0.000000 -0.746589 0.001443 
595 81.263502 0.000000 -1.908035 99.862278 0.000000 -2.179260 0.002278 
596 81.804931 0.000000 -1.407923 99.877995 0.000000 -2.032004 0.002026 
597 81.263502 0.000000 -0.907812 99.937203 0.000000 -0.725299 0.001203 
598 98.047787 0.000000 -6.909151 106.693214 0.000000 2.325681 -0.138885 
599 98.047787 0.000000 -10.910044 102.627886 0.000000 4.225813 -0.055034 
600 102.379216 0.000000 -6.909151 103.862672 0.000000 10.161069 -0.089070 
601 95.882073 0.000000 -0.907812 95.786669 0.000000 -13.889533 0.063199 
602 93.716359 0.000000 -0.907812 96.396004 0.000000 -12.975028 0.053946 
603 95.882073 0.000000 -2.908258 95.669640 0.000000 -14.042238 0.065014 
604 98.047787 0.000000 -0.907812 95.249114 0.000000 -14.652654 0.071291 
605 95.882073 0.000000 1.092635 96.542724 0.000000 -12.994777 0.051064 
606 91.550645 0.000000 -0.907812 97.087318 0.000000 -11.884335 0.043282 
607 89.384931 0.000000 -0.907812 97.875262 0.000000 -10.674820 0.030648 
608 91.550645 0.000000 -2.908258 97.044880 0.000000 -11.953213 0.043941 
609 91.550645 0.000000 1.092635 97.303026 0.000000 -11.646210 0.039649 
610 95.882073 0.000000 -4.908704 95.798832 0.000000 -13.970612 0.062741 
611 93.716359 0.000000 -4.908704 96.466595 0.000000 -12.984530 0.052560 
612 95.882073 0.000000 -6.909151 104.814951 0.000000 -0.309751 -0.098627 
613 98.047787 0.000000 -4.908704 95.268882 0.000000 -14.655695 0.070905 
614 94.799216 0.000000 -1.908035 96.000919 0.000000 -13.588056 0.059919 
615 93.716359 0.000000 -1.908035 96.455256 0.000000 -12.983004 0.052783 
616 94.799216 0.000000 -2.908258 95.965227 0.000000 -13.632143 0.060484 
617 95.882073 0.000000 -1.908035 95.694013 0.000000 -14.007195 0.064645 
618 94.799216 0.000000 -0.907812 96.096673 0.000000 -13.452910 0.058445 
619 91.550645 0.000000 -4.908704 97.093916 0.000000 -12.014921 0.042841 
620 89.384931 0.000000 -4.908704 98.173246 0.000000 -10.199942 0.025797 
621 91.550645 0.000000 -6.909151 101.611706 0.000000 -1.711702 -0.032787 
622 94.799216 0.000000 -3.908481 95.982811 0.000000 -13.643129 0.060116 
623 93.716359 0.000000 -3.908481 96.404306 0.000000 -12.976146 0.053783 
624 94.799216 0.000000 -4.908704 96.464629 0.000000 -12.984265 0.052598 
625 95.882073 0.000000 -3.908481 95.718624 0.000000 -14.008640 0.064170 
626 137.030642 0.000000 21.097099 99.906880 0.000000 4.240462 0.000063 
627 154.356356 0.000000 21.097099 99.891798 0.000000 4.514770 0.000125 
628 137.030642 0.000000 37.100670 100.007148 0.000000 3.243388 -0.001195 
629 111.042072 0.000000 13.095313 99.573205 0.000000 5.648406 0.005327 
630 119.704929 0.000000 13.095313 99.652558 0.000000 6.137195 0.003170 
631 111.042072 0.000000 21.097099 99.891730 0.000000 3.787256 0.000730 
632 106.710644 0.000000 1.092635 97.786610 0.000000 15.703376 0.019118 
633 106.710644 0.000000 -2.908258 99.071763 0.000000 14.471663 -0.002464 
634 111.042072 0.000000 1.092635 98.657249 0.000000 15.426707 0.002876 
635 106.710644 0.000000 5.093528 98.232665 0.000000 11.392357 0.022056 
636 100.213501 0.000000 -0.907812 82.736469 0.000000 12.786067 0.299119 
637 100.213501 0.000000 -2.908258 94.814412 0.000000 -15.602321 0.076679 
638 102.379216 0.000000 -0.907812 93.249333 0.000000 18.142500 0.097541 
639 100.213501 0.000000 1.092635 90.945208 0.000000 11.335811 0.160047 
640 96.964930 0.000000 -1.908035 95.475592 0.000000 -14.334796 0.067893 
641 96.964930 0.000000 -2.908258 95.423583 0.000000 -14.430228 0.068611 
642 98.047787 0.000000 -1.908035 95.239031 0.000000 -14.651103 0.071487 
643 96.964930 0.000000 -0.907812 95.556373 0.000000 -14.227770 0.066655 
644 95.340645 0.000000 -2.408146 95.870460 0.000000 -13.817561 0.061793 
645 94.799216 0.000000 -2.408146 95.986890 0.000000 -13.606895 0.060137 
646 95.340645 0.000000 -2.908258 95.814397 0.000000 -13.857948 0.062756 
647 95.882073 0.000000 -2.408146 95.743949 0.000000 -13.986326 0.063748 
648 95.340645 0.000000 -1.908035 95.843894 0.000000 -13.787715 0.062385 
649 128.367786 0.000000 -2.908258 99.435000 0.000000 11.423908 -0.001782 
650 128.367786 0.000000 -10.910044 99.789161 0.000000 6.606208 -0.000152 
651 137.030642 0.000000 -2.908258 99.464471 0.000000 10.837176 -0.001063 
652 128.367786 0.000000 5.093528 99.162644 0.000000 13.339455 -0.001117 
653 -365.415047 0.000000 -378.992184 99.936364 0.000000 3.490724 0.000054 
654 -504.020754 0.000000 -378.992184 99.937497 0.000000 3.490801 0.000031 
655 -365.415047 0.000000 -507.020754 99.936744 0.000000 3.490099 0.000047 
656 466.219197 0.000000 -378.992184 99.936688 0.000000 3.472315 0.000060 
657 466.219197 0.000000 -507.020754 99.936893 0.000000 3.480054 0.000051 
658 604.824905 0.000000 -378.992184 99.937920 0.000000 3.472579 0.000035 
659 -157.506486 0.000000 -186.949328 99.928653 0.000000 3.493260 0.000206 
660 -226.809339 0.000000 -186.949328 99.932972 0.000000 3.493434 0.000120 
661 -157.506486 0.000000 -250.963613 99.929990 0.000000 3.490760 0.000181 
662 258.310636 0.000000 -186.949328 99.929249 0.000000 3.425878 0.000241 
663 258.310636 0.000000 -250.963613 99.930224 0.000000 3.452465 0.000203 
664 327.613490 0.000000 -186.949328 99.934122 0.000000 3.426589 0.000143 
665 -53.552205 0.000000 -90.927900 99.900473 0.000000 3.516655 0.000753 
666 -88.203632 0.000000 -90.927900 99.918744 0.000000 3.504221 0.000397 
667 -53.552205 0.000000 -122.935043 99.907306 0.000000 3.496873 0.000630 
668 154.356356 0.000000 -90.927900 99.901016 0.000000 3.324027 0.000874 
669 154.356356 0.000000 -122.935043 99.902166 0.000000 3.367757 0.000822 
670 189.007783 0.000000 -90.927900 99.915332 0.000000 3.315665 0.000593 
671 -1.575065 0.000000 -42.917186 99.847445 0.000000 3.551077 0.001788 
672 -18.900778 0.000000 -42.917186 99.872764 0.000000 3.559965 0.001276 
673 -1.575065 0.000000 -58.920758 99.848553 0.000000 3.540760 0.001773 
674 7.087792 0.000000 -18.911829 99.771587 0.000000 3.374967 0.003424 
675 -1.575065 0.000000 -18.911829 99.769421 0.000000 3.506108 0.003377 
676 7.087792 0.000000 -26.913615 99.834184 0.000000 3.493081 0.002093 
677 7.087792 0.000000 13.095313 100.166160 0.000000 3.264603 -0.004392 
678 -1.575065 0.000000 13.095313 100.161346 0.000000 3.505971 -0.004459 
679 7.087792 0.000000 21.097099 100.060596 0.000000 3.474731 -0.002420 
680 28.744934 0.000000 9.094420 99.057372 0.000000 3.117172 0.017792 
681 24.413505 0.000000 9.094420 99.393362 0.000000 2.704435 0.011365 
682 28.744934 0.000000 13.095313 99.371704 0.000000 3.503599 0.011299 
683 30.910648 0.000000 3.093081 81.449061 0.000000 0.459658 0.336584 
684 28.744934 0.000000 3.093081 80.660722 0.000000 0.426740 0.349367 
685 30.910648 0.000000 5.093528 80.567765 0.000000 0.426762 0.350865 
686 26.579219 0.000000 3.093081 85.220885 0.000000 0.430406 0.273722 
687 24.413505 0.000000 3.093081 99.239389 0.000000 1.345393 0.014973 
688 26.579219 0.000000 5.093528 93.949227 0.000000 0.405976 0.117338 
689 26.579219 0.000000 -4.908704 85.238216 0.000000 0.430391 0.273426 
690 24.413505 0.000000 -4.908704 100.326463 0.000000 1.113509 -0.006664 
691 26.579219 0.000000 -6.909151 92.539151 0.000000 0.439065 0.143631 
692 44.987790 0.000000 0.092412 96.779539 0.000000 -0.040445 0.063372 
693 46.070647 0.000000 0.092412 99.383236 0.000000 -0.089262 0.012296 
694 44.987790 0.000000 1.092635 96.102287 0.000000 -0.546554 0.076405 
695 63.396360 0.000000 9.094420 101.245709 0.000000 4.161537 -0.026801 
696 67.727789 0.000000 9.094420 101.105260 0.000000 4.099176 -0.023908 
697 63.396360 0.000000 13.095313 101.099061 0.000000 4.207169 -0.023872 
698 56.899218 0.000000 3.093081 110.726865 0.000000 -5.478118 -0.229045 
699 59.064932 0.000000 3.093081 112.959416 0.000000 -7.468416 -0.281561 
700 56.899218 0.000000 5.093528 111.904131 0.000000 -6.025553 -0.255884 
701 137.030642 0.000000 -42.917186 99.894645 0.000000 3.408050 0.000945 
702 137.030642 0.000000 -58.920758 99.889913 0.000000 3.301798 0.001110 
703 154.356356 0.000000 -42.917186 99.897060 0.000000 3.399095 0.000902 
704 111.042072 0.000000 -18.911829 100.179638 0.000000 4.736175 -0.005839 
705 111.042072 0.000000 -26.913615 100.052760 0.000000 3.861224 -0.002546 
706 119.704929 0.000000 -18.911829 99.979422 0.000000 4.805970 -0.001898 
707 61.230646 0.000000 -0.907812 101.221932 0.000000 -0.728352 -0.024641 
708 61.230646 0.000000 -2.908258 102.468366 0.000000 -1.466583 -0.050192 
709 61.230646 0.000000 1.092635 103.031753 0.000000 -1.837281 -0.061892 
710 61.230646 0.000000 3.093081 113.441609 0.000000 -9.149744 -0.295272 
711 63.396360 0.000000 3.093081 114.337318 0.000000 -11.206994 -0.319862 
712 61.230646 0.000000 5.093528 113.502101 0.000000 -9.072901 -0.296504 
713 65.562075 0.000000 -4.908704 100.044782 0.000000 -16.279206 -0.027397 
714 63.396360 0.000000 -4.908704 114.260914 0.000000 -11.240340 -0.318190 
715 65.562075 0.000000 -6.909151 98.267621 0.000000 2.937855 0.033484 
716 61.230646 0.000000 -4.908704 113.366297 0.000000 -9.210887 -0.293676 
717 61.230646 0.000000 -6.909151 113.410245 0.000000 -9.147782 -0.294557 
718 72.059217 0.000000 9.094420 101.074730 0.000000 4.078482 -0.023274 
719 72.059217 0.000000 13.095313 100.957201 0.000000 4.078076 -0.020899 
720 74.224931 0.000000 -4.908704 97.978899 0.000000 1.969900 0.039625 
721 74.224931 0.000000 -6.909151 98.181627 0.000000 2.585661 0.035368 
722 78.556360 0.000000 3.093081 102.486751 0.000000 1.913116 -0.050719 
723 76.390646 0.000000 3.093081 101.913048 0.000000 2.390641 -0.039198 
724 78.556360 0.000000 5.093528 101.936896 0.000000 2.737946 -0.039863 
725 79.639217 0.000000 0.092412 99.911233 0.000000 0.000000 0.001775 
726 78.556360 0.000000 0.092412 99.868766 0.000000 0.000000 0.002623 
727 79.639217 0.000000 1.092635 103.762280 0.000000 0.573412 -0.076694 
728 89.384931 0.000000 9.094420 100.177508 0.000000 2.761553 -0.004316 
729 93.716359 0.000000 9.094420 99.234886 0.000000 3.560427 0.013976 
730 89.384931 0.000000 13.095313 100.423330 0.000000 3.282297 -0.009562 
731 98.047787 0.000000 9.094420 98.641980 0.000000 5.039693 0.024436 
732 102.379216 0.000000 9.094420 98.669412 0.000000 6.489739 0.022223 
733 98.047787 0.000000 13.095313 99.597713 0.000000 4.150682 0.006307 
734 87.219216 0.000000 -0.907812 98.632492 0.000000 -8.500611 0.019937 
735 87.219216 0.000000 -2.908258 98.639066 0.000000 -8.457894 0.019880 
736 87.219216 0.000000 1.092635 98.681149 0.000000 -8.361497 0.019212 
737 87.219216 0.000000 3.093081 98.221905 0.000000 -10.204997 0.024832 
738 89.384931 0.000000 3.093081 98.214571 0.000000 -10.204235 0.024977 
739 87.219216 0.000000 5.093528 100.603609 0.000000 0.842817 -0.012180 
740 87.219216 0.000000 -4.908704 98.172710 0.000000 -10.199886 0.025808 
741 87.219216 0.000000 -6.909151 99.365080 0.000000 -0.967175 0.012565 
742 128.367786 0.000000 -18.911829 99.891420 0.000000 4.751265 -0.000087 
743 128.367786 0.000000 -26.913615 99.915190 0.000000 3.952282 0.000133 
744 137.030642 0.000000 -18.911829 99.849717 0.000000 4.676145 0.000817 
745 106.710644 0.000000 -6.909151 100.592095 0.000000 10.230957 -0.022344 
746 106.710644 0.000000 -10.910044 100.783994 0.000000 7.137988 -0.020836 
747 111.042072 0.000000 -6.909151 99.894577 0.000000 9.548266 -0.007010 
748 55.816361 0.000000 0.092412 105.174384 0.000000 -1.092149 -0.106284 
749 56.899218 0.000000 0.092412 104.375986 0.000000 -1.130223 -0.089562 
750 55.816361 0.000000 1.092635 106.291074 0.000000 -1.631934 -0.130046 
751 47.153504 0.000000 -1.908035 103.324372 0.000000 1.063919 -0.067706 
752 47.153504 0.000000 -2.908258 103.502286 0.000000 0.523795 -0.071300 
753 47.153504 0.000000 -0.907812 104.252455 0.000000 0.595614 -0.086893 
754 47.153504 0.000000 0.092412 103.108278 0.000000 0.016808 -0.063132 
755 47.153504 0.000000 1.092635 103.706049 0.000000 -0.793487 -0.075557 
756 50.943504 0.000000 -1.407923 108.451714 0.000000 0.632524 -0.176217 
757 50.943504 0.000000 -1.908035 110.427488 0.000000 0.105628 -0.219424 
758 50.943504 0.000000 -0.907812 112.667693 0.000000 -0.230459 -0.269406 
759 40.656362 0.000000 0.092412 76.360503 0.000000 0.438814 0.416888 
760 40.656362 0.000000 1.092635 77.876194 0.000000 0.544147 0.393500 
761 38.490647 0.000000 -3.908481 73.530512 0.000000 0.840488 0.459256 
762 38.490647 0.000000 -4.908704 86.034340 0.000000 1.264253 0.259649 
763 39.573505 0.000000 -3.908481 79.970663 0.000000 0.821204 0.360402 
764 37.949219 0.000000 -1.407923 67.788893 0.000000 0.293601 0.540458 
765 37.949219 0.000000 -1.908035 70.684310 0.000000 0.334357 0.500362 
766 37.949219 0.000000 -0.907812 63.356377 0.000000 0.248683 0.598591 
767 36.866362 0.000000 -2.408146 55.084562 0.000000 0.339871 0.696558 
768 36.866362 0.000000 -2.908258 63.435398 0.000000 0.352651 0.597583 
769 37.407790 0.000000 -2.408146 60.419783 0.000000 0.395435 0.634929 
770 35.512790 0.000000 -2.158091 81.185692 0.000000 0.350243 0.340876 
771 35.512790 0.000000 -2.408146 75.594112 0.000000 0.242701 0.428547 
772 35.783505 0.000000 -2.158091 76.963462 0.000000 0.268537 0.407655 
773 100.213501 0.000000 -4.908704 115.074071 0.000000 9.755137 -0.333720 
774 100.213501 0.000000 -6.909151 106.738330 0.000000 7.088972 -0.144332 
775 102.379216 0.000000 -4.908704 104.349060 0.000000 15.198891 -0.111973 
776 96.964930 0.000000 -3.908481 95.477057 0.000000 -14.341020 0.067847 
777 96.964930 0.000000 -4.908704 95.269523 0.000000 -14.655794 0.070893 
778 98.047787 0.000000 -3.908481 95.227095 0.000000 -14.649267 0.071720 
779 128.367786 0.000000 13.095313 99.682704 0.000000 6.501636 0.002109 
780 137.030642 0.000000 13.095313 99.676069 0.000000 6.878992 0.001736 
781 128.367786 0.000000 21.097099 99.894421 0.000000 4.131203 0.000404 
782 106.710644 0.000000 9.094420 98.987989 0.000000 7.438496 0.014605 
783 111.042072 0.000000 9.094420 99.246793 0.000000 7.979152 0.008641 
784 106.710644 0.000000 13.095313 99.501405 0.000000 5.291013 0.007148 
785 20.082077 0.000000 9.094420 99.713093 0.000000 2.618414 0.005044 
786 15.750649 0.000000 9.094420 99.995198 0.000000 2.745123 -0.000658 
787 20.082077 0.000000 13.095313 99.758588 0.000000 3.080343 0.003874 
788 22.247791 0.000000 3.093081 99.483552 0.000000 1.333618 0.010124 
789 20.082077 0.000000 3.093081 99.691033 0.000000 1.324011 0.005994 
790 22.247791 0.000000 5.093528 99.500819 0.000000 1.872249 0.009608 
791 22.247791 0.000000 -4.908704 100.169220 0.000000 1.172188 -0.003525 
792 20.082077 0.000000 -4.908704 100.021043 0.000000 1.200934 -0.000565 
793 22.247791 0.000000 -6.909151 100.203222 0.000000 1.689421 -0.004354 
794 65.562075 0.000000 3.093081 100.046973 0.000000 -16.277799 -0.027436 
795 67.727789 0.000000 3.093081 101.116504 0.000000 2.608926 -0.023135 
796 65.562075 0.000000 5.093528 101.217213 0.000000 3.434706 -0.025672 
797 74.224931 0.000000 3.093081 101.501701 0.000000 2.624163 -0.030948 
798 72.059217 0.000000 3.093081 101.233084 0.000000 2.599697 -0.025490 
799 74.224931 0.000000 5.093528 101.370249 0.000000 3.365113 -0.028725 
800 69.893503 0.000000 3.093081 101.131876 0.000000 2.646417 -0.023466 
801 69.893503 0.000000 5.093528 101.125547 0.000000 3.419785 -0.023807 
802 91.550645 0.000000 3.093081 97.321525 0.000000 -0.114678 0.052851 
803 93.716359 0.000000 3.093081 95.767847 0.000000 1.501921 0.082626 
804 91.550645 0.000000 5.093528 98.403523 0.000000 1.668824 0.031396 
805 95.882073 0.000000 3.093081 94.593758 0.000000 3.914838 0.103670 
806 98.047787 0.000000 3.093081 94.028177 0.000000 6.921767 0.111079 
807 95.882073 0.000000 5.093528 96.605972 0.000000 4.514785 0.064690 
808 40.656362 0.000000 -3.908481 81.246799 0.000000 0.766816 0.339837 
809 40.656362 0.000000 -4.908704 89.582186 0.000000 1.295154 0.197335 
810 41.739219 0.000000 -3.908481 83.497389 0.000000 0.562858 0.302787 
811 37.949219 0.000000 -2.408146 67.314821 0.000000 0.345601 0.546860 
812 37.949219 0.000000 -2.908258 67.518954 0.000000 0.397123 0.544103 
813 38.490647 0.000000 -2.408146 70.787615 0.000000 0.361023 0.498898 
814 39.032076 0.000000 -2.408146 73.422175 0.000000 0.403088 0.460902 
815 39.032076 0.000000 -2.908258 72.571162 0.000000 0.452983 0.473322 
816 39.573505 0.000000 -2.408146 76.025436 0.000000 0.470619 0.421991 
817 100.213501 0.000000 3.093081 94.499012 0.000000 10.033261 0.096927 
818 102.379216 0.000000 3.093081 95.803287 0.000000 12.269723 0.067118 
819 100.213501 0.000000 5.093528 96.438759 0.000000 8.367263 0.062955 
820 42.822076 0.000000 -3.908481 93.316164 0.000000 -0.695507 0.129161 
821 42.822076 0.000000 -4.908704 94.450020 0.000000 -0.411178 0.107902 
822 43.904933 0.000000 -3.908481 93.659126 0.000000 -0.677420 0.122751 
1 19 21 9 22 
2 20 19 22 4 
3 28 29 3 30 
4 21 28 30 9 
5 35 37 21 38 
6 36 35 38 19 
7 44 45 28 46 
8 37 44 46 21 
9 51 53 37 54 
10 52 51 54 35 
11 60 61 44 62 
12 53 60 62 37 
13 67 69 53 70 
14 68 67 70 51 
15 11 78 76 77 
16 78 10 24 76 
17 76 24 14 79 
18 77 76 79 6 
19 24 82 80 81 
20 82 23 40 80 
21 80 40 27 83 
22 81 80 83 14 
23 40 86 84 85 
24 86 39 56 84 
25 84 56 43 87 
26 85 84 87 27 
27 56 90 88 89 
28 89 88 91 43 
29 92 93 60 94 
30 69 92 94 53 
31 95 97 69 98 
32 96 95 98 67 
33 6 79 104 105 
34 79 14 36 104 
35 104 36 19 106 
36 105 104 106 20 
37 14 83 107 108 
38 83 27 52 107 
39 107 52 35 109 
40 108 107 109 36 
41 27 87 110 111 
42 87 43 68 110 
43 110 68 51 112 
44 111 110 112 52 
45 43 91 113 114 
46 113 96 67 115 
47 114 113 115 68 
48 88 118 116 117 
49 118 72 100 116 
50 116 100 59 119 
51 117 116 119 91 
52 120 122 95 123 
53 121 120 123 96 
54 100 126 124 125 
55 125 124 128 59 
56 12 131 129 130 
57 131 7 132 129 
58 129 132 13 25 
59 130 129 25 10 
60 25 135 133 134 
61 135 13 136 133 
62 133 136 26 41 
63 134 133 41 23 
64 41 139 137 138 
65 139 26 140 137 
66 137 140 42 57 
67 138 137 57 39 
68 57 143 141 142 
69 143 42 144 141 
70 141 144 58 73 
71 142 141 73 55 
72 55 147 145 146 
73 147 73 148 145 
74 145 148 71 101 
75 146 145 101 72 
76 72 151 149 150 
77 151 101 152 149 
78 150 149 126 100 
79 126 167 165 166 
80 167 99 168 165 
81 165 168 127 169 
82 166 165 169 124 
83 101 171 170 152 
84 171 71 172 170 
85 99 174 173 168 
86 174 162 175 173 
87 173 175 161 176 
88 168 173 176 127 
89 177 178 92 179 
90 97 177 179 69 
91 180 181 97 182 
92 122 180 182 95 
93 162 188 187 175 
94 188 102 189 187 
95 187 189 163 190 
96 175 187 190 161 
97 73 200 199 148 
98 200 58 201 199 
99 199 201 74 158 
100 148 199 158 71 
101 158 204 202 203 
102 204 74 205 202 
103 211 212 177 213 
104 181 211 213 97 
105 15 219 218 33 
106 219 17 220 218 
107 218 220 8 221 
108 33 218 221 18 
109 31 223 222 49 
110 223 33 224 222 
111 222 224 18 225 
112 49 222 225 34 
113 227 49 228 226 
114 226 228 34 229 
115 7 243 242 132 
116 243 16 244 242 
117 242 244 15 32 
118 132 242 32 13 
119 13 246 245 136 
120 246 32 247 245 
121 245 247 31 48 
122 136 245 48 26 
123 26 249 248 140 
124 249 48 250 248 
125 248 250 47 64 
126 140 248 64 42 
127 42 252 251 144 
128 252 64 253 251 
129 251 253 63 154 
130 144 251 154 58 
131 58 255 254 201 
132 255 154 256 254 
133 254 256 153 192 
134 201 254 192 74 
135 192 259 257 258 
136 259 153 260 257 
137 18 221 261 45 
138 221 8 262 261 
139 261 262 29 263 
140 45 261 263 28 
141 34 225 264 61 
142 225 18 265 264 
143 264 265 45 266 
144 61 264 266 44 
145 229 34 268 267 
146 267 268 61 269 
147 93 267 269 60 
148 270 271 93 272 
149 178 270 272 92 
150 273 274 178 275 
151 212 273 275 177 
152 239 282 280 281 
153 282 193 283 280 
154 280 283 240 284 
155 281 280 284 238 
156 154 286 285 256 
157 286 63 287 285 
158 285 287 155 235 
159 256 285 235 153 
160 153 289 288 260 
161 289 235 290 288 
162 277 301 299 300 
163 301 234 302 299 
164 299 302 278 303 
165 300 299 303 276 
166 235 305 304 290 
167 305 155 306 304 
168 234 308 307 302 
169 302 307 310 278 
170 311 312 270 313 
171 274 311 313 178 
172 319 236 320 318 
173 318 320 297 321 
174 64 323 322 253 
175 323 47 324 322 
176 322 324 65 231 
177 253 322 231 63 
178 63 326 325 287 
179 326 231 327 325 
180 325 327 230 292 
181 287 325 292 155 
182 155 329 328 306 
183 329 292 330 328 
184 304 333 331 332 
185 333 306 334 331 
186 331 334 236 319 
187 332 331 319 296 
188 296 337 335 336 
189 337 319 338 335 
190 335 338 318 339 
191 341 226 342 340 
192 340 342 229 343 
193 345 232 346 344 
194 344 346 50 347 
195 74 353 352 205 
196 353 192 258 352 
197 205 361 359 360 
198 361 352 362 359 
199 359 362 215 356 
200 360 359 356 159 
201 364 191 365 363 
202 363 365 216 366 
203 356 369 367 368 
204 369 215 370 367 
205 352 373 372 362 
206 373 258 374 372 
207 372 374 191 364 
208 362 372 364 215 
209 215 376 375 370 
210 376 364 377 375 
211 375 377 363 378 
212 370 375 378 357 
213 5 217 379 380 
214 217 194 381 379 
215 379 381 211 382 
216 380 379 382 181 
217 197 358 383 384 
218 358 214 385 383 
219 383 385 217 386 
220 384 383 386 5 
221 354 371 387 388 
222 371 357 389 387 
223 387 389 214 390 
224 388 387 390 358 
225 367 393 391 392 
226 393 370 394 391 
227 391 394 357 395 
228 392 391 395 371 
229 159 401 399 400 
230 401 356 368 399 
231 368 405 403 404 
232 405 367 392 403 
233 403 392 371 406 
234 404 403 406 354 
235 355 402 407 408 
236 402 354 388 407 
237 407 388 358 409 
238 408 407 409 197 
239 399 412 410 411 
240 412 368 404 410 
241 410 404 354 413 
242 411 410 413 402 
243 202 416 414 415 
244 416 205 360 414 
245 414 360 159 397 
246 415 414 397 196 
247 397 419 417 418 
248 419 159 400 417 
249 418 417 420 396 
250 160 198 421 422 
251 198 5 380 421 
252 421 380 181 423 
253 422 421 423 180 
254 195 398 424 425 
255 398 197 384 424 
256 424 384 5 426 
257 425 424 426 198 
258 396 420 427 428 
259 420 355 408 427 
260 427 408 197 429 
261 428 427 429 398 
262 417 432 430 431 
263 432 400 433 430 
264 430 433 355 434 
265 431 430 434 420 
266 71 436 435 172 
267 436 158 203 435 
268 203 439 437 438 
269 439 202 415 437 
270 437 415 196 208 
271 208 442 440 441 
272 442 196 443 440 
273 440 443 209 444 
274 441 440 444 206 
275 157 451 449 450 
276 451 208 441 449 
277 449 441 206 452 
278 435 455 453 454 
279 455 203 438 453 
280 447 458 456 457 
281 458 157 450 456 
282 456 450 207 459 
283 457 456 459 445 
284 185 210 460 461 
285 210 195 425 460 
286 460 425 198 462 
287 461 460 462 160 
288 207 452 463 464 
289 452 206 465 463 
290 463 465 210 466 
291 464 463 466 185 
292 450 469 467 468 
293 469 449 470 467 
294 467 470 452 471 
295 468 467 471 207 
296 75 186 479 480 
297 186 160 422 479 
298 479 422 180 481 
299 480 479 481 122 
300 183 448 482 483 
301 448 185 461 482 
302 482 461 160 484 
303 483 482 484 186 
304 446 478 485 486 
305 478 445 487 485 
306 485 487 448 488 
307 486 485 488 183 
308 475 491 489 490 
309 491 457 492 489 
310 489 492 445 493 
311 490 489 493 478 
312 172 496 494 495 
313 496 435 454 494 
314 163 474 501 502 
315 474 183 483 501 
316 501 483 186 503 
317 502 501 503 75 
318 472 500 504 505 
319 500 446 486 504 
320 504 486 183 506 
321 505 504 506 474 
322 497 509 507 508 
323 509 476 510 507 
324 507 510 446 511 
325 508 507 511 500 
326 102 514 512 513 
327 513 512 515 189 
328 518 497 508 516 
329 516 508 500 519 
330 517 516 519 472 
331 189 515 520 521 
332 515 472 505 520 
333 520 505 474 522 
334 521 520 522 163 
335 512 525 523 524 
336 523 517 472 526 
337 524 523 526 515 
338 170 529 527 528 
339 529 172 495 527 
340 527 495 102 188 
341 528 527 188 162 
342 495 532 530 531 
343 532 494 533 530 
344 530 533 473 514 
345 531 530 514 102 
346 514 536 534 535 
347 536 473 537 534 
348 535 534 525 512 
349 525 540 538 539 
350 538 541 517 542 
351 539 538 542 523 
352 494 544 543 533 
353 544 454 545 543 
354 543 545 184 499 
355 533 543 499 473 
356 473 547 546 537 
357 547 499 548 546 
358 546 548 497 518 
359 534 551 549 550 
360 551 537 552 549 
361 549 552 498 540 
362 550 549 540 525 
363 498 554 553 541 
364 554 518 555 553 
365 553 555 516 556 
366 541 553 556 517 
367 540 559 557 558 
368 559 498 560 557 
369 557 560 541 561 
370 558 557 561 538 
371 563 277 300 562 
372 562 300 276 564 
373 283 562 564 240 
374 260 567 565 566 
375 567 288 568 565 
376 565 568 277 563 
377 566 565 563 193 
378 193 571 569 570 
379 571 563 572 569 
380 569 572 562 573 
381 570 569 573 283 
382 290 576 574 575 
383 576 304 332 574 
384 574 332 296 308 
385 575 574 308 234 
386 308 579 577 578 
387 579 296 336 577 
388 577 336 309 580 
389 578 577 580 307 
390 237 298 581 582 
391 298 66 583 581 
392 581 583 274 584 
393 582 581 584 273 
394 295 321 585 586 
395 321 297 587 585 
396 585 587 66 588 
397 586 585 588 298 
398 309 339 589 590 
399 339 318 591 589 
400 589 591 321 592 
401 590 589 592 295 
402 336 595 593 594 
403 595 335 596 593 
404 593 596 339 597 
405 594 593 597 309 
406 292 599 598 330 
407 599 230 600 598 
408 601 604 348 605 
409 602 601 605 316 
410 315 608 606 607 
411 608 291 602 606 
412 606 602 316 609 
413 607 606 609 314 
414 330 612 610 611 
415 612 598 613 610 
416 291 616 614 615 
417 614 617 601 618 
418 615 614 618 602 
419 328 621 619 620 
420 621 330 611 619 
421 619 611 291 608 
422 620 619 608 315 
423 611 624 622 623 
424 624 610 625 622 
425 622 625 603 616 
426 623 622 616 291 
427 343 229 627 626 
428 626 627 267 628 
429 271 626 628 93 
430 347 50 630 629 
431 629 630 271 631 
432 312 629 631 270 
433 293 633 632 350 
434 633 344 634 632 
435 632 634 347 635 
436 350 632 635 233 
437 349 637 636 604 
438 637 293 638 636 
439 636 638 350 639 
440 604 636 639 348 
441 603 641 640 617 
442 641 349 642 640 
443 640 642 604 643 
444 617 640 643 601 
445 616 646 644 645 
446 646 603 647 644 
447 644 647 617 648 
448 645 644 648 614 
449 232 650 649 346 
450 650 340 651 649 
451 649 651 343 652 
452 346 649 652 50 
453 1 655 653 654 
454 655 12 130 653 
455 653 130 10 78 
456 654 653 78 11 
457 16 657 656 244 
458 657 2 658 656 
459 656 658 17 219 
460 244 656 219 15 
461 10 661 659 660 
462 661 25 134 659 
463 659 134 23 82 
464 660 659 82 24 
465 32 663 662 247 
466 663 15 664 662 
467 662 664 33 223 
468 247 662 223 31 
469 23 667 665 666 
470 667 41 138 665 
471 665 138 39 86 
472 666 665 86 40 
473 48 669 668 250 
474 669 31 670 668 
475 668 670 49 227 
476 250 668 227 47 
477 39 673 671 672 
478 673 57 142 671 
479 671 142 55 90 
480 672 671 90 56 
481 90 676 674 675 
482 676 55 146 674 
483 674 146 72 118 
484 675 674 118 88 
485 91 119 677 678 
486 119 59 121 677 
487 677 121 96 679 
488 678 677 679 113 
489 103 164 680 681 
490 164 75 480 680 
491 680 480 122 682 
492 681 680 682 120 
493 161 190 683 684 
494 190 163 502 683 
495 683 502 75 685 
496 684 683 685 164 
497 127 176 686 687 
498 176 161 684 686 
499 686 684 164 688 
500 687 686 688 103 
501 152 691 689 690 
502 691 170 528 689 
503 689 528 162 174 
504 690 689 174 99 
505 206 444 692 465 
506 444 209 693 692 
507 692 693 195 694 
508 465 692 694 210 
509 194 241 695 381 
510 241 156 696 695 
511 695 696 212 697 
512 381 695 697 211 
513 214 366 698 385 
514 366 216 699 698 
515 698 699 194 700 
516 385 698 700 217 
517 47 702 701 324 
518 702 227 703 701 
519 701 703 226 341 
520 324 701 341 65 
521 231 705 704 327 
522 705 65 706 704 
523 704 706 232 345 
524 327 704 345 230 
525 191 708 707 365 
526 708 239 281 707 
527 707 281 238 709 
528 365 707 709 216 
529 216 709 710 699 
530 709 238 711 710 
531 710 711 241 712 
532 699 710 712 194 
533 257 715 713 714 
534 715 260 566 713 
535 713 566 193 282 
536 714 713 282 239 
537 258 717 716 374 
538 717 257 714 716 
539 716 714 239 708 
540 374 716 708 191 
541 156 279 718 696 
542 279 237 582 718 
543 718 582 273 719 
544 696 718 719 212 
545 288 721 720 568 
546 721 290 575 720 
547 720 575 234 301 
548 568 720 301 277 
549 278 310 722 723 
550 310 295 586 722 
551 722 586 298 724 
552 723 722 724 237 
553 307 580 725 726 
554 580 309 590 725 
555 725 590 295 727 
556 726 725 727 310 
557 66 317 728 583 
558 317 294 729 728 
559 728 729 311 730 
560 583 728 730 274 
561 294 351 731 729 
562 351 233 732 731 
563 731 732 312 733 
564 729 731 733 311 
565 236 735 734 320 
566 735 315 607 734 
567 734 607 314 736 
568 320 734 736 297 
569 297 736 737 587 
570 736 314 738 737 
571 737 738 317 739 
572 587 737 739 66 
573 306 741 740 334 
574 741 328 620 740 
575 740 620 315 735 
576 334 740 735 236 
577 65 743 742 706 
578 743 341 744 742 
579 742 744 340 650 
580 706 742 650 232 
581 230 746 745 600 
582 746 345 747 745 
583 745 747 344 633 
584 600 745 633 293 
585 357 378 748 389 
586 378 363 749 748 
587 748 749 366 750 
588 389 748 750 214 
589 196 752 751 443 
590 752 397 418 751 
591 751 418 396 753 
592 443 751 753 209 
593 209 753 754 693 
594 753 396 428 754 
595 754 428 398 755 
596 693 754 755 195 
597 400 757 756 433 
598 757 399 411 756 
599 756 411 402 758 
600 433 756 758 355 
601 445 459 759 487 
602 459 207 464 759 
603 759 464 185 760 
604 487 759 760 448 
605 454 762 761 545 
606 762 453 763 761 
607 761 763 447 477 
608 545 761 477 184 
609 476 765 764 510 
610 765 475 490 764 
611 764 490 478 766 
612 510 764 766 446 
613 499 768 767 548 
614 768 184 769 767 
615 767 769 476 509 
616 548 767 509 497 
617 537 771 770 552 
618 771 546 772 770 
619 770 772 518 554 
620 552 770 554 498 
621 598 774 773 613 
622 774 600 775 773 
623 773 775 293 637 
624 613 773 637 349 
625 610 777 776 625 
626 777 613 778 776 
627 776 778 349 641 
628 625 776 641 603 
629 50 652 779 630 
630 652 343 780 779 
631 779 780 626 781 
632 630 779 781 271 
633 233 635 782 732 
634 635 347 783 782 
635 782 783 629 784 
636 732 782 784 312 
637 59 128 785 786 
638 128 103 681 785 
639 785 681 120 787 
640 786 785 787 121 
641 124 169 788 789 
642 169 127 687 788 
643 788 687 103 790 
644 789 788 790 128 
645 149 793 791 792 
646 793 152 690 791 
647 791 690 99 167 
648 792 791 167 126 
649 238 284 794 711 
650 284 240 795 794 
651 794 795 156 796 
652 711 794 796 241 
653 276 303 797 798 
654 303 278 723 797 
655 797 723 237 799 
656 798 797 799 279 
657 240 564 800 795 
658 564 276 798 800 
659 800 798 279 801 
660 795 800 801 156 
661 314 609 802 738 
662 609 316 803 802 
663 802 803 294 804 
664 738 802 804 317 
665 316 605 805 803 
666 605 348 806 805 
667 805 806 351 807 
668 803 805 807 294 
669 453 809 808 763 
670 809 438 810 808 
671 808 810 157 458 
672 763 808 458 447 
673 184 812 811 769 
674 812 477 813 811 
675 811 813 475 765 
676 769 811 765 476 
677 477 815 814 813 
678 815 447 816 814 
679 814 816 457 491 
680 813 814 491 475 
681 348 639 817 806 
682 639 350 818 817 
683 817 818 233 819 
684 806 817 819 351 
685 438 821 820 810 
686 821 437 822 820 
687 820 822 208 451 
688 810 820 451 157 
