2 0.000000 100.000000 335.864767
467 370 
1 -320.000000 0.000000 -351.149578 99.998927 0.000000 0.000103 0.000021 
2 403.522878 0.000000 -351.149578 99.998834 0.000000 -0.006692 0.000023 
3 403.522878 0.000000 351.154051 100.001044 0.000000 -0.006926 -0.000021 
4 -320.000000 0.000000 351.154051 100.000955 0.000000 0.000375 -0.000019 
5 41.761439 0.000000 0.002236 97.287830 0.000000 17.795806 0.021839 
6 -320.000000 0.000000 0.002236 99.999524 -0.000000 0.001307 0.000010 
7 41.761439 0.000000 -351.149578 99.996897 0.000000 -0.003109 0.000062 
8 403.522878 0.000000 0.002236 99.999631 0.000000 -1.891620 -0.000350 
9 41.761439 0.000000 351.154051 100.003697 -0.000000 -0.003104 -0.000074 
10 222.642159 0.000000 -175.573671 99.994789 0.000000 -0.027955 0.000104 
11 41.761439 0.000000 -175.573671 99.984517 0.000000 -0.014907 0.000310 
12 222.642159 0.000000 -351.149578 99.997666 0.000000 -0.005749 0.000047 
13 403.522878 0.000000 -175.573671 99.998656 0.000000 -0.028962 0.000027 
14 222.642159 0.000000 0.002236 99.996341 0.000000 -1.904473 -0.000290 
15 -139.119280 0.000000 -175.573671 99.995600 0.000000 -0.000071 0.000088 
16 -320.000000 0.000000 -175.573671 99.998796 0.000000 0.000645 0.000024 
17 -139.119280 0.000000 -351.149578 99.997838 0.000000 -0.000687 0.000043 
18 -139.119280 0.000000 0.002236 99.996390 0.000000 0.004859 0.000072 
19 222.642159 0.000000 175.578144 100.004249 0.000000 -0.029889 -0.000085 
20 41.761439 0.000000 175.578144 100.020199 0.000000 -0.015064 -0.000404 
21 403.522878 0.000000 175.578144 100.000805 0.000000 -0.029125 -0.000016 
22 222.642159 0.000000 351.154051 100.002456 0.000000 -0.006214 -0.000049 
23 132.201799 0.000000 -87.785717 99.975065 0.000000 -0.118052 0.000497 
24 41.761439 0.000000 -87.785717 99.957018 0.000000 -0.050942 0.000859 
25 132.201799 0.000000 -175.573671 99.990358 0.000000 -0.025715 0.000193 
26 222.642159 0.000000 -87.785717 99.991292 0.000000 -0.132830 0.000172 
27 132.201799 0.000000 0.002236 99.971607 0.000000 -1.919682 0.000199 
28 -139.119280 0.000000 175.578144 100.003516 0.000000 0.002036 -0.000070 
29 -320.000000 0.000000 175.578144 100.000678 0.000000 0.001036 -0.000014 
30 -139.119280 0.000000 351.154051 100.002293 0.000000 -0.000195 -0.000046 
31 -48.678921 0.000000 -87.785717 99.978365 0.000000 -0.004711 0.000433 
32 -139.119280 0.000000 -87.785717 99.994387 0.000000 0.001793 0.000112 
33 -48.678921 0.000000 -175.573671 99.991723 0.000000 -0.003474 0.000166 
34 -48.678921 0.000000 0.002236 99.973645 0.000000 0.017512 0.000527 
35 132.201799 0.000000 87.790190 100.017352 0.000000 -0.134088 -0.000349 
36 41.761439 0.000000 87.790190 100.076712 0.000000 -0.054069 -0.001535 
37 222.642159 0.000000 87.790190 100.004528 0.000000 -0.135327 -0.000092 
38 132.201799 0.000000 175.578144 100.010561 0.000000 -0.029478 -0.000211 
39 86.981619 0.000000 -43.891740 99.884313 0.000000 -0.380242 0.002298 
40 41.761439 0.000000 -43.891740 99.877124 0.000000 -0.137435 0.002454 
41 86.981619 0.000000 -87.785717 99.957934 0.000000 -0.093731 0.000840 
42 132.201799 0.000000 -43.891740 99.962403 0.000000 -0.434787 0.000733 
43 86.981619 0.000000 0.002236 99.843026 0.000000 -2.026239 0.002726 
44 -48.678921 0.000000 87.790190 100.015239 0.000000 0.011229 -0.000305 
45 -139.119280 0.000000 87.790190 100.001636 0.000000 0.004800 -0.000033 
46 -48.678921 0.000000 175.578144 100.009388 0.000000 0.000241 -0.000188 
47 -3.458741 0.000000 -43.891740 99.923304 0.000000 -0.037712 0.001533 
48 -48.678921 0.000000 -43.891740 99.970126 0.000000 0.000893 0.000597 
49 -3.458741 0.000000 -87.785717 99.968591 0.000000 -0.022253 0.000628 
50 -3.458741 0.000000 0.002236 99.835728 0.000000 0.069697 0.003282 
51 86.981619 0.000000 43.896213 100.071768 -0.000000 -0.484806 -0.001459 
52 41.761439 0.000000 43.896213 100.336576 0.000000 -0.179882 -0.006746 
53 132.201799 0.000000 43.896213 100.006416 0.000000 -0.453225 -0.000149 
54 86.981619 0.000000 87.790190 100.048972 -0.000000 -0.122423 -0.000981 
55 64.371529 0.000000 -21.944752 99.523319 0.000000 -0.739058 0.009456 
56 41.761439 0.000000 -21.944752 99.842446 0.000000 -0.081815 0.003148 
57 64.371529 0.000000 -43.891740 99.828804 0.000000 -0.270054 0.003414 
58 86.981619 0.000000 -21.944752 99.808770 0.000000 -0.965076 0.003728 
59 64.371529 0.000000 0.002236 99.361492 0.000000 -2.469048 0.012120 
60 -3.458741 0.000000 43.896213 100.045071 0.000000 0.067767 -0.000902 
61 -48.678921 0.000000 43.896213 100.000890 -0.000000 0.023433 -0.000018 
62 -3.458741 0.000000 87.790190 100.040673 0.000000 0.004098 -0.000814 
63 19.151349 0.000000 -21.944752 99.780140 -0.000000 -0.228427 0.004387 
64 -3.458741 0.000000 -21.944752 99.863937 0.000000 -0.030247 0.002719 
65 19.151349 0.000000 -43.891740 99.909287 0.000000 -0.092654 0.001813 
66 19.151349 0.000000 0.002236 98.945644 0.000000 0.262468 0.020969 
67 64.371529 0.000000 21.949225 100.290457 0.000000 -1.269985 -0.005979 
68 41.761439 0.000000 21.949225 101.189940 0.000000 -0.477650 -0.023963 
69 86.981619 0.000000 21.949225 100.014271 0.000000 -1.081602 -0.000402 
70 64.371529 0.000000 43.896213 100.220157 0.000000 -0.446487 -0.004428 
71 53.066484 0.000000 -10.971258 55.632302 0.000000 112.041794 -0.564832 
72 41.761439 0.000000 -10.971258 106.296641 0.000000 3.264759 -0.130963 
73 53.066484 0.000000 -21.944752 99.473511 -0.000000 -0.339874 0.010491 
74 64.371529 0.000000 -10.971258 99.233920 0.000000 -1.472915 0.015046 
75 53.066484 0.000000 0.002236 75.403695 0.000000 66.535288 -0.011266 
76 19.151349 0.000000 21.949225 100.181656 0.000000 0.380770 -0.003651 
77 -3.458741 0.000000 21.949225 99.966137 0.000000 0.121554 0.000676 
78 19.151349 0.000000 43.896213 100.175343 0.000000 0.058077 -0.003510 
79 30.456394 0.000000 -10.971258 89.444353 0.000000 -1.143987 0.199840 
80 19.151349 0.000000 -10.971258 99.438569 0.000000 -0.337722 0.011186 
81 30.456394 0.000000 -21.944752 99.935822 0.000000 -0.291207 0.001275 
82 30.456394 0.000000 0.002236 90.248271 0.000000 1.033848 0.185418 
83 53.066484 0.000000 10.975731 64.898221 0.000000 90.506796 -0.240326 
84 41.761439 0.000000 10.975731 106.143799 0.000000 2.278988 -0.127170 
85 64.371529 0.000000 10.975731 100.019228 0.000000 -2.090071 -0.000821 
86 53.066484 0.000000 21.949225 100.777677 0.000000 -1.191937 -0.015756 
87 47.413962 0.000000 -5.484511 84.577688 0.000000 47.895333 0.055265 
88 41.761439 0.000000 -5.484511 89.415228 0.000000 28.675015 0.118266 
89 47.413962 0.000000 -10.971258 78.724754 0.000000 59.364033 0.027832 
90 53.066484 0.000000 -5.484511 74.819222 0.000000 67.618253 -0.017014 
91 47.413962 0.000000 0.002236 96.835731 0.000000 9.532713 0.053197 
92 313.082518 0.000000 -87.785717 99.997573 0.000000 -0.124937 0.000047 
93 313.082518 0.000000 -175.573671 99.997441 0.000000 -0.028927 0.000051 
94 403.522878 0.000000 -87.785717 99.998912 0.000000 -0.124364 0.000020 
95 313.082518 0.000000 0.002236 99.998974 0.000000 -1.892746 -0.000338 
96 177.421979 0.000000 -43.891740 99.986274 0.000000 -0.434981 0.000256 
97 177.421979 0.000000 -87.785717 99.985602 0.000000 -0.127973 0.000286 
98 222.642159 0.000000 -43.891740 99.992532 0.000000 -0.440989 0.000130 
99 177.421979 0.000000 0.002236 99.991107 0.000000 -1.901992 -0.000184 
100 109.591709 0.000000 -21.944752 99.920413 0.000000 -0.985760 0.001494 
101 109.591709 0.000000 -43.891740 99.932806 0.000000 -0.425270 0.001325 
102 132.201799 0.000000 -21.944752 99.961884 0.000000 -0.982811 0.000666 
103 109.591709 0.000000 0.002236 99.935598 0.000000 -1.947689 0.000908 
104 75.676574 0.000000 -10.971258 99.633463 0.000000 -1.555092 0.007075 
105 75.676574 0.000000 -21.944752 99.692704 0.000000 -0.909556 0.006054 
106 86.981619 0.000000 -10.971258 99.801086 0.000000 -1.548360 0.003735 
107 75.676574 0.000000 0.002236 99.714714 0.000000 -2.142390 0.005239 
108 58.719007 0.000000 -5.484511 59.955787 0.000000 102.326683 -0.406545 
109 58.719007 0.000000 -10.971258 98.862672 0.000000 -1.248600 0.022461 
110 64.371529 0.000000 -5.484511 99.191207 0.000000 -2.040731 0.015694 
111 58.719007 0.000000 0.002236 65.566200 0.000000 88.292235 -0.209445 
112 30.456394 0.000000 10.975731 89.537456 0.000000 2.240739 0.197802 
113 19.151349 0.000000 10.975731 99.774410 -0.000000 0.701525 0.004457 
114 30.456394 0.000000 21.949225 100.750047 0.000000 0.319611 -0.015067 
115 47.413962 0.000000 5.488983 84.894013 0.000000 47.045583 0.057972 
116 41.761439 0.000000 5.488983 89.607010 0.000000 28.495977 0.115856 
117 53.066484 0.000000 5.488983 76.522855 0.000000 63.881886 0.006336 
118 47.413962 0.000000 10.975731 79.593986 0.000000 56.617678 0.045924 
119 50.240223 0.000000 -2.741137 80.541420 0.000000 56.195147 0.035519 
120 47.413962 0.000000 -2.741137 84.846251 0.000000 47.091293 0.058352 
121 50.240223 0.000000 -5.484511 80.372545 0.000000 56.372822 0.036236 
122 53.066484 0.000000 -2.741137 75.610031 0.000000 66.064030 -0.008133 
123 50.240223 0.000000 0.002236 80.283306 0.000000 56.688185 0.034104 
124 36.108917 0.000000 -5.484511 98.761261 0.000000 1.091564 0.024502 
125 30.456394 0.000000 -5.484511 95.067028 0.000000 0.277676 0.096218 
126 36.108917 0.000000 -10.971258 96.659983 0.000000 1.409087 0.065486 
127 36.108917 0.000000 0.002236 103.049610 0.000000 0.803400 -0.061987 
128 44.587700 0.000000 -2.741137 90.368077 0.000000 35.234314 0.059215 
129 41.761439 0.000000 -2.741137 89.925998 0.000000 28.023105 0.112802 
130 44.587700 0.000000 -5.484511 89.668337 0.000000 37.223141 0.057403 
131 44.587700 0.000000 0.002236 94.659643 0.000000 20.474998 0.062033 
132 313.082518 0.000000 87.790190 100.000690 0.000000 -0.125093 -0.000015 
133 403.522878 0.000000 87.790190 100.000260 0.000000 -0.124013 -0.000007 
134 313.082518 0.000000 175.578144 100.001719 0.000000 -0.029596 -0.000034 
135 177.421979 0.000000 43.896213 99.999980 0.000000 -0.436788 -0.000019 
136 222.642159 0.000000 43.896213 100.001027 0.000000 -0.438607 -0.000040 
137 177.421979 0.000000 87.790190 100.008021 0.000000 -0.134381 -0.000162 
138 109.591709 0.000000 21.949225 99.988250 0.000000 -0.998647 0.000135 
139 132.201799 0.000000 21.949225 99.990260 -0.000000 -0.965820 0.000102 
140 109.591709 0.000000 43.896213 100.022429 0.000000 -0.470469 -0.000471 
141 75.676574 0.000000 10.975731 99.925320 -0.000000 -1.739871 0.001190 
142 86.981619 0.000000 10.975731 99.932676 0.000000 -1.593392 0.001092 
143 75.676574 0.000000 21.949225 100.083142 0.000000 -1.165034 -0.001799 
144 58.719007 0.000000 5.488983 60.129379 0.000000 101.886299 -0.399636 
145 64.371529 0.000000 5.488983 99.701052 0.000000 -2.448719 0.005370 
146 58.719007 0.000000 10.975731 100.257818 0.000000 -2.416743 -0.005747 
147 50.240223 0.000000 2.745610 80.744981 0.000000 55.654358 0.038284 
148 47.413962 0.000000 2.745610 85.063365 0.000000 46.889562 0.056559 
149 53.066484 0.000000 2.745610 75.802852 0.000000 65.578184 -0.004657 
150 50.240223 0.000000 5.488983 80.726523 0.000000 55.474649 0.040579 
151 48.827092 0.000000 -1.369450 82.784001 0.000000 51.545761 0.048984 
152 47.413962 0.000000 -1.369450 85.304125 0.000000 46.356693 0.057426 
153 48.827092 0.000000 -2.741137 82.285204 0.000000 52.403892 0.048298 
154 50.240223 0.000000 -1.369450 80.325052 0.000000 56.628670 0.034108 
155 48.827092 0.000000 0.002236 88.635236 0.000000 -4.008306 0.212773 
156 55.892745 0.000000 -2.741137 72.814480 0.000000 71.725367 -0.044648 
157 55.892745 0.000000 -5.484511 69.939722 0.000000 77.810671 -0.094607 
158 58.719007 0.000000 -2.741137 65.598063 0.000000 88.197263 -0.208186 
159 55.892745 0.000000 0.002236 72.695453 0.000000 72.023049 -0.047195 
160 51.653353 0.000000 -1.369450 77.914657 0.000000 61.536016 0.014262 
161 51.653353 0.000000 -2.741137 78.127687 0.000000 61.074889 0.016592 
162 53.066484 0.000000 -1.369450 75.433694 0.000000 66.472498 -0.010884 
163 51.653353 0.000000 0.002236 77.872494 0.000000 61.612090 0.013983 
164 36.108917 0.000000 5.488983 99.215093 0.000000 1.193412 0.015494 
165 30.456394 0.000000 5.488983 95.114468 0.000000 1.365678 0.095137 
166 36.108917 0.000000 10.975731 97.194763 0.000000 0.526241 0.055290 
167 44.587700 0.000000 2.745610 90.518913 0.000000 34.885802 0.058931 
168 41.761439 0.000000 2.745610 92.369733 0.000000 24.135846 0.088529 
169 44.587700 0.000000 5.488983 89.921225 0.000000 37.647612 0.049683 
170 48.827092 0.000000 1.373923 82.896906 0.000000 51.243149 0.050224 
171 47.413962 0.000000 1.373923 91.430640 0.000000 31.453265 0.065113 
172 50.240223 0.000000 1.373923 80.435831 0.000000 56.334564 0.035649 
173 48.827092 0.000000 2.745610 82.510945 0.000000 52.001875 0.048775 
174 49.533658 0.000000 -0.683607 80.796160 0.000000 55.508381 0.039080 
175 48.827092 0.000000 -0.683607 82.750197 0.000000 51.592488 0.049062 
176 49.533658 0.000000 -1.369450 80.831157 0.000000 55.452978 0.039129 
177 50.240223 0.000000 -0.683607 80.279764 0.000000 56.710631 0.033906 
178 49.533658 0.000000 0.002236 80.804840 0.000000 55.472687 0.039336 
179 46.000831 0.000000 -1.369450 88.772103 0.000000 36.208644 0.080845 
180 44.587700 0.000000 -1.369450 90.592275 0.000000 30.717675 0.084946 
181 46.000831 0.000000 -2.741137 87.836697 0.000000 41.305997 0.057853 
182 46.000831 0.000000 0.002236 94.022409 0.000000 18.307518 0.082462 
183 48.120527 0.000000 -0.683607 83.429869 0.000000 50.075296 0.053192 
184 47.413962 0.000000 -0.683607 87.360894 0.000000 35.716955 0.109237 
185 48.120527 0.000000 -1.369450 83.449368 0.000000 50.062974 0.052990 
186 48.120527 0.000000 0.002236 97.602338 0.000000 2.338017 0.046832 
187 55.892745 0.000000 2.745610 72.964870 0.000000 71.357948 -0.041583 
188 58.719007 0.000000 2.745610 65.708281 0.000000 87.926268 -0.204861 
189 55.892745 0.000000 5.488983 70.215293 0.000000 77.145374 -0.088160 
190 51.653353 0.000000 1.373923 78.021358 0.000000 61.258433 0.016007 
191 53.066484 0.000000 1.373923 75.535733 0.000000 66.215200 -0.009010 
192 51.653353 0.000000 2.745610 78.326744 0.000000 60.557085 0.019776 
193 49.533658 0.000000 0.688080 80.857514 0.000000 55.345931 0.039889 
194 48.827092 0.000000 0.688080 82.808153 0.000000 51.437197 0.049702 
195 50.240223 0.000000 0.688080 80.336409 0.000000 56.560269 0.034700 
196 49.533658 0.000000 1.373923 80.950943 0.000000 55.135729 0.040700 
197 49.180375 0.000000 -0.340685 79.667655 0.000000 21.741562 0.318037 
198 48.827092 0.000000 -0.340685 87.221183 0.000000 26.510749 0.168965 
199 49.180375 0.000000 -0.683607 82.437183 0.000000 52.300545 0.046876 
200 49.533658 0.000000 -0.340685 80.794935 0.000000 55.502102 0.039170 
201 49.180375 0.000000 0.002236 17.949580 0.000000 199.180557 -2.999508 
202 50.946788 0.000000 -0.683607 79.043813 0.000000 59.233037 0.024352 
203 50.946788 0.000000 -1.369450 79.093377 0.000000 59.136995 0.024705 
204 51.653353 0.000000 -0.683607 77.869678 0.000000 61.627953 0.013831 
205 50.946788 0.000000 0.002236 79.859151 0.000000 57.692311 0.029411 
206 49.886940 0.000000 -0.340685 80.523439 0.000000 56.132283 0.036514 
207 49.886940 0.000000 -0.683607 80.526383 0.000000 56.134163 0.036446 
208 50.240223 0.000000 -0.340685 80.275291 0.000000 56.712734 0.033954 
209 49.886940 0.000000 0.002236 80.532373 0.000000 56.105354 0.036673 
210 46.000831 0.000000 1.373923 93.814197 0.000000 25.961355 0.052490 
211 44.587700 0.000000 1.373923 95.159552 0.000000 20.249010 0.053464 
212 46.000831 0.000000 2.745610 88.019122 0.000000 40.824325 0.058601 
213 48.120527 0.000000 0.688080 95.543722 0.000000 15.958914 0.061671 
214 47.413962 0.000000 0.688080 98.370464 0.000000 11.467030 0.019176 
215 48.120527 0.000000 1.373923 83.568305 0.000000 49.744948 0.054178 
216 49.180375 0.000000 0.345158 85.664462 0.000000 15.616163 0.241774 
217 48.827092 0.000000 0.345158 93.522831 0.000000 1.460513 0.125135 
218 49.533658 0.000000 0.345158 80.825800 0.000000 55.420384 0.039577 
219 49.180375 0.000000 0.688080 82.493291 0.000000 52.149985 0.047524 
220 49.357016 0.000000 -0.169224 80.942834 0.000000 55.157119 0.040595 
221 49.180375 0.000000 -0.169224 81.841603 0.000000 4.757107 0.327932 
222 49.357016 0.000000 -0.340685 80.938970 0.000000 55.169709 0.040519 
223 49.533658 0.000000 -0.169224 80.798495 0.000000 55.490283 0.039243 
224 49.357016 0.000000 0.002236 81.959930 0.000000 8.627058 0.320814 
225 48.473810 0.000000 -0.340685 93.301558 0.000000 10.699654 0.118034 
226 48.120527 0.000000 -0.340685 93.625692 0.000000 18.222947 0.090215 
227 48.473810 0.000000 -0.683607 83.081939 0.000000 50.848565 0.051181 
228 48.473810 0.000000 0.002236 96.991384 0.000000 -2.631757 0.058575 
229 49.003734 0.000000 -0.169224 83.020156 0.000000 -0.043723 0.310765 
230 48.827092 0.000000 -0.169224 88.163865 0.000000 -0.880645 0.222636 
231 49.003734 0.000000 -0.340685 79.590925 0.000000 19.865307 0.327065 
232 49.003734 0.000000 0.002236 80.195303 0.000000 -10.061764 0.346747 
233 50.946788 0.000000 0.688080 79.911462 0.000000 57.566089 0.030030 
234 51.653353 0.000000 0.688080 77.924010 0.000000 61.486601 0.014725 
235 50.946788 0.000000 1.373923 79.222296 0.000000 58.827281 0.026318 
236 49.886940 0.000000 0.345158 80.553132 0.000000 56.053570 0.036919 
237 50.240223 0.000000 0.345158 80.303775 0.000000 56.637128 0.034354 
238 49.886940 0.000000 0.688080 80.585418 0.000000 55.977658 0.037249 
239 49.357016 0.000000 0.173697 84.746751 0.000000 18.975958 0.245790 
240 49.180375 0.000000 0.173697 83.271654 0.000000 1.134029 0.306455 
241 49.533658 0.000000 0.173697 80.813951 0.000000 55.449361 0.039447 
242 49.357016 0.000000 0.345158 80.970402 0.000000 55.086540 0.040927 
243 49.268696 0.000000 -0.083494 82.152123 0.000000 5.693577 0.321861 
244 49.180375 0.000000 -0.083494 81.827592 0.000000 1.643524 0.330154 
245 49.268696 0.000000 -0.169224 81.857425 0.000000 7.839694 0.323790 
246 49.357016 0.000000 -0.083494 78.773676 0.000000 21.494322 0.333270 
247 49.268696 0.000000 0.002236 82.375181 0.000000 4.409419 0.319489 
248 48.473810 0.000000 0.345158 99.028879 0.000000 -0.464565 0.019307 
249 48.120527 0.000000 0.345158 101.151905 0.000000 1.145803 -0.023302 
250 48.473810 0.000000 0.688080 97.321112 0.000000 14.124433 0.032910 
251 49.003734 0.000000 0.173697 87.564799 0.000000 -7.437453 0.227709 
252 48.827092 0.000000 0.173697 90.227788 0.000000 -3.986585 0.184305 
253 49.003734 0.000000 0.345158 88.600742 0.000000 -0.206588 0.214987 
254 49.092054 0.000000 -0.083494 81.020754 0.000000 -2.521165 0.342928 
255 49.003734 0.000000 -0.083494 83.498739 0.000000 -6.003439 0.299192 
256 49.092054 0.000000 -0.169224 81.512368 0.000000 2.211638 0.335084 
257 49.092054 0.000000 0.002236 82.266965 0.000000 -5.926150 0.319703 
258 49.268696 0.000000 0.087967 82.676300 0.000000 4.305284 0.314609 
259 49.180375 0.000000 0.087967 82.928159 0.000000 -0.629362 0.312252 
260 49.357016 0.000000 0.087967 82.118939 0.000000 8.576256 0.318293 
261 49.268696 0.000000 0.173697 82.882081 0.000000 5.451604 0.310084 
262 49.224535 0.000000 -0.040629 82.141478 0.000000 2.752977 0.324520 
263 49.180375 0.000000 -0.040629 18.649886 0.000000 258.786561 -5.731830 
264 49.224535 0.000000 -0.083494 82.028835 0.000000 3.708700 0.325752 
265 49.268696 0.000000 -0.040629 82.245282 0.000000 4.920377 0.321150 
266 49.224535 0.000000 0.002236 18.671820 0.000000 197.595659 -2.939268 
267 38.935178 0.000000 -2.741137 93.584957 0.000000 21.104104 0.079647 
268 36.108917 0.000000 -2.741137 100.930209 0.000000 0.671328 -0.018736 
269 38.935178 0.000000 -5.484511 90.442246 0.000000 24.891443 0.120062 
270 38.935178 0.000000 0.002236 98.690941 0.000000 14.849154 0.003960 
271 38.935178 0.000000 2.745610 93.843340 0.000000 20.445216 0.077542 
272 36.108917 0.000000 2.745610 101.048696 0.000000 1.557986 -0.021327 
273 38.935178 0.000000 5.488983 90.584654 0.000000 24.993851 0.116973 
274 40.348308 0.000000 -1.369450 97.536853 0.000000 19.300269 0.011406 
275 38.935178 0.000000 -1.369450 97.853795 0.000000 16.906683 0.013880 
276 40.348308 0.000000 -2.741137 92.703713 0.000000 23.977267 0.083111 
277 41.761439 0.000000 -1.369450 94.289009 0.000000 23.983758 0.053436 
278 40.348308 0.000000 0.002236 96.698606 0.000000 18.307256 0.031422 
279 -229.559640 0.000000 -87.785717 99.997882 0.000000 0.001489 0.000042 
280 -320.000000 0.000000 -87.785717 99.999015 0.000000 0.001027 0.000020 
281 -229.559640 0.000000 -175.573671 99.997768 0.000000 0.000634 0.000045 
282 -229.559640 0.000000 0.002236 99.998889 0.000000 0.002295 0.000022 
283 -93.899101 0.000000 -43.891740 99.987695 0.000000 0.005596 0.000246 
284 -139.119280 0.000000 -43.891740 99.994707 -0.000000 0.003457 0.000106 
285 -93.899101 0.000000 -87.785717 99.989776 0.000000 -0.000465 0.000204 
286 -93.899101 0.000000 0.002236 99.991300 0.000000 0.009937 0.000174 
287 -26.068831 0.000000 -21.944752 99.937966 0.000000 0.003587 0.001240 
288 -48.678921 0.000000 -21.944752 99.968212 0.000000 0.008866 0.000636 
289 -26.068831 0.000000 -43.891740 99.951867 0.000000 -0.010443 0.000962 
290 -26.068831 0.000000 0.002236 99.943054 0.000000 0.030886 0.001139 
291 7.846304 0.000000 -10.971258 99.688844 0.000000 -0.040331 0.006213 
292 -3.458741 0.000000 -10.971258 99.831391 0.000000 0.007638 0.003369 
293 7.846304 0.000000 -21.944752 99.801506 0.000000 -0.093135 0.003965 
294 7.846304 0.000000 0.002236 99.654348 0.000000 0.133034 0.006899 
295 24.803872 0.000000 -5.484511 88.343407 0.000000 0.082983 0.219544 
296 19.151349 0.000000 -5.484511 99.098547 0.000000 -0.200333 0.017944 
297 24.803872 0.000000 -10.971258 99.484804 -0.000000 -0.758096 0.010220 
298 24.803872 0.000000 0.002236 90.725763 0.000000 0.556486 0.176853 
299 33.282655 0.000000 -2.741137 97.106898 0.000000 0.925121 0.056939 
300 30.456394 0.000000 -2.741137 94.598102 0.000000 0.432354 0.105101 
301 33.282655 0.000000 -5.484511 96.964118 0.000000 1.230497 0.059645 
302 33.282655 0.000000 0.002236 104.116908 0.000000 0.774423 -0.084093 
303 -229.559640 0.000000 87.790190 100.000430 0.000000 0.002277 -0.000009 
304 -320.000000 0.000000 87.790190 100.000170 0.000000 0.001305 -0.000003 
305 -229.559640 0.000000 175.578144 100.001424 0.000000 0.001521 -0.000028 
306 -93.899101 0.000000 43.896213 99.999378 0.000000 0.011663 0.000012 
307 -139.119280 0.000000 43.896213 99.999129 0.000000 0.005592 0.000017 
308 -93.899101 0.000000 87.790190 100.004027 0.000000 0.006803 -0.000081 
309 -26.068831 0.000000 21.949225 99.976173 0.000000 0.046804 0.000476 
310 -48.678921 0.000000 21.949225 99.986802 -0.000000 0.024863 0.000264 
311 -26.068831 0.000000 43.896213 100.007736 0.000000 0.038262 -0.000155 
312 7.846304 0.000000 10.975731 99.821060 0.000000 0.256295 0.003569 
313 -3.458741 0.000000 10.975731 99.892839 0.000000 0.117730 0.002141 
314 7.846304 0.000000 21.949225 99.996128 -0.000000 0.220805 0.000073 
315 24.803872 0.000000 5.488983 88.365052 0.000000 0.997504 0.219062 
316 19.151349 0.000000 5.488983 99.303813 0.000000 0.674014 0.013830 
317 24.803872 0.000000 10.975731 100.067446 -0.000000 1.214043 -0.001497 
318 33.282655 0.000000 2.745610 97.157241 0.000000 1.580092 0.055797 
319 30.456394 0.000000 2.745610 95.178645 0.000000 0.900163 0.094022 
320 33.282655 0.000000 5.488983 97.411908 0.000000 1.176456 0.050954 
321 34.695786 0.000000 -1.369450 104.832125 0.000000 -2.051132 -0.099398 
322 33.282655 0.000000 -1.369450 103.818762 0.000000 -4.068934 -0.079489 
323 34.695786 0.000000 -2.741137 100.288824 0.000000 -0.107963 -0.005786 
324 36.108917 0.000000 -1.369450 104.853135 0.000000 -0.486776 -0.099442 
325 34.695786 0.000000 0.002236 102.798037 0.000000 0.966919 -0.056837 
326 27.630133 0.000000 -2.741137 92.780811 0.000000 0.315827 0.139162 
327 24.803872 0.000000 -2.741137 89.567144 0.000000 0.056999 0.197772 
328 27.630133 0.000000 -5.484511 92.300524 0.000000 0.099762 0.148060 
329 27.630133 0.000000 0.002236 92.593279 0.000000 0.631463 0.142609 
330 31.869525 0.000000 -1.369450 103.048887 0.000000 -7.248126 -0.067161 
331 30.456394 0.000000 -1.369450 94.763669 0.000000 1.107002 0.101862 
332 31.869525 0.000000 -2.741137 95.956151 0.000000 0.691936 0.079194 
333 31.869525 0.000000 0.002236 102.608441 0.000000 0.631379 -0.052889 
334 27.630133 0.000000 2.745610 92.801501 0.000000 0.946304 0.138699 
335 24.803872 0.000000 2.745610 89.604748 0.000000 1.043140 0.196990 
336 27.630133 0.000000 5.488983 92.375496 0.000000 1.088526 0.146558 
337 29.043264 0.000000 -1.369450 94.097348 0.000000 0.622629 0.114530 
338 27.630133 0.000000 -1.369450 92.640437 0.000000 0.461899 0.141754 
339 29.043264 0.000000 -2.741137 94.262532 0.000000 0.474333 0.111435 
340 29.043264 0.000000 0.002236 94.041717 0.000000 0.803707 0.115551 
341 31.869525 0.000000 1.373923 103.368178 0.000000 8.376992 -0.075515 
342 30.456394 0.000000 1.373923 94.991756 0.000000 0.742522 0.097601 
343 33.282655 0.000000 1.373923 103.969337 0.000000 5.532294 -0.084023 
344 31.869525 0.000000 2.745610 95.996713 0.000000 1.418937 0.078262 
345 31.162959 0.000000 -0.683607 103.643762 0.000000 -17.969972 -0.106495 
346 30.456394 0.000000 -0.683607 93.655992 0.000000 -29.144137 0.037917 
347 31.162959 0.000000 -1.369450 101.722652 0.000000 -11.142642 -0.047166 
348 31.869525 0.000000 -0.683607 105.692912 0.000000 -11.146190 -0.129523 
349 31.162959 0.000000 0.002236 101.431330 0.000000 0.735714 -0.028886 
350 29.043264 0.000000 1.373923 94.112182 0.000000 0.986889 0.114192 
351 27.630133 0.000000 1.373923 92.651580 0.000000 0.800774 0.141504 
352 29.043264 0.000000 2.745610 94.290017 0.000000 1.141359 0.110809 
353 29.749829 0.000000 -0.683607 94.194726 0.000000 0.703378 0.112686 
354 29.043264 0.000000 -0.683607 94.053998 0.000000 0.710763 0.115334 
355 29.749829 0.000000 -1.369450 94.238714 0.000000 0.608741 0.111869 
356 29.749829 0.000000 0.002236 94.182387 0.000000 0.803548 0.112903 
357 29.749829 0.000000 0.688080 94.202853 0.000000 0.904294 0.112500 
358 29.043264 0.000000 0.688080 94.061567 0.000000 0.897179 0.115162 
359 30.456394 0.000000 0.688080 94.284201 0.000000 30.589862 0.017475 
360 29.749829 0.000000 1.373923 94.254620 0.000000 1.000651 0.111507 
361 30.103111 0.000000 -0.340685 56.656358 0.000000 -34.321990 0.561206 
362 29.749829 0.000000 -0.340685 94.184466 0.000000 0.753071 0.112872 
363 30.103111 0.000000 -0.683607 90.287577 0.000000 -26.543719 0.114358 
364 30.456394 0.000000 -0.340685 91.579161 0.000000 -33.924757 0.046237 
365 30.103111 0.000000 0.002236 35.387363 0.000000 1.361573 0.874588 
366 31.162959 0.000000 0.688080 104.321573 0.000000 18.976525 -0.124310 
367 31.869525 0.000000 0.688080 106.325251 0.000000 12.061393 -0.145054 
368 31.162959 0.000000 1.373923 102.178406 0.000000 12.411206 -0.059446 
369 34.695786 0.000000 1.373923 104.903086 0.000000 3.671791 -0.101814 
370 36.108917 0.000000 1.373923 105.081691 0.000000 2.024284 -0.104626 
371 34.695786 0.000000 2.745610 100.372776 0.000000 2.396711 -0.008044 
372 40.348308 0.000000 1.373923 100.031719 0.000000 11.492581 -0.013842 
373 38.935178 0.000000 1.373923 98.597501 0.000000 13.840526 0.008697 
374 41.761439 0.000000 1.373923 96.672286 0.000000 16.216105 0.039151 
375 40.348308 0.000000 2.745610 93.441178 0.000000 21.496124 0.080666 
376 46.707396 0.000000 0.688080 97.261924 0.000000 12.689172 0.037910 
377 46.000831 0.000000 0.688080 101.662371 0.000000 4.577006 -0.035619 
378 46.707396 0.000000 0.002236 95.547865 0.000000 13.804196 0.068005 
379 46.707396 0.000000 1.373923 95.034101 0.000000 22.570265 0.045910 
380 43.174570 0.000000 1.373923 96.412985 0.000000 16.033018 0.044748 
381 43.174570 0.000000 0.002236 96.158684 0.000000 18.469273 0.041239 
382 43.174570 0.000000 2.745610 91.715985 0.000000 25.440521 0.094096 
383 45.294266 0.000000 0.688080 97.353942 0.000000 15.558198 0.028015 
384 44.587700 0.000000 0.688080 100.492339 0.000000 8.026678 -0.016314 
385 45.294266 0.000000 0.002236 95.867285 0.000000 18.106810 0.048161 
386 45.294266 0.000000 1.373923 96.559163 0.000000 19.727763 0.028714 
387 46.707396 0.000000 -0.683607 88.835225 0.000000 30.816525 0.115864 
388 46.000831 0.000000 -0.683607 92.565901 0.000000 25.436019 0.078456 
389 46.707396 0.000000 -1.369450 86.063746 0.000000 44.737432 0.059159 
390 46.354114 0.000000 0.345158 96.934616 0.000000 13.061030 0.043309 
391 46.000831 0.000000 0.345158 98.412653 0.000000 11.276656 0.018779 
392 46.354114 0.000000 0.002236 95.629825 0.000000 15.302858 0.062076 
393 46.707396 0.000000 0.345158 97.403524 0.000000 11.087734 0.038962 
394 46.354114 0.000000 0.688080 97.423172 0.000000 12.783845 0.034530 
395 47.767244 0.000000 0.345158 100.602234 0.000000 2.412932 -0.012663 
396 47.413962 0.000000 0.345158 98.504165 0.000000 7.205162 0.024502 
397 47.767244 0.000000 0.002236 97.454967 0.000000 5.538689 0.047185 
398 47.767244 0.000000 0.688080 97.678692 0.000000 10.105049 0.035676 
399 48.297168 0.000000 0.173697 98.461658 0.000000 0.343627 0.030518 
400 48.120527 0.000000 0.173697 99.247581 0.000000 0.151687 0.014989 
401 48.297168 0.000000 0.002236 97.498779 0.000000 1.506582 0.049172 
402 48.473810 0.000000 0.173697 100.190866 0.000000 -5.440355 -0.006781 
403 48.297168 0.000000 0.345158 98.619371 0.000000 1.562380 0.027178 
404 48.650451 0.000000 0.173697 100.897855 0.000000 -6.797742 -0.022659 
405 48.650451 0.000000 0.002236 93.488673 0.000000 -3.068261 0.125045 
406 48.650451 0.000000 0.345158 99.233069 0.000000 -0.102890 0.015279 
407 48.915413 0.000000 0.087967 87.286116 0.000000 -6.708333 0.233613 
408 48.827092 0.000000 0.087967 89.443192 0.000000 -4.473183 0.197991 
409 48.915413 0.000000 0.002236 85.800256 0.000000 -6.123386 0.260082 
410 49.003734 0.000000 0.087967 87.439513 0.000000 -13.286522 0.217780 
411 48.915413 0.000000 0.173697 88.388383 0.000000 -5.295405 0.215945 
412 49.092054 0.000000 0.087967 86.176213 0.000000 -7.727299 0.251395 
413 49.092054 0.000000 0.173697 86.494935 0.000000 -5.147026 0.249213 
414 49.224535 0.000000 0.045102 18.620814 0.000000 249.654677 -5.267419 
415 49.180375 0.000000 0.045102 18.001035 0.000000 251.493234 -5.357288 
416 49.268696 0.000000 0.045102 82.527067 0.000000 4.197680 0.317166 
417 49.224535 0.000000 0.087967 82.771665 0.000000 1.950065 0.314505 
418 49.136215 0.000000 0.045102 82.604728 0.000000 -3.476709 0.316437 
419 49.092054 0.000000 0.045102 83.440375 0.000000 -6.489490 0.299559 
420 49.136215 0.000000 0.002236 81.967377 0.000000 -2.974932 0.327250 
421 49.136215 0.000000 0.087967 83.223924 0.000000 -3.483020 0.306165 
422 49.202455 0.000000 0.023669 1.907661 0.000000 240.774208 -4.797586 
423 49.180375 0.000000 0.023669 17.743589 0.000000 193.243804 -2.765800 
424 49.202455 0.000000 0.002236 3.773453 0.000000 241.651649 -4.840976 
425 49.224535 0.000000 0.023669 18.548221 0.000000 191.448983 -2.699675 
426 49.202455 0.000000 0.045102 3.654712 0.000000 292.718171 -7.569728 
427 98.286664 0.000000 10.975731 99.948117 0.000000 -1.525114 0.000805 
428 98.286664 0.000000 0.002236 99.901972 0.000000 -1.975101 0.001569 
429 109.591709 0.000000 10.975731 99.961794 0.000000 -1.487741 0.000543 
430 98.286664 0.000000 21.949225 99.991223 0.000000 -1.023885 0.000071 
431 98.286664 0.000000 -10.971258 99.879296 0.000000 -1.538780 0.002176 
432 98.286664 0.000000 -21.944752 99.880659 0.000000 -0.975413 0.002290 
433 109.591709 0.000000 -10.971258 99.922976 0.000000 -1.531763 0.001305 
434 43.174570 0.000000 -1.369450 92.334644 0.000000 26.643251 0.076445 
435 43.174570 0.000000 -2.741137 89.024855 0.000000 30.551150 0.114120 
436 45.294266 0.000000 -0.683607 91.331996 0.000000 29.532332 0.078631 
437 44.587700 0.000000 -0.683607 93.654535 0.000000 23.827931 0.066106 
438 45.294266 0.000000 -1.369450 90.534809 0.000000 34.692077 0.059991 
439 47.767244 0.000000 -0.340685 93.794989 0.000000 15.956645 0.094789 
440 47.413962 0.000000 -0.340685 92.905510 0.000000 18.295373 0.103385 
441 47.767244 0.000000 -0.683607 84.363386 0.000000 48.026526 0.057627 
442 48.650451 0.000000 -0.169224 94.371720 0.000000 6.365181 0.105346 
443 48.473810 0.000000 -0.169224 96.366549 0.000000 2.854366 0.070534 
444 48.650451 0.000000 -0.340685 92.930143 0.000000 13.084898 0.119277 
445 48.297168 0.000000 -0.169224 96.560975 0.000000 4.316824 0.065734 
446 48.120527 0.000000 -0.169224 94.652943 0.000000 9.211492 0.095597 
447 48.297168 0.000000 -0.340685 93.160072 0.000000 12.970673 0.115296 
448 48.915413 0.000000 -0.083494 85.884759 0.000000 -4.253226 0.260572 
449 48.827092 0.000000 -0.083494 88.222830 0.000000 -2.724884 0.220931 
450 48.915413 0.000000 -0.169224 86.742884 0.000000 -1.635999 0.247300 
451 49.136215 0.000000 -0.040629 81.592177 0.000000 -1.981808 0.333879 
452 49.092054 0.000000 -0.040629 81.898664 0.000000 -4.897938 0.326862 
453 49.136215 0.000000 -0.083494 81.504617 0.000000 -0.463817 0.335678 
454 37.522047 0.000000 -1.369450 103.161412 0.000000 0.455221 -0.064248 
455 37.522047 0.000000 -2.741137 100.885865 0.000000 0.130993 -0.017797 
456 37.522047 0.000000 0.002236 99.108353 0.000000 13.327273 -0.000008 
457 37.522047 0.000000 1.373923 103.499442 0.000000 0.018935 -0.071213 
458 37.522047 0.000000 2.745610 101.128476 0.000000 -0.375263 -0.022711 
459 47.060679 0.000000 0.345158 103.395041 0.000000 -1.463890 -0.069268 
460 47.060679 0.000000 0.002236 94.058533 0.000000 9.491411 0.106291 
461 47.060679 0.000000 0.688080 99.216690 0.000000 9.056503 0.007403 
462 47.060679 0.000000 -0.340685 92.915466 0.000000 19.844761 0.097290 
463 46.707396 0.000000 -0.340685 94.418050 0.000000 17.465842 0.078018 
464 47.060679 0.000000 -0.683607 88.524025 0.000000 31.452782 0.117422 
465 46.354114 0.000000 -0.340685 92.554334 0.000000 22.127624 0.094406 
466 46.000831 0.000000 -0.340685 93.218510 0.000000 21.710530 0.083896 
467 46.354114 0.000000 -0.683607 89.631716 0.000000 29.656024 0.108668 
1 7 12 10 11 
2 12 2 13 10 
3 1 17 15 16 
4 17 7 11 15 
5 19 21 3 22 
6 20 19 22 9 
7 11 25 23 24 
8 25 10 26 23 
9 28 20 9 30 
10 29 28 30 4 
11 15 33 31 32 
12 33 11 24 31 
13 35 37 19 38 
14 36 35 38 20 
15 24 41 39 40 
16 41 23 42 39 
17 44 36 20 46 
18 45 44 46 28 
19 31 49 47 48 
20 49 24 40 47 
21 51 53 35 54 
22 52 51 54 36 
23 40 57 55 56 
24 57 39 58 55 
25 60 52 36 62 
26 61 60 62 44 
27 47 65 63 64 
28 65 40 56 63 
29 67 69 51 70 
30 68 67 70 52 
31 56 73 71 72 
32 73 55 74 71 
33 76 68 52 78 
34 77 76 78 60 
35 63 81 79 80 
36 81 56 72 79 
37 83 85 67 86 
38 84 83 86 68 
39 72 89 87 88 
40 89 71 90 87 
41 10 93 92 26 
42 93 13 94 92 
43 92 94 8 95 
44 26 92 95 14 
45 23 97 96 42 
46 97 26 98 96 
47 96 98 14 99 
48 42 96 99 27 
49 39 101 100 58 
50 101 42 102 100 
51 100 102 27 103 
52 55 105 104 74 
53 105 58 106 104 
54 104 106 43 107 
55 74 104 107 59 
56 71 109 108 90 
57 109 74 110 108 
58 108 110 59 111 
59 112 84 68 114 
60 113 112 114 76 
61 115 117 83 118 
62 116 115 118 84 
63 87 121 119 120 
64 121 90 122 119 
65 79 126 124 125 
66 126 72 88 124 
67 88 130 128 129 
68 130 87 120 128 
69 14 95 132 37 
70 95 8 133 132 
71 132 133 21 134 
72 37 132 134 19 
73 27 99 135 53 
74 99 14 136 135 
75 135 136 37 137 
76 53 135 137 35 
77 103 27 139 138 
78 138 139 53 140 
79 69 138 140 51 
80 59 107 141 85 
81 107 43 142 141 
82 141 142 69 143 
83 85 141 143 67 
84 111 59 145 144 
85 144 145 85 146 
86 117 144 146 83 
87 147 149 117 150 
88 148 147 150 115 
89 120 153 151 152 
90 153 119 154 151 
91 90 157 156 122 
92 157 108 158 156 
93 156 158 111 159 
94 122 156 159 75 
95 119 161 160 154 
96 161 122 162 160 
97 160 162 75 163 
98 164 116 84 166 
99 165 164 166 112 
100 167 148 115 169 
101 168 167 169 116 
102 170 172 147 173 
103 171 170 173 148 
104 151 176 174 175 
105 176 154 177 174 
106 128 181 179 180 
107 181 120 152 179 
108 152 185 183 184 
109 185 151 175 183 
110 75 159 187 149 
111 159 111 188 187 
112 187 188 144 189 
113 149 187 189 117 
114 163 75 191 190 
115 190 191 149 192 
116 172 190 192 147 
117 193 195 172 196 
118 194 193 196 170 
119 175 199 197 198 
120 199 174 200 197 
121 154 203 202 177 
122 203 160 204 202 
123 202 204 163 205 
124 177 202 205 123 
125 174 207 206 200 
126 207 177 208 206 
127 206 208 123 209 
128 200 206 209 178 
129 210 171 148 212 
130 211 210 212 167 
131 213 194 170 215 
132 214 213 215 171 
133 216 218 193 219 
134 217 216 219 194 
135 197 222 220 221 
136 222 200 223 220 
137 220 223 178 224 
138 183 227 225 226 
139 227 175 198 225 
140 198 231 229 230 
141 231 197 221 229 
142 123 205 233 195 
143 205 163 234 233 
144 233 234 190 235 
145 195 233 235 172 
146 178 209 236 218 
147 209 123 237 236 
148 236 237 195 238 
149 218 236 238 193 
150 224 178 241 239 
151 239 241 218 242 
152 240 239 242 216 
153 221 245 243 244 
154 245 220 246 243 
155 243 246 224 247 
156 248 217 194 250 
157 249 248 250 213 
158 251 240 216 253 
159 252 251 253 217 
160 229 256 254 255 
161 256 221 244 254 
162 255 254 257 232 
163 247 224 260 258 
164 258 260 239 261 
165 259 258 261 240 
166 244 264 262 263 
167 264 243 265 262 
168 262 265 247 266 
169 263 262 266 201 
170 124 269 267 268 
171 269 88 129 267 
172 271 168 116 273 
173 272 271 273 164 
174 267 276 274 275 
175 276 129 277 274 
176 274 277 5 278 
177 275 274 278 270 
178 16 281 279 280 
179 281 15 32 279 
180 279 32 18 282 
181 280 279 282 6 
182 32 285 283 284 
183 285 31 48 283 
184 283 48 34 286 
185 284 283 286 18 
186 48 289 287 288 
187 289 47 64 287 
188 287 64 50 290 
189 288 287 290 34 
190 64 293 291 292 
191 293 63 80 291 
192 291 80 66 294 
193 292 291 294 50 
194 80 297 295 296 
195 297 79 125 295 
196 296 295 298 66 
197 125 301 299 300 
198 301 124 268 299 
199 6 282 303 304 
200 282 18 45 303 
201 303 45 28 305 
202 304 303 305 29 
203 18 286 306 307 
204 286 34 61 306 
205 306 61 44 308 
206 307 306 308 45 
207 34 290 309 310 
208 290 50 77 309 
209 309 77 60 311 
210 310 309 311 61 
211 50 294 312 313 
212 294 66 113 312 
213 312 113 76 314 
214 313 312 314 77 
215 66 298 315 316 
216 315 165 112 317 
217 316 315 317 113 
218 318 272 164 320 
219 319 318 320 165 
220 299 323 321 322 
221 323 268 324 321 
222 321 324 127 325 
223 322 321 325 302 
224 295 328 326 327 
225 328 125 300 326 
226 327 326 329 298 
227 300 332 330 331 
228 332 299 322 330 
229 330 322 302 333 
230 298 329 334 335 
231 334 319 165 336 
232 335 334 336 315 
233 326 339 337 338 
234 339 300 331 337 
235 338 337 340 329 
236 333 302 343 341 
237 341 343 318 344 
238 342 341 344 319 
239 331 347 345 346 
240 347 330 348 345 
241 345 348 333 349 
242 346 345 349 82 
243 329 340 350 351 
244 350 342 319 352 
245 351 350 352 334 
246 337 355 353 354 
247 355 331 346 353 
248 354 353 356 340 
249 340 356 357 358 
250 356 82 359 357 
251 357 359 342 360 
252 358 357 360 350 
253 353 363 361 362 
254 363 346 364 361 
255 361 364 82 365 
256 362 361 365 356 
257 82 349 366 359 
258 349 333 367 366 
259 366 367 341 368 
260 359 366 368 342 
261 302 325 369 343 
262 325 127 370 369 
263 369 370 272 371 
264 343 369 371 318 
265 270 278 372 373 
266 278 5 374 372 
267 372 374 168 375 
268 373 372 375 271 
269 376 214 171 379 
270 377 376 379 210 
271 5 381 380 374 
272 381 131 211 380 
273 380 211 167 382 
274 374 380 382 168 
275 131 385 383 384 
276 385 182 377 383 
277 383 377 210 386 
278 384 383 386 211 
279 179 389 387 388 
280 389 152 184 387 
281 182 392 390 391 
282 392 378 393 390 
283 390 393 376 394 
284 391 390 394 377 
285 91 397 395 396 
286 397 186 249 395 
287 395 249 213 398 
288 396 395 398 214 
289 186 401 399 400 
290 401 228 402 399 
291 399 402 248 403 
292 400 399 403 249 
293 228 405 404 402 
294 405 155 252 404 
295 404 252 217 406 
296 402 404 406 248 
297 155 409 407 408 
298 409 232 410 407 
299 407 410 251 411 
300 408 407 411 252 
301 232 257 412 410 
302 412 259 240 413 
303 410 412 413 251 
304 266 247 416 414 
305 414 416 258 417 
306 415 414 417 259 
307 257 420 418 419 
308 420 201 415 418 
309 418 415 259 421 
310 419 418 421 412 
311 201 424 422 423 
312 424 266 425 422 
313 422 425 414 426 
314 423 422 426 415 
315 43 428 427 142 
316 428 103 429 427 
317 427 429 138 430 
318 142 427 430 69 
319 58 432 431 106 
320 432 100 433 431 
321 431 433 103 428 
322 106 431 428 43 
323 129 435 434 277 
324 435 128 180 434 
325 434 180 131 381 
326 277 434 381 5 
327 180 438 436 437 
328 438 179 388 436 
329 436 388 182 385 
330 437 436 385 131 
331 184 441 439 440 
332 441 183 226 439 
333 439 226 186 397 
334 440 439 397 91 
335 225 444 442 443 
336 444 198 230 442 
337 442 230 155 405 
338 443 442 405 228 
339 226 447 445 446 
340 447 225 443 445 
341 445 443 228 401 
342 446 445 401 186 
343 230 450 448 449 
344 450 229 255 448 
345 448 255 232 409 
346 449 448 409 155 
347 254 453 451 452 
348 453 244 263 451 
349 451 263 201 420 
350 452 451 420 257 
351 268 455 454 324 
352 455 267 275 454 
353 454 275 270 456 
354 324 454 456 127 
355 127 456 457 370 
356 456 270 373 457 
357 457 373 271 458 
358 370 457 458 272 
359 378 460 459 393 
360 460 91 396 459 
361 459 396 214 461 
362 393 459 461 376 
363 387 464 462 463 
364 464 184 440 462 
365 462 440 91 460 
366 463 462 460 378 
367 388 467 465 466 
368 467 387 463 465 
369 465 463 378 392 
370 466 465 392 182 
