2 0.000000 100.000000 200.432622
467 370 
1 -320.000000 0.000000 -351.149578 99.998798 0.000000 0.000470 0.000024 
2 403.522878 0.000000 -351.149578 99.998676 0.000000 -0.017163 0.000026 
3 403.522878 0.000000 351.154051 100.001101 0.000000 -0.017269 -0.000022 
4 -320.000000 0.000000 351.154051 100.000988 0.000000 0.000535 -0.000020 
5 41.761439 0.000000 0.002236 110.721272 0.000000 23.309586 -0.280254 
6 -320.000000 0.000000 0.002236 99.999823 0.000000 0.000730 0.000004 
7 41.761439 0.000000 -351.149578 99.981957 0.000000 -0.007513 0.000361 
8 403.522878 0.000000 0.002236 99.999900 0.000000 -1.612748 -0.000258 
9 41.761439 0.000000 351.154051 100.020443 0.000000 -0.007585 -0.000409 
10 222.642159 0.000000 -175.573671 99.994006 0.000000 -0.065101 0.000119 
11 41.761439 0.000000 -175.573671 99.929403 0.000000 -0.028277 0.001411 
12 222.642159 0.000000 -351.149578 99.994135 0.000000 -0.017121 0.000117 
13 403.522878 0.000000 -175.573671 99.999107 0.000000 -0.063895 0.000017 
14 222.642159 0.000000 0.002236 99.998585 0.000000 -1.616749 -0.000233 
15 -139.119280 0.000000 -175.573671 99.995017 0.000000 0.001704 0.000100 
16 -320.000000 0.000000 -175.573671 99.999193 0.000000 0.000641 0.000016 
17 -139.119280 0.000000 -351.149578 99.994891 0.000000 0.000518 0.000102 
18 -139.119280 0.000000 0.002236 99.998620 0.000000 0.002778 0.000028 
19 222.642159 0.000000 175.578144 100.004193 0.000000 -0.065885 -0.000084 
20 41.761439 0.000000 175.578144 100.089150 0.000000 -0.029219 -0.001784 
21 403.522878 0.000000 175.578144 100.000571 0.000000 -0.064182 -0.000012 
22 222.642159 0.000000 351.154051 100.005370 0.000000 -0.017585 -0.000107 
23 132.201799 0.000000 -87.785717 99.970179 0.000000 -0.218669 0.000592 
24 41.761439 0.000000 -87.785717 99.802291 0.000000 -0.066605 0.003950 
25 132.201799 0.000000 -175.573671 99.974239 0.000000 -0.067388 0.000515 
26 222.642159 0.000000 -87.785717 99.995091 0.000000 -0.216489 0.000093 
27 132.201799 0.000000 0.002236 99.986957 0.000000 -1.626242 -0.000004 
28 -139.119280 0.000000 175.578144 100.003321 0.000000 0.002217 -0.000066 
29 -320.000000 0.000000 175.578144 100.000497 0.000000 0.000685 -0.000010 
30 -139.119280 0.000000 351.154051 100.004657 0.000000 0.000921 -0.000093 
31 -48.678921 0.000000 -87.785717 99.977658 -0.000000 0.005301 0.000447 
32 -139.119280 0.000000 -87.785717 99.996334 -0.000000 0.002385 0.000073 
33 -48.678921 0.000000 -175.573671 99.980269 0.000000 0.001401 0.000395 
34 -48.678921 0.000000 0.002236 99.989073 0.000000 0.009971 0.000219 
35 132.201799 0.000000 87.790190 100.014537 0.000000 -0.223903 -0.000296 
36 41.761439 0.000000 87.790190 100.326358 0.000000 -0.077696 -0.006538 
37 222.642159 0.000000 87.790190 100.002287 0.000000 -0.217566 -0.000050 
38 132.201799 0.000000 175.578144 100.021732 0.000000 -0.071072 -0.000435 
39 86.981619 0.000000 -43.891740 99.844591 -0.000000 -0.557794 0.003075 
40 41.761439 0.000000 -43.891740 99.620069 0.000000 -0.049568 0.007584 
41 86.981619 0.000000 -87.785717 99.880501 0.000000 -0.207769 0.002384 
42 132.201799 0.000000 -43.891740 99.975150 0.000000 -0.550806 0.000467 
43 86.981619 0.000000 0.002236 99.899492 0.000000 -1.676676 0.001728 
44 -48.678921 0.000000 87.790190 100.009156 0.000000 0.009340 -0.000183 
45 -139.119280 0.000000 87.790190 100.001249 0.000000 0.002731 -0.000025 
46 -48.678921 0.000000 175.578144 100.016378 0.000000 0.004499 -0.000328 
47 -3.458741 0.000000 -43.891740 99.905364 0.000000 0.010788 0.001892 
48 -48.678921 0.000000 -43.891740 99.981461 0.000000 0.007980 0.000371 
49 -3.458741 0.000000 -87.785717 99.926146 0.000000 -0.000739 0.001477 
50 -3.458741 0.000000 0.002236 99.921220 0.000000 0.034785 0.001575 
51 86.981619 0.000000 43.896213 100.042193 0.000000 -0.593840 -0.000879 
52 41.761439 0.000000 43.896213 101.119276 0.000000 -0.164231 -0.022514 
53 132.201799 0.000000 43.896213 100.002453 0.000000 -0.551026 -0.000079 
54 86.981619 0.000000 87.790190 100.086971 0.000000 -0.236054 -0.001746 
55 64.371529 0.000000 -21.944752 99.229531 0.000000 -1.018178 0.015246 
56 41.761439 0.000000 -21.944752 99.849306 0.000000 0.383977 0.002997 
57 64.371529 0.000000 -43.891740 99.469076 0.000000 -0.473179 0.010568 
58 86.981619 0.000000 -21.944752 99.852529 0.000000 -1.014348 0.002844 
59 64.371529 0.000000 0.002236 99.454749 0.000000 -1.910290 0.010510 
60 -3.458741 0.000000 43.896213 100.002534 -0.000000 0.041121 -0.000051 
61 -48.678921 0.000000 43.896213 99.999392 0.000000 0.010713 0.000012 
62 -3.458741 0.000000 87.790190 100.049711 0.000000 0.022649 -0.000995 
63 19.151349 0.000000 -21.944752 99.585859 0.000000 -0.033318 0.008266 
64 -3.458741 0.000000 -21.944752 99.904060 0.000000 0.021359 0.001918 
65 19.151349 0.000000 -43.891740 99.763714 0.000000 -0.031639 0.004720 
66 19.151349 0.000000 0.002236 99.419384 0.000000 0.110624 0.011577 
67 64.371529 0.000000 21.949225 100.129630 0.000000 -1.245484 -0.002749 
68 41.761439 0.000000 21.949225 102.946219 0.000000 -0.380081 -0.059807 
69 86.981619 0.000000 21.949225 99.979491 0.000000 -1.028060 0.000304 
70 64.371529 0.000000 43.896213 100.345599 0.000000 -0.658994 -0.006967 
71 53.066484 0.000000 -10.971258 82.462590 0.000000 150.656912 -1.949758 
72 41.761439 0.000000 -10.971258 117.129894 0.000000 4.052935 -0.373584 
73 53.066484 0.000000 -21.944752 98.085362 0.000000 -0.562970 0.037894 
74 64.371529 0.000000 -10.971258 99.235117 0.000000 -1.505237 0.015013 
75 53.066484 0.000000 0.002236 101.836861 0.000000 89.320511 -0.834890 
76 19.151349 0.000000 21.949225 99.859226 0.000000 0.205216 0.002809 
77 -3.458741 0.000000 21.949225 99.959054 -0.000000 0.042233 0.000819 
78 19.151349 0.000000 43.896213 100.130263 0.000000 0.127895 -0.002609 
79 30.456394 0.000000 -10.971258 88.573260 0.000000 -1.181772 0.215338 
80 19.151349 0.000000 -10.971258 99.448849 0.000000 0.011494 0.010993 
81 30.456394 0.000000 -21.944752 99.758451 0.000000 -0.292986 0.004817 
82 30.456394 0.000000 0.002236 89.230572 0.000000 0.992044 0.203692 
83 53.066484 0.000000 10.975731 94.185737 0.000000 121.598578 -1.365717 
84 41.761439 0.000000 10.975731 121.594723 0.000000 2.514179 -0.479160 
85 64.371529 0.000000 10.975731 99.820483 0.000000 -1.653678 0.003314 
86 53.066484 0.000000 21.949225 101.307942 0.000000 -1.504020 -0.026556 
87 47.413962 0.000000 -5.484511 106.966311 0.000000 64.141164 -0.555588 
88 41.761439 0.000000 -5.484511 104.085577 0.000000 38.313760 -0.230175 
89 47.413962 0.000000 -10.971258 104.616181 0.000000 79.423777 -0.725268 
90 53.066484 0.000000 -5.484511 101.775032 0.000000 90.680633 -0.858113 
91 47.413962 0.000000 0.002236 134.692104 0.000000 12.411174 -0.829600 
92 313.082518 0.000000 -87.785717 99.998671 0.000000 -0.213018 0.000022 
93 313.082518 0.000000 -175.573671 99.997975 0.000000 -0.064323 0.000040 
94 403.522878 0.000000 -87.785717 99.999439 0.000000 -0.212448 0.000007 
95 313.082518 0.000000 0.002236 99.999644 0.000000 -1.613344 -0.000253 
96 177.421979 0.000000 -43.891740 99.992518 0.000000 -0.544996 0.000120 
97 177.421979 0.000000 -87.785717 99.989290 0.000000 -0.217457 0.000209 
98 222.642159 0.000000 -43.891740 99.996662 0.000000 -0.544155 0.000037 
99 177.421979 0.000000 0.002236 99.996351 0.000000 -1.617926 -0.000189 
100 109.591709 0.000000 -21.944752 99.951768 0.000000 -0.997291 0.000865 
101 109.591709 0.000000 -43.891740 99.943654 0.000000 -0.556328 0.001096 
102 132.201799 0.000000 -21.944752 99.980249 0.000000 -0.989346 0.000297 
103 109.591709 0.000000 0.002236 99.963355 0.000000 -1.639282 0.000464 
104 75.676574 0.000000 -10.971258 99.724173 0.000000 -1.426520 0.005305 
105 75.676574 0.000000 -21.944752 99.691573 0.000000 -1.029355 0.006053 
106 86.981619 0.000000 -10.971258 99.871638 0.000000 -1.391760 0.002372 
107 75.676574 0.000000 0.002236 99.793247 -0.000000 -1.733536 0.003830 
108 58.719007 0.000000 -5.484511 88.292128 0.000000 137.484540 -1.669750 
109 58.719007 0.000000 -10.971258 98.505721 0.000000 -1.550258 0.029422 
110 64.371529 0.000000 -5.484511 99.316893 0.000000 -1.766479 0.013303 
111 58.719007 0.000000 0.002236 94.756397 0.000000 118.660218 -1.305902 
112 30.456394 0.000000 10.975731 88.723945 0.000000 2.178756 0.212331 
113 19.151349 0.000000 10.975731 99.606324 0.000000 0.195231 0.007854 
114 30.456394 0.000000 21.949225 100.640280 0.000000 0.563233 -0.012878 
115 47.413962 0.000000 5.488983 107.438109 0.000000 63.042047 -0.551725 
116 41.761439 0.000000 5.488983 104.404017 0.000000 38.028925 -0.234640 
117 53.066484 0.000000 5.488983 102.945271 0.000000 85.751103 -0.795098 
118 47.413962 0.000000 10.975731 105.538919 0.000000 76.160632 -0.693891 
119 50.240223 0.000000 -2.741137 104.716798 0.000000 75.341599 -0.664196 
120 47.413962 0.000000 -2.741137 107.073056 0.000000 63.135622 -0.545075 
121 50.240223 0.000000 -5.484511 104.795028 0.000000 75.565058 -0.669208 
122 53.066484 0.000000 -2.741137 101.993653 0.000000 88.677436 -0.826639 
123 50.240223 0.000000 0.002236 104.626213 0.000000 76.018414 -0.672544 
124 36.108917 0.000000 -5.484511 103.578587 0.000000 1.266696 -0.073013 
125 30.456394 0.000000 -5.484511 96.037494 0.000000 0.290190 0.077672 
126 36.108917 0.000000 -10.971258 98.328370 0.000000 1.546275 0.032914 
127 36.108917 0.000000 0.002236 110.002692 0.000000 0.788362 -0.210121 
128 44.587700 0.000000 -2.741137 108.124766 0.000000 47.128949 -0.391210 
129 41.761439 0.000000 -2.741137 104.670074 0.000000 37.417640 -0.235590 
130 44.587700 0.000000 -5.484511 108.423007 0.000000 49.987993 -0.425435 
131 44.587700 0.000000 0.002236 114.494654 0.000000 27.023785 -0.383931 
132 313.082518 0.000000 87.790190 100.000507 0.000000 -0.213814 -0.000015 
133 403.522878 0.000000 87.790190 100.000211 0.000000 -0.213207 -0.000009 
134 313.082518 0.000000 175.578144 100.001329 0.000000 -0.064696 -0.000027 
135 177.421979 0.000000 43.896213 100.000420 0.000000 -0.542748 -0.000038 
136 222.642159 0.000000 43.896213 100.000465 0.000000 -0.541499 -0.000039 
137 177.421979 0.000000 87.790190 100.005062 0.000000 -0.219250 -0.000106 
138 109.591709 0.000000 21.949225 99.987770 -0.000000 -0.984328 0.000148 
139 132.201799 0.000000 21.949225 99.994715 0.000000 -0.969461 0.000012 
140 109.591709 0.000000 43.896213 100.008254 0.000000 -0.563338 -0.000197 
141 75.676574 0.000000 10.975731 99.891856 0.000000 -1.447995 0.001952 
142 86.981619 0.000000 10.975731 99.939289 0.000000 -1.380061 0.001023 
143 75.676574 0.000000 21.949225 99.990543 0.000000 -1.089105 0.000071 
144 58.719007 0.000000 5.488983 88.543712 0.000000 136.887762 -1.657825 
145 64.371529 0.000000 5.488983 99.632292 0.000000 -1.843440 0.007001 
146 58.719007 0.000000 10.975731 99.881334 0.000000 -1.943049 0.001994 
147 50.240223 0.000000 2.745610 105.022174 0.000000 74.633975 -0.659989 
148 47.413962 0.000000 2.745610 107.410667 0.000000 62.768336 -0.547692 
149 53.066484 0.000000 2.745610 102.255251 0.000000 88.035383 -0.820636 
150 50.240223 0.000000 5.488983 105.293623 0.000000 74.399679 -0.662206 
151 48.827092 0.000000 -1.369450 105.976378 0.000000 69.084517 -0.600366 
152 47.413962 0.000000 -1.369450 107.222469 0.000000 62.096188 -0.535259 
153 48.827092 0.000000 -2.741137 105.809284 0.000000 70.258140 -0.613181 
154 50.240223 0.000000 -1.369450 104.608874 0.000000 75.932236 -0.670872 
155 48.827092 0.000000 0.002236 129.245904 0.000000 -7.199638 -0.675634 
156 55.892745 0.000000 -2.741137 100.391575 0.000000 96.359613 -0.936364 
157 55.892745 0.000000 -5.484511 98.689306 0.000000 104.583047 -1.067719 
158 58.719007 0.000000 -2.741137 94.798003 0.000000 118.532174 -1.303654 
159 55.892745 0.000000 0.002236 100.278927 0.000000 96.763939 -0.941912 
160 51.653353 0.000000 -1.369450 103.228315 0.000000 82.551369 -0.747081 
161 51.653353 0.000000 -2.741137 103.375524 0.000000 81.924009 -0.739804 
162 53.066484 0.000000 -1.369450 101.844549 0.000000 89.232214 -0.833470 
163 51.653353 0.000000 0.002236 103.225983 0.000000 82.659024 -0.748812 
164 36.108917 0.000000 5.488983 104.990853 0.000000 1.169384 -0.102445 
165 30.456394 0.000000 5.488983 96.095688 0.000000 1.341690 0.076382 
166 36.108917 0.000000 10.975731 98.814428 0.000000 0.440208 0.023552 
167 44.587700 0.000000 2.745610 108.380772 0.000000 46.668232 -0.392432 
168 41.761439 0.000000 2.745610 106.521128 0.000000 32.342389 -0.239278 
169 44.587700 0.000000 5.488983 108.832079 0.000000 50.204536 -0.436492 
170 48.827092 0.000000 1.373923 106.152192 0.000000 68.689335 -0.598651 
171 47.413962 0.000000 1.373923 117.985073 0.000000 41.996491 -0.568418 
172 50.240223 0.000000 1.373923 104.776144 0.000000 75.546877 -0.668537 
173 48.827092 0.000000 2.745610 106.151980 0.000000 69.684817 -0.612422 
174 49.533658 0.000000 -0.683607 105.075419 0.000000 74.422355 -0.657953 
175 48.827092 0.000000 -0.683607 105.990153 0.000000 69.150771 -0.601574 
176 49.533658 0.000000 -1.369450 105.071372 0.000000 74.344305 -0.656707 
177 50.240223 0.000000 -0.683607 104.600330 0.000000 76.045768 -0.672419 
178 49.533658 0.000000 0.002236 105.107605 0.000000 74.377507 -0.657962 
179 46.000831 0.000000 -1.369450 110.951537 0.000000 48.432581 -0.465596 
180 44.587700 0.000000 -1.369450 108.528351 0.000000 40.643655 -0.343031 
181 46.000831 0.000000 -2.741137 108.103219 0.000000 55.292449 -0.474356 
182 46.000831 0.000000 0.002236 120.517723 0.000000 24.433629 -0.512152 
183 48.120527 0.000000 -0.683607 106.533275 0.000000 67.102678 -0.585211 
184 47.413962 0.000000 -0.683607 114.054171 0.000000 48.016115 -0.531390 
185 48.120527 0.000000 -1.369450 106.505425 0.000000 67.082431 -0.584346 
186 48.120527 0.000000 0.002236 141.927429 0.000000 1.874358 -1.014691 
187 55.892745 0.000000 2.745610 100.588580 0.000000 95.869602 -0.930904 
188 58.719007 0.000000 2.745610 94.949483 0.000000 118.165738 -1.297855 
189 55.892745 0.000000 5.488983 99.049897 0.000000 103.688190 -1.056212 
190 51.653353 0.000000 1.373923 103.382085 0.000000 82.186381 -0.744246 
191 53.066484 0.000000 1.373923 101.983913 0.000000 88.891945 -0.830250 
192 51.653353 0.000000 2.745610 103.660240 0.000000 81.243920 -0.734602 
193 49.533658 0.000000 0.688080 105.166840 0.000000 74.209730 -0.656715 
194 48.827092 0.000000 0.688080 106.080487 0.000000 68.947907 -0.600688 
195 50.240223 0.000000 0.688080 104.686012 0.000000 75.848682 -0.671218 
196 49.533658 0.000000 1.373923 105.249580 0.000000 73.929220 -0.654300 
197 49.180375 0.000000 -0.340685 108.418557 0.000000 28.432827 -0.256301 
198 48.827092 0.000000 -0.340685 120.594405 0.000000 34.868572 -0.575883 
199 49.180375 0.000000 -0.683607 105.728552 0.000000 70.106621 -0.609346 
200 49.533658 0.000000 -0.340685 105.088001 0.000000 74.415543 -0.658116 
201 49.180375 0.000000 0.002236 25.511781 0.000000 266.440262 -6.164126 
202 50.946788 0.000000 -0.683607 103.868553 0.000000 79.444637 -0.710013 
203 50.946788 0.000000 -1.369450 103.885916 0.000000 79.312301 -0.708272 
204 51.653353 0.000000 -0.683607 103.206992 0.000000 82.677964 -0.748733 
205 50.946788 0.000000 0.002236 104.215956 0.000000 77.374067 -0.684771 
206 49.886940 0.000000 -0.340685 104.840503 0.000000 75.266368 -0.665656 
207 49.886940 0.000000 -0.683607 104.829973 0.000000 75.267344 -0.665450 
208 50.240223 0.000000 -0.340685 104.608925 0.000000 76.050077 -0.672664 
209 49.886940 0.000000 0.002236 104.858948 0.000000 75.231587 -0.665519 
210 46.000831 0.000000 1.373923 116.669986 0.000000 35.033392 -0.483922 
211 44.587700 0.000000 1.373923 113.034834 0.000000 27.635140 -0.354057 
212 46.000831 0.000000 2.745610 108.397045 0.000000 54.667611 -0.473847 
213 48.120527 0.000000 0.688080 133.641681 0.000000 20.531219 -0.828163 
214 47.413962 0.000000 0.688080 133.931757 0.000000 14.861076 -0.815857 
215 48.120527 0.000000 1.373923 106.686882 0.000000 66.668188 -0.582674 
216 49.180375 0.000000 0.345158 119.137229 0.000000 19.612514 -0.457833 
217 48.827092 0.000000 0.345158 135.812268 0.000000 0.034267 -0.844497 
218 49.533658 0.000000 0.345158 105.134011 0.000000 74.308574 -0.657492 
219 49.180375 0.000000 0.688080 105.816859 0.000000 69.909726 -0.608458 
220 49.357016 0.000000 -0.169224 105.226257 0.000000 73.950644 -0.654126 
221 49.180375 0.000000 -0.169224 115.680219 0.000000 5.004098 -0.340695 
222 49.357016 0.000000 -0.340685 105.216974 0.000000 73.966777 -0.654170 
223 49.533658 0.000000 -0.169224 105.096936 0.000000 74.400423 -0.658079 
224 49.357016 0.000000 0.002236 115.793985 0.000000 10.239348 -0.351309 
225 48.473810 0.000000 -0.340685 134.042322 0.000000 13.124619 -0.813960 
226 48.120527 0.000000 -0.340685 130.874502 0.000000 23.785606 -0.769389 
227 48.473810 0.000000 -0.683607 106.259419 0.000000 68.146527 -0.593501 
228 48.473810 0.000000 0.002236 143.205402 0.000000 -5.258345 -1.053544 
229 49.003734 0.000000 -0.169224 119.142015 0.000000 -1.517679 -0.419712 
230 48.827092 0.000000 -0.169224 127.775784 0.000000 -2.882325 -0.633496 
231 49.003734 0.000000 -0.340685 108.632748 0.000000 25.876492 -0.247067 
232 49.003734 0.000000 0.002236 116.685121 0.000000 -15.130692 -0.384436 
233 50.946788 0.000000 0.688080 104.274991 0.000000 77.206288 -0.683408 
234 51.653353 0.000000 0.688080 103.285452 0.000000 82.492049 -0.747282 
235 50.946788 0.000000 1.373923 104.070745 0.000000 78.911566 -0.705776 
236 49.886940 0.000000 0.345158 104.885115 0.000000 75.163254 -0.665040 
237 50.240223 0.000000 0.345158 104.652029 0.000000 75.950967 -0.672060 
238 49.886940 0.000000 0.688080 104.918632 0.000000 75.062338 -0.664227 
239 49.357016 0.000000 0.173697 118.170755 0.000000 24.191609 -0.454956 
240 49.180375 0.000000 0.173697 118.730005 0.000000 -0.062278 -0.409682 
241 49.533658 0.000000 0.173697 105.119978 0.000000 74.346856 -0.657766 
242 49.357016 0.000000 0.345158 105.263634 0.000000 73.857957 -0.653543 
243 49.268696 0.000000 -0.083494 115.976897 0.000000 6.262584 -0.348986 
244 49.180375 0.000000 -0.083494 116.369430 0.000000 0.738794 -0.354239 
245 49.268696 0.000000 -0.169224 115.385233 0.000000 9.207575 -0.339853 
246 49.357016 0.000000 -0.083494 108.310367 0.000000 28.069330 -0.251902 
247 49.268696 0.000000 0.002236 116.615069 0.000000 4.487303 -0.361921 
248 48.473810 0.000000 0.345158 144.902420 0.000000 -2.472702 -1.100283 
249 48.120527 0.000000 0.345158 146.069381 0.000000 0.006549 -1.133626 
250 48.473810 0.000000 0.688080 136.919550 0.000000 17.371662 -0.904874 
251 49.003734 0.000000 0.173697 127.841092 0.000000 -11.975155 -0.648675 
252 48.827092 0.000000 0.173697 131.746546 0.000000 -7.266072 -0.740995 
253 49.003734 0.000000 0.345158 128.099557 0.000000 -2.047013 -0.641369 
254 49.092054 0.000000 -0.083494 116.049572 0.000000 -4.908627 -0.349160 
255 49.003734 0.000000 -0.083494 121.161013 0.000000 -9.729137 -0.477465 
256 49.092054 0.000000 -0.169224 115.726386 0.000000 1.541931 -0.339497 
257 49.092054 0.000000 0.002236 119.076476 0.000000 -9.590450 -0.427118 
258 49.268696 0.000000 0.087967 117.106508 0.000000 4.323258 -0.373262 
259 49.180375 0.000000 0.087967 118.599495 0.000000 -2.454284 -0.407186 
260 49.357016 0.000000 0.087967 116.052527 0.000000 10.158605 -0.357139 
261 49.268696 0.000000 0.173697 117.165282 0.000000 5.879448 -0.376227 
262 49.224535 0.000000 -0.040629 116.615988 0.000000 2.235505 -0.360429 
263 49.180375 0.000000 -0.040629 26.371564 0.000000 346.866873 -11.101209 
264 49.224535 0.000000 -0.083494 116.223291 0.000000 3.553041 -0.352048 
265 49.268696 0.000000 -0.040629 116.297200 0.000000 5.196605 -0.355204 
266 49.224535 0.000000 0.002236 26.418958 0.000000 264.320044 -6.056305 
267 38.935178 0.000000 -2.741137 105.554364 0.000000 28.001327 -0.192580 
268 36.108917 0.000000 -2.741137 106.968933 0.000000 0.763762 -0.144294 
269 38.935178 0.000000 -5.484511 103.448185 0.000000 33.253575 -0.180733 
270 38.935178 0.000000 0.002236 109.421654 0.000000 19.515424 -0.235395 
271 38.935178 0.000000 2.745610 105.854286 0.000000 27.252304 -0.194782 
272 36.108917 0.000000 2.745610 107.160076 0.000000 1.654563 -0.148602 
273 38.935178 0.000000 5.488983 103.686059 0.000000 33.283614 -0.185860 
274 40.348308 0.000000 -1.369450 109.325208 0.000000 24.658480 -0.256004 
275 38.935178 0.000000 -1.369450 108.641536 0.000000 21.925293 -0.228370 
276 40.348308 0.000000 -2.741137 105.884031 0.000000 31.611536 -0.221072 
277 41.761439 0.000000 -1.369450 108.198171 0.000000 30.995283 -0.266755 
278 40.348308 0.000000 0.002236 108.934023 0.000000 24.073500 -0.244615 
279 -229.559640 0.000000 -87.785717 99.998823 0.000000 0.001190 0.000024 
280 -320.000000 0.000000 -87.785717 99.999487 0.000000 0.000700 0.000010 
281 -229.559640 0.000000 -175.573671 99.998224 0.000000 0.001020 0.000036 
282 -229.559640 0.000000 0.002236 99.999584 0.000000 0.001280 0.000008 
283 -93.899101 0.000000 -43.891740 99.993782 0.000000 0.004662 0.000124 
284 -139.119280 0.000000 -43.891740 99.997380 0.000000 0.002646 0.000052 
285 -93.899101 0.000000 -87.785717 99.991952 0.000000 0.003375 0.000161 
286 -93.899101 0.000000 0.002236 99.996608 0.000000 0.005152 0.000068 
287 -26.068831 0.000000 -21.944752 99.966623 0.000000 0.013929 0.000667 
288 -48.678921 0.000000 -21.944752 99.984760 0.000000 0.009229 0.000305 
289 -26.068831 0.000000 -43.891740 99.961854 0.000000 0.010601 0.000763 
290 -26.068831 0.000000 0.002236 99.975053 0.000000 0.016791 0.000499 
291 7.846304 0.000000 -10.971258 99.805863 0.000000 0.040071 0.003879 
292 -3.458741 0.000000 -10.971258 99.909652 0.000000 0.028436 0.001806 
293 7.846304 0.000000 -21.944752 99.808256 0.000000 0.023145 0.003831 
294 7.846304 0.000000 0.002236 99.824056 0.000000 0.059743 0.003515 
295 24.803872 0.000000 -5.484511 87.223273 0.000000 0.043697 0.239210 
296 19.151349 0.000000 -5.484511 99.408574 0.000000 0.056375 0.011793 
297 24.803872 0.000000 -10.971258 98.962479 0.000000 -0.156734 0.020640 
298 24.803872 0.000000 0.002236 90.212265 0.000000 0.510788 0.186149 
299 33.282655 0.000000 -2.741137 99.855007 0.000000 1.028000 0.002792 
300 30.456394 0.000000 -2.741137 95.461281 0.000000 0.436205 0.088695 
301 33.282655 0.000000 -5.484511 99.462267 0.000000 1.407186 0.010528 
302 33.282655 0.000000 0.002236 105.859789 0.000000 0.816206 -0.120696 
303 -229.559640 0.000000 87.790190 100.000392 0.000000 0.001264 -0.000008 
304 -320.000000 0.000000 87.790190 100.000170 0.000000 0.000724 -0.000003 
305 -229.559640 0.000000 175.578144 100.001116 0.000000 0.001148 -0.000022 
306 -93.899101 0.000000 43.896213 99.999932 0.000000 0.005245 0.000001 
307 -139.119280 0.000000 43.896213 99.999951 0.000000 0.002834 0.000001 
308 -93.899101 0.000000 87.790190 100.002688 0.000000 0.004446 -0.000054 
309 -26.068831 0.000000 21.949225 99.986400 0.000000 0.018426 0.000272 
310 -48.678921 0.000000 21.949225 99.994108 0.000000 0.010712 0.000118 
311 -26.068831 0.000000 43.896213 99.998719 -0.000000 0.018385 0.000026 
312 7.846304 0.000000 10.975731 99.865405 0.000000 0.075455 0.002690 
313 -3.458741 0.000000 10.975731 99.938356 0.000000 0.039828 0.001232 
314 7.846304 0.000000 21.949225 99.920677 0.000000 0.083147 0.001585 
315 24.803872 0.000000 5.488983 87.248785 0.000000 0.927836 0.238679 
316 19.151349 0.000000 5.488983 99.490637 0.000000 0.161056 0.010159 
317 24.803872 0.000000 10.975731 99.277582 0.000000 0.459041 0.014375 
318 33.282655 0.000000 2.745610 99.919881 0.000000 1.655214 0.001328 
319 30.456394 0.000000 2.745610 96.407246 0.000000 0.854084 0.070491 
320 33.282655 0.000000 5.488983 99.880797 0.000000 1.143387 0.002252 
321 34.695786 0.000000 -1.369450 108.216243 0.000000 -2.048960 -0.171495 
322 33.282655 0.000000 -1.369450 105.354331 0.000000 -4.020857 -0.111570 
323 34.695786 0.000000 -2.741137 104.185493 0.000000 -0.010283 -0.085462 
324 36.108917 0.000000 -1.369450 110.997539 0.000000 -0.531649 -0.232074 
325 34.695786 0.000000 0.002236 106.309736 0.000000 1.047700 -0.130286 
326 27.630133 0.000000 -2.741137 92.935095 0.000000 0.292912 0.136298 
327 24.803872 0.000000 -2.741137 88.766305 0.000000 0.009102 0.212054 
328 27.630133 0.000000 -5.484511 92.195653 0.000000 0.081088 0.149995 
329 27.630133 0.000000 0.002236 92.723505 0.000000 0.597631 0.140199 
330 31.869525 0.000000 -1.369450 103.073849 0.000000 -7.080048 -0.067435 
331 30.456394 0.000000 -1.369450 95.973670 0.000000 1.168014 0.078769 
332 31.869525 0.000000 -2.741137 97.628176 0.000000 0.739110 0.046819 
333 31.869525 0.000000 0.002236 102.537330 0.000000 0.647393 -0.051432 
334 27.630133 0.000000 2.745610 92.960222 0.000000 0.903032 0.135758 
335 24.803872 0.000000 2.745610 88.824956 0.000000 0.991309 0.210914 
336 27.630133 0.000000 5.488983 92.284523 0.000000 1.032807 0.148250 
337 29.043264 0.000000 -1.369450 94.889067 0.000000 0.617704 0.099568 
338 27.630133 0.000000 -1.369450 92.776397 0.000000 0.433774 0.139235 
339 29.043264 0.000000 -2.741137 95.085927 0.000000 0.475534 0.095844 
340 29.043264 0.000000 0.002236 94.823126 0.000000 0.792197 0.100795 
341 31.869525 0.000000 1.373923 103.553081 0.000000 8.243063 -0.079119 
342 30.456394 0.000000 1.373923 96.173344 0.000000 0.701628 0.075020 
343 33.282655 0.000000 1.373923 105.694929 0.000000 5.571154 -0.120246 
344 31.869525 0.000000 2.745610 97.678102 0.000000 1.439189 0.045692 
345 31.162959 0.000000 -0.683607 102.093568 0.000000 -17.362274 -0.072455 
346 30.456394 0.000000 -0.683607 92.275865 0.000000 -28.065625 0.069749 
347 31.162959 0.000000 -1.369450 101.203143 0.000000 -10.770677 -0.035808 
348 31.869525 0.000000 -0.683607 104.872405 0.000000 -10.886363 -0.111673 
349 31.162959 0.000000 0.002236 100.612812 0.000000 0.739667 -0.012348 
350 29.043264 0.000000 1.373923 94.906982 0.000000 0.969506 0.099172 
351 27.630133 0.000000 1.373923 92.789875 0.000000 0.761629 0.138946 
352 29.043264 0.000000 2.745610 95.119209 0.000000 1.119813 0.095108 
353 29.749829 0.000000 -0.683607 94.991638 0.000000 0.695875 0.097610 
354 29.043264 0.000000 -0.683607 94.837629 0.000000 0.702534 0.100533 
355 29.749829 0.000000 -1.369450 95.044182 0.000000 0.604756 0.096624 
356 29.749829 0.000000 0.002236 94.976964 0.000000 0.792535 0.097875 
357 29.749829 0.000000 0.688080 95.001479 0.000000 0.889961 0.097393 
358 29.043264 0.000000 0.688080 94.846764 0.000000 0.882569 0.100331 
359 30.456394 0.000000 0.688080 92.913201 0.000000 29.455541 0.049951 
360 29.749829 0.000000 1.373923 95.063459 0.000000 0.983355 0.096197 
361 30.103111 0.000000 -0.340685 55.883784 0.000000 -32.396140 0.582749 
362 29.749829 0.000000 -0.340685 94.979413 0.000000 0.743801 0.097836 
363 30.103111 0.000000 -0.683607 89.307516 0.000000 -25.555481 0.137108 
364 30.456394 0.000000 -0.340685 89.991253 0.000000 -32.668417 0.083435 
365 30.103111 0.000000 0.002236 35.049771 0.000000 1.145806 0.877020 
366 31.162959 0.000000 0.688080 102.898548 0.000000 18.370815 -0.092560 
367 31.869525 0.000000 0.688080 105.670548 0.000000 11.818047 -0.130593 
368 31.162959 0.000000 1.373923 101.764552 0.000000 12.061492 -0.050150 
369 34.695786 0.000000 1.373923 108.486438 0.000000 3.794600 -0.178371 
370 36.108917 0.000000 1.373923 111.368157 0.000000 2.061688 -0.240712 
371 34.695786 0.000000 2.745610 104.349398 0.000000 2.515334 -0.089512 
372 40.348308 0.000000 1.373923 111.392245 0.000000 15.797850 -0.265780 
373 38.935178 0.000000 1.373923 109.346316 0.000000 18.603116 -0.230269 
374 41.761439 0.000000 1.373923 110.273042 0.000000 22.175232 -0.265188 
375 40.348308 0.000000 2.745610 106.565607 0.000000 28.817469 -0.218668 
376 46.707396 0.000000 0.688080 128.452308 0.000000 17.049155 -0.679067 
377 46.000831 0.000000 0.688080 127.954134 0.000000 6.761352 -0.641798 
378 46.707396 0.000000 0.002236 127.553835 0.000000 18.632559 -0.661715 
379 46.707396 0.000000 1.373923 121.868899 0.000000 30.285708 -0.576925 
380 43.174570 0.000000 1.373923 112.005805 0.000000 22.100586 -0.303374 
381 43.174570 0.000000 0.002236 112.256183 0.000000 24.317586 -0.319280 
382 43.174570 0.000000 2.745610 107.170762 0.000000 34.227535 -0.265710 
383 45.294266 0.000000 0.688080 120.176819 0.000000 21.067606 -0.488631 
384 44.587700 0.000000 0.688080 119.966962 0.000000 11.461081 -0.452343 
385 45.294266 0.000000 0.002236 118.960955 0.000000 24.263044 -0.474040 
386 45.294266 0.000000 1.373923 117.666170 0.000000 26.911327 -0.456955 
387 46.707396 0.000000 -0.683607 115.980466 0.000000 41.373750 -0.516326 
388 46.000831 0.000000 -0.683607 116.526047 0.000000 33.918047 -0.472875 
389 46.707396 0.000000 -1.369450 107.727206 0.000000 59.910496 -0.519442 
390 46.354114 0.000000 0.345158 126.397670 0.000000 17.649092 -0.628786 
391 46.000831 0.000000 0.345158 124.150406 0.000000 15.539213 -0.565479 
392 46.354114 0.000000 0.002236 125.003137 0.000000 20.603101 -0.605027 
393 46.707396 0.000000 0.345158 129.711271 0.000000 14.910577 -0.704734 
394 46.354114 0.000000 0.688080 126.464838 0.000000 17.308280 -0.629293 
395 47.767244 0.000000 0.345158 142.872210 0.000000 2.259389 -1.041757 
396 47.413962 0.000000 0.345158 136.713426 0.000000 9.186312 -0.877495 
397 47.767244 0.000000 0.002236 138.685117 0.000000 6.817746 -0.928004 
398 47.767244 0.000000 0.688080 136.105112 0.000000 12.866300 -0.869014 
399 48.297168 0.000000 0.173697 143.716763 0.000000 -1.156996 -1.065585 
400 48.120527 0.000000 0.173697 144.476904 0.000000 -1.201790 -1.087502 
401 48.297168 0.000000 0.002236 142.161108 0.000000 0.500865 -1.021003 
402 48.473810 0.000000 0.173697 148.325350 0.000000 -9.419019 -1.208913 
403 48.297168 0.000000 0.345158 143.353603 0.000000 0.494574 -1.055050 
404 48.650451 0.000000 0.173697 149.817493 0.000000 -11.400527 -1.257525 
405 48.650451 0.000000 0.002236 138.059908 0.000000 -5.807996 -0.909427 
406 48.650451 0.000000 0.345158 145.033243 0.000000 -2.197224 -1.103947 
407 48.915413 0.000000 0.087967 127.380714 0.000000 -10.913876 -0.634496 
408 48.827092 0.000000 0.087967 130.623171 0.000000 -7.887101 -0.712462 
409 48.915413 0.000000 0.002236 124.923845 0.000000 -10.010722 -0.570618 
410 49.003734 0.000000 0.087967 128.680346 0.000000 -20.071354 -0.696149 
411 48.915413 0.000000 0.173697 128.868610 0.000000 -9.025406 -0.668858 
412 49.092054 0.000000 0.087967 125.655382 0.000000 -12.303812 -0.594066 
413 49.092054 0.000000 0.173697 125.323291 0.000000 -8.839845 -0.578407 
414 49.224535 0.000000 0.045102 26.276288 0.000000 340.487008 -10.662185 
415 49.180375 0.000000 0.045102 25.524185 0.000000 343.005752 -10.830443 
416 49.268696 0.000000 0.045102 116.899145 0.000000 4.186404 -0.368294 
417 49.224535 0.000000 0.087967 117.778322 0.000000 1.090446 -0.387292 
418 49.136215 0.000000 0.045102 118.739390 0.000000 -6.332180 -0.413914 
419 49.092054 0.000000 0.045102 121.028349 0.000000 -10.446946 -0.475700 
420 49.136215 0.000000 0.002236 117.633473 0.000000 -5.598949 -0.386898 
421 49.136215 0.000000 0.087967 119.703494 0.000000 -6.385130 -0.436970 
422 49.202455 0.000000 0.023669 2.540953 0.000000 328.901125 -9.818241 
423 49.180375 0.000000 0.023669 25.218024 0.000000 263.667689 -6.015660 
424 49.202455 0.000000 0.002236 5.217481 0.000000 324.862227 -9.556269 
425 49.224535 0.000000 0.023669 26.240202 0.000000 261.202060 -5.891506 
426 49.202455 0.000000 0.045102 4.964959 0.000000 399.605852 -14.970949 
427 98.286664 0.000000 10.975731 99.962406 0.000000 -1.349816 0.000570 
428 98.286664 0.000000 0.002236 99.941711 0.000000 -1.652147 0.000892 
429 109.591709 0.000000 10.975731 99.975546 -0.000000 -1.333167 0.000311 
430 98.286664 0.000000 21.949225 99.983648 0.000000 -0.999736 0.000227 
431 98.286664 0.000000 -10.971258 99.928432 0.000000 -1.376564 0.001241 
432 98.286664 0.000000 -21.944752 99.918659 0.000000 -1.003655 0.001525 
433 109.591709 0.000000 -10.971258 99.956720 0.000000 -1.369576 0.000678 
434 43.174570 0.000000 -1.369450 108.398777 0.000000 34.651736 -0.295104 
435 43.174570 0.000000 -2.741137 104.783359 0.000000 40.816659 -0.264555 
436 45.294266 0.000000 -0.683607 113.075332 0.000000 39.101806 -0.431498 
437 44.587700 0.000000 -0.683607 112.399853 0.000000 31.291472 -0.361288 
438 45.294266 0.000000 -1.369450 109.984634 0.000000 46.057700 -0.421793 
439 47.767244 0.000000 -0.340685 131.065204 0.000000 20.961225 -0.761746 
440 47.413962 0.000000 -0.340685 126.726885 0.000000 24.505746 -0.666023 
441 47.767244 0.000000 -0.683607 106.896908 0.000000 64.404179 -0.557485 
442 48.650451 0.000000 -0.169224 136.863528 0.000000 6.923264 -0.877956 
443 48.473810 0.000000 -0.169224 140.363228 0.000000 2.304375 -0.970715 
444 48.650451 0.000000 -0.340685 132.615941 0.000000 16.138241 -0.784743 
445 48.297168 0.000000 -0.169224 139.969622 0.000000 4.387820 -0.961075 
446 48.120527 0.000000 -0.169224 135.598966 0.000000 11.466923 -0.851857 
447 48.297168 0.000000 -0.340685 132.393467 0.000000 16.515810 -0.780080 
448 48.915413 0.000000 -0.083494 124.703842 0.000000 -7.431780 -0.560628 
449 48.827092 0.000000 -0.083494 128.300988 0.000000 -5.413737 -0.649045 
450 48.915413 0.000000 -0.169224 125.539292 0.000000 -3.876457 -0.577514 
451 49.136215 0.000000 -0.040629 116.822615 0.000000 -4.211184 -0.366526 
452 49.092054 0.000000 -0.040629 118.296434 0.000000 -8.148104 -0.406044 
453 49.136215 0.000000 -0.083494 116.338791 0.000000 -2.124788 -0.353923 
454 37.522047 0.000000 -1.369450 113.170859 0.000000 0.119496 -0.280766 
455 37.522047 0.000000 -2.741137 112.494019 0.000000 -0.355240 -0.265503 
456 37.522047 0.000000 0.002236 108.531829 0.000000 17.598549 -0.208887 
457 37.522047 0.000000 1.373923 113.560928 0.000000 -0.364550 -0.289622 
458 37.522047 0.000000 2.745610 112.773302 0.000000 -0.929543 -0.271868 
459 47.060679 0.000000 0.345158 140.487806 0.000000 -2.201540 -0.974167 
460 47.060679 0.000000 0.002236 130.880067 0.000000 13.139611 -0.730224 
461 47.060679 0.000000 0.688080 132.477122 0.000000 12.076451 -0.769603 
462 47.060679 0.000000 -0.340685 124.445228 0.000000 26.658513 -0.619729 
463 46.707396 0.000000 -0.340685 124.887542 0.000000 23.516824 -0.614994 
464 47.060679 0.000000 -0.683607 115.922384 0.000000 42.256218 -0.522359 
465 46.354114 0.000000 -0.340685 119.709267 0.000000 29.811938 -0.521906 
466 46.000831 0.000000 -0.340685 118.607817 0.000000 28.948423 -0.490583 
467 46.354114 0.000000 -0.683607 115.623686 0.000000 39.769043 -0.495041 
1 7 12 10 11 
2 12 2 13 10 
3 1 17 15 16 
4 17 7 11 15 
5 19 21 3 22 
6 20 19 22 9 
7 11 25 23 24 
8 25 10 26 23 
9 28 20 9 30 
10 29 28 30 4 
11 15 33 31 32 
12 33 11 24 31 
13 35 37 19 38 
14 36 35 38 20 
15 24 41 39 40 
16 41 23 42 39 
17 44 36 20 46 
18 45 44 46 28 
19 31 49 47 48 
20 49 24 40 47 
21 51 53 35 54 
22 52 51 54 36 
23 40 57 55 56 
24 57 39 58 55 
25 60 52 36 62 
26 61 60 62 44 
27 47 65 63 64 
28 65 40 56 63 
29 67 69 51 70 
30 68 67 70 52 
31 56 73 71 72 
32 73 55 74 71 
33 76 68 52 78 
34 77 76 78 60 
35 63 81 79 80 
36 81 56 72 79 
37 83 85 67 86 
38 84 83 86 68 
39 72 89 87 88 
40 89 71 90 87 
41 10 93 92 26 
42 93 13 94 92 
43 92 94 8 95 
44 26 92 95 14 
45 23 97 96 42 
46 97 26 98 96 
47 96 98 14 99 
48 42 96 99 27 
49 39 101 100 58 
50 101 42 102 100 
51 100 102 27 103 
52 55 105 104 74 
53 105 58 106 104 
54 104 106 43 107 
55 74 104 107 59 
56 71 109 108 90 
57 109 74 110 108 
58 108 110 59 111 
59 112 84 68 114 
60 113 112 114 76 
61 115 117 83 118 
62 116 115 118 84 
63 87 121 119 120 
64 121 90 122 119 
65 79 126 124 125 
66 126 72 88 124 
67 88 130 128 129 
68 130 87 120 128 
69 14 95 132 37 
70 95 8 133 132 
71 132 133 21 134 
72 37 132 134 19 
73 27 99 135 53 
74 99 14 136 135 
75 135 136 37 137 
76 53 135 137 35 
77 103 27 139 138 
78 138 139 53 140 
79 69 138 140 51 
80 59 107 141 85 
81 107 43 142 141 
82 141 142 69 143 
83 85 141 143 67 
84 111 59 145 144 
85 144 145 85 146 
86 117 144 146 83 
87 147 149 117 150 
88 148 147 150 115 
89 120 153 151 152 
90 153 119 154 151 
91 90 157 156 122 
92 157 108 158 156 
93 156 158 111 159 
94 122 156 159 75 
95 119 161 160 154 
96 161 122 162 160 
97 160 162 75 163 
98 164 116 84 166 
99 165 164 166 112 
100 167 148 115 169 
101 168 167 169 116 
102 170 172 147 173 
103 171 170 173 148 
104 151 176 174 175 
105 176 154 177 174 
106 128 181 179 180 
107 181 120 152 179 
108 152 185 183 184 
109 185 151 175 183 
110 75 159 187 149 
111 159 111 188 187 
112 187 188 144 189 
113 149 187 189 117 
114 163 75 191 190 
115 190 191 149 192 
116 172 190 192 147 
117 193 195 172 196 
118 194 193 196 170 
119 175 199 197 198 
120 199 174 200 197 
121 154 203 202 177 
122 203 160 204 202 
123 202 204 163 205 
124 177 202 205 123 
125 174 207 206 200 
126 207 177 208 206 
127 206 208 123 209 
128 200 206 209 178 
129 210 171 148 212 
130 211 210 212 167 
131 213 194 170 215 
132 214 213 215 171 
133 216 218 193 219 
134 217 216 219 194 
135 197 222 220 221 
136 222 200 223 220 
137 220 223 178 224 
138 183 227 225 226 
139 227 175 198 225 
140 198 231 229 230 
141 231 197 221 229 
142 123 205 233 195 
143 205 163 234 233 
144 233 234 190 235 
145 195 233 235 172 
146 178 209 236 218 
147 209 123 237 236 
148 236 237 195 238 
149 218 236 238 193 
150 224 178 241 239 
151 239 241 218 242 
152 240 239 242 216 
153 221 245 243 244 
154 245 220 246 243 
155 243 246 224 247 
156 248 217 194 250 
157 249 248 250 213 
158 251 240 216 253 
159 252 251 253 217 
160 229 256 254 255 
161 256 221 244 254 
162 255 254 257 232 
163 247 224 260 258 
164 258 260 239 261 
165 259 258 261 240 
166 244 264 262 263 
167 264 243 265 262 
168 262 265 247 266 
169 263 262 266 201 
170 124 269 267 268 
171 269 88 129 267 
172 271 168 116 273 
173 272 271 273 164 
174 267 276 274 275 
175 276 129 277 274 
176 274 277 5 278 
177 275 274 278 270 
178 16 281 279 280 
179 281 15 32 279 
180 279 32 18 282 
181 280 279 282 6 
182 32 285 283 284 
183 285 31 48 283 
184 283 48 34 286 
185 284 283 286 18 
186 48 289 287 288 
187 289 47 64 287 
188 287 64 50 290 
189 288 287 290 34 
190 64 293 291 292 
191 293 63 80 291 
192 291 80 66 294 
193 292 291 294 50 
194 80 297 295 296 
195 297 79 125 295 
196 296 295 298 66 
197 125 301 299 300 
198 301 124 268 299 
199 6 282 303 304 
200 282 18 45 303 
201 303 45 28 305 
202 304 303 305 29 
203 18 286 306 307 
204 286 34 61 306 
205 306 61 44 308 
206 307 306 308 45 
207 34 290 309 310 
208 290 50 77 309 
209 309 77 60 311 
210 310 309 311 61 
211 50 294 312 313 
212 294 66 113 312 
213 312 113 76 314 
214 313 312 314 77 
215 66 298 315 316 
216 315 165 112 317 
217 316 315 317 113 
218 318 272 164 320 
219 319 318 320 165 
220 299 323 321 322 
221 323 268 324 321 
222 321 324 127 325 
223 322 321 325 302 
224 295 328 326 327 
225 328 125 300 326 
226 327 326 329 298 
227 300 332 330 331 
228 332 299 322 330 
229 330 322 302 333 
230 298 329 334 335 
231 334 319 165 336 
232 335 334 336 315 
233 326 339 337 338 
234 339 300 331 337 
235 338 337 340 329 
236 333 302 343 341 
237 341 343 318 344 
238 342 341 344 319 
239 331 347 345 346 
240 347 330 348 345 
241 345 348 333 349 
242 346 345 349 82 
243 329 340 350 351 
244 350 342 319 352 
245 351 350 352 334 
246 337 355 353 354 
247 355 331 346 353 
248 354 353 356 340 
249 340 356 357 358 
250 356 82 359 357 
251 357 359 342 360 
252 358 357 360 350 
253 353 363 361 362 
254 363 346 364 361 
255 361 364 82 365 
256 362 361 365 356 
257 82 349 366 359 
258 349 333 367 366 
259 366 367 341 368 
260 359 366 368 342 
261 302 325 369 343 
262 325 127 370 369 
263 369 370 272 371 
264 343 369 371 318 
265 270 278 372 373 
266 278 5 374 372 
267 372 374 168 375 
268 373 372 375 271 
269 376 214 171 379 
270 377 376 379 210 
271 5 381 380 374 
272 381 131 211 380 
273 380 211 167 382 
274 374 380 382 168 
275 131 385 383 384 
276 385 182 377 383 
277 383 377 210 386 
278 384 383 386 211 
279 179 389 387 388 
280 389 152 184 387 
281 182 392 390 391 
282 392 378 393 390 
283 390 393 376 394 
284 391 390 394 377 
285 91 397 395 396 
286 397 186 249 395 
287 395 249 213 398 
288 396 395 398 214 
289 186 401 399 400 
290 401 228 402 399 
291 399 402 248 403 
292 400 399 403 249 
293 228 405 404 402 
294 405 155 252 404 
295 404 252 217 406 
296 402 404 406 248 
297 155 409 407 408 
298 409 232 410 407 
299 407 410 251 411 
300 408 407 411 252 
301 232 257 412 410 
302 412 259 240 413 
303 410 412 413 251 
304 266 247 416 414 
305 414 416 258 417 
306 415 414 417 259 
307 257 420 418 419 
308 420 201 415 418 
309 418 415 259 421 
310 419 418 421 412 
311 201 424 422 423 
312 424 266 425 422 
313 422 425 414 426 
314 423 422 426 415 
315 43 428 427 142 
316 428 103 429 427 
317 427 429 138 430 
318 142 427 430 69 
319 58 432 431 106 
320 432 100 433 431 
321 431 433 103 428 
322 106 431 428 43 
323 129 435 434 277 
324 435 128 180 434 
325 434 180 131 381 
326 277 434 381 5 
327 180 438 436 437 
328 438 179 388 436 
329 436 388 182 385 
330 437 436 385 131 
331 184 441 439 440 
332 441 183 226 439 
333 439 226 186 397 
334 440 439 397 91 
335 225 444 442 443 
336 444 198 230 442 
337 442 230 155 405 
338 443 442 405 228 
339 226 447 445 446 
340 447 225 443 445 
341 445 443 228 401 
342 446 445 401 186 
343 230 450 448 449 
344 450 229 255 448 
345 448 255 232 409 
346 449 448 409 155 
347 254 453 451 452 
348 453 244 263 451 
349 451 263 201 420 
350 452 451 420 257 
351 268 455 454 324 
352 455 267 275 454 
353 454 275 270 456 
354 324 454 456 127 
355 127 456 457 370 
356 456 270 373 457 
357 457 373 271 458 
358 370 457 458 272 
359 378 460 459 393 
360 460 91 396 459 
361 459 396 214 461 
362 393 459 461 376 
363 387 464 462 463 
364 464 184 440 462 
365 462 440 91 460 
366 463 462 460 378 
367 388 467 465 466 
368 467 387 463 465 
369 465 463 378 392 
370 466 465 392 182 
