...Mass Properties...
12 Num Comps
10 Total Num Meshes
48320 Total Num Tris

8.440807431615370e+04             Total Mass
4.258583573887024e+01 -5.590264695196078e-08 -5.203008942630564e-01       Center of Gravity
3.308628566809737e+07 1.156985074713827e+07 4.453056515405548e+07       Ixx, Iyy, Izz
-7.028785261588204e+02 -2.185114630034329e+05 4.910053461337135e+02       Ixy, Ixz, Iyz
1.217793114987516e+03             Volume

Name	Mass	cgX	cgY	cgZ	Ixx	Iyy	Izz	Ixy	Ixz	Iyz	Volume
Fuel 1	1.550028627013379e+04	3.793656581351186e+01	3.382718698782638e-14	-5.512109316123663e-01	2.075299021392812e+05	6.597776192601775e+04	2.107239075247605e+05	-1.756547999496308e+02	-4.485846041281119e+01	1.236050678885221e+02	3.046584341363892e+02
Fuel 1	0.000000000000000e+00	0.000000000000000e+00	0.000000000000000e+00	0.000000000000000e+00	0.000000000000000e+00	0.000000000000000e+00	0.000000000000000e+00	0.000000000000000e+00	0.000000000000000e+00	0.000000000000000e+00	0.000000000000000e+00
Fuel 1	0.000000000000000e+00	0.000000000000000e+00	0.000000000000000e+00	0.000000000000000e+00	0.000000000000000e+00	0.000000000000000e+00	0.000000000000000e+00	0.000000000000000e+00	0.000000000000000e+00	0.000000000000000e+00	0.000000000000000e+00
Fuel 2	7.569068517799953e+03	6.606318923149132e+01	-4.566608860704249e-09	-6.546956224551145e-01	6.975061930005685e+04	1.924051216367963e+04	6.780645520306911e+04	-8.238434153080173e+01	-9.461074340959401e+02	5.945757639401433e+01	1.481580791910490e+02
Fuel 2	0.000000000000000e+00	0.000000000000000e+00	0.000000000000000e+00	0.000000000000000e+00	0.000000000000000e+00	0.000000000000000e+00	0.000000000000000e+00	0.000000000000000e+00	0.000000000000000e+00	0.000000000000000e+00	0.000000000000000e+00
Fuel 2	0.000000000000000e+00	0.000000000000000e+00	0.000000000000000e+00	0.000000000000000e+00	0.000000000000000e+00	0.000000000000000e+00	0.000000000000000e+00	0.000000000000000e+00	0.000000000000000e+00	0.000000000000000e+00	0.000000000000000e+00
Fuel Tanks	1.986935963446551e+04	4.839924324283860e+01	2.630587288083514e+01	-7.654557987104326e-01	2.650749330311610e+06	1.895985903242969e+05	2.827933669220016e+06	4.606349119088507e+05	1.796507779860737e+04	9.093250413855082e+04	3.824882982466369e+02
Fuel Tanks	1.986935989376951e+04	4.839924320474967e+01	-2.630587277327504e+01	-7.654557983892137e-01	2.650716562813130e+06	1.895984987276031e+05	2.827900997894346e+06	-4.610797431598030e+05	1.796550950036277e+04	-9.062456242178819e+04	3.824883034139668e+02
Fuel Tanks	1.158166416457049e-09	5.137821927034643e+01	3.942738644418871e+01	-2.682540860914929e-01	2.057085210927785e-07	1.831858708209920e-09	2.072151732424336e-07	-1.850256961921358e-08	-5.203237060975759e-10	5.781184155296553e-09	0.000000000000000e+00
Fuel Tanks	5.921296603674589e-10	5.086445112932656e+01	-4.068063045440572e+01	-2.415902384022565e-01	1.361830071365611e-07	6.657882996387686e-10	1.366210065001008e-07	7.192762897758566e-09	-2.043500071990362e-10	-3.935328476397045e-09	0.000000000000000e+00
Fuel 1_pm	1.080000000000000e+04	2.700000000000000e+01	0.000000000000000e+00	0.000000000000000e+00	0.000000000000000e+00	0.000000000000000e+00	0.000000000000000e+00	-0.000000000000000e+00	-0.000000000000000e+00	-0.000000000000000e+00	0.000000000000000e+00
Fuel 2_pm	1.080000000000000e+04	2.700000000000000e+01	0.000000000000000e+00	0.000000000000000e+00	0.000000000000000e+00	0.000000000000000e+00	0.000000000000000e+00	-0.000000000000000e+00	-0.000000000000000e+00	-0.000000000000000e+00	0.000000000000000e+00
Name	Mass	cgX	cgY	cgZ	Ixx	Iyy	Izz	Ixy	Ixz	Iyz	Volume
Totals	8.440807431615370e+04	4.258583573887024e+01	-5.590264695196078e-08	-5.203008942630564e-01	3.308628566809737e+07	1.156985074713827e+07	4.453056515405548e+07	-7.028785261588204e+02	-2.185114630034329e+05	4.910053461337135e+02	1.217793114987516e+03

...Filling Mass Properties (Volume Only -- No Shell or Point Mass)...
73 Num Slice

Slice	Mass	cgX	cgY	cgZ	Ixx	Iyy	Izz	Ixy	Ixz	Iyz	Volume
3.503358127485220e+01	2.261990329017149e+02	3.503358127485198e+01	8.818589235472645e-16	-3.296376752574702e-01	4.104386649726170e+02	1.534538272677939e+02	2.773435731301884e+02	-1.265768041054543e+00	-4.531314070893207e-02	1.733537743899693e+00	4.523980658034255e+00
3.549834866446557e+01	9.815937139329260e+02	3.539124739378540e+01	2.071286304748484e-15	-4.043640098278574e-01	5.114530236370354e+03	1.392840205401672e+03	3.885239865311095e+03	-9.419279743061981e+00	-8.158451382861928e+00	7.593364342700364e+00	1.963187427865897e+01
3.596311605407895e+01	2.200423502998009e+03	3.570800939784953e+01	4.748088531077798e-15	-4.692558396136901e-01	1.897904684862054e+04	4.084273056450072e+03	1.552364680514017e+04	-2.312452896683254e+01	-4.501163467880303e+01	1.765092855873549e+01	4.400847005996172e+01
3.642788344369232e+01	3.644650818679319e+03	3.599326628872361e+01	2.396093009765387e-14	-5.137432550407663e-01	4.075966752295745e+04	7.653513417536725e+03	3.476872250130856e+04	-4.012421916479558e+01	-1.160214160287398e+02	2.950118605463463e+01	7.289301637358935e+01
3.689265083330569e+01	5.088878134360622e+03	3.624851227660023e+01	3.240519948893644e-14	-5.329795487598885e-01	6.253419303638641e+04	1.160134046783879e+04	5.439877007689790e+04	-5.716013305968118e+01	-1.796158020778653e+02	4.130293819429279e+01	1.017775626872169e+02
3.735741822291907e+01	6.533105450041928e+03	3.649365025431131e+01	3.707468516386487e-14	-5.437109802648405e-01	8.430687381802496e+04	1.609371835886531e+04	7.457572865708399e+04	-7.421379219202109e+01	-2.407122966471471e+02	5.310438602354168e+01	1.306621090008446e+02
3.782218561253244e+01	7.977332765723238e+03	3.673417012612074e+01	4.020398709359696e-14	-5.505567454773169e-01	1.060786269826108e+05	2.128938140171130e+04	9.545697046616826e+04	-9.129622437586599e+01	-3.006617401825205e+02	6.486224970875747e+01	1.595466553144722e+02
3.828695300214581e+01	9.421560081404548e+03	3.697219561505289e+01	4.238684282993125e-14	-5.553037412649475e-01	1.278526550694856e+05	2.734537282882284e+04	1.172018675820583e+05	-1.085088265192395e+02	-3.599962589659404e+02	7.667399166057301e+01	1.884312016280998e+02
3.875172039175919e+01	1.086578739708586e+04	3.720872134462341e+01	4.385658027537141e-14	-5.587888421280082e-01	1.496265796922423e+05	3.441818029323334e+04	1.399641037196807e+05	-1.257236407326950e+02	-4.189596499014523e+02	8.847727250218266e+01	2.173157479417274e+02
3.921648778137256e+01	1.231001471276716e+04	3.744427517612736e+01	4.507815483267162e-14	-5.614561896444191e-01	1.714005662328738e+05	4.266405382996389e+04	1.638998698937125e+05	-1.429287862470960e+02	-4.776827705873398e+02	1.002906346685545e+02	2.462002942553550e+02
3.968125517098593e+01	1.369606120802560e+04	3.767065838475536e+01	4.018808609122954e-14	-5.616446666142262e-01	1.906654445726320e+05	5.186746846349720e+04	1.865540278581676e+05	-1.592538178936524e+02	-4.833758204580142e+02	1.114203835953632e+02	2.739212241605252e+02
4.014602256059931e+01	1.471634954325742e+04	3.784227602584508e+01	3.591093505420553e-14	-5.558934146468716e-01	1.998017953645922e+05	5.962196245862525e+04	1.996643305930645e+05	-1.709197534024108e+02	-2.887552894028240e+02	1.196819194711102e+02	2.943269908651624e+02
4.061078995021268e+01	1.522531511664135e+04	3.793482440767774e+01	3.442771179739931e-14	-5.500524160096083e-01	2.018720307005222e+05	6.402973538463330e+04	2.049138915868392e+05	-1.756521583075069e+02	-5.092716138296958e+01	1.236069918767566e+02	3.045063023328412e+02
4.107555733982606e+01	1.528400683938911e+04	3.794688505567505e+01	3.428796502525838e-14	-5.526412641267548e-01	2.072994831549882e+05	6.465201142682601e+04	2.108777982442467e+05	-1.758155263741074e+02	-1.747367954546254e+02	1.236590115985732e+02	3.056801367877965e+02
4.154032472943943e+01	1.549075276048618e+04	3.799484457105472e+01	3.385925193704433e-14	-5.630403466452112e-01	2.338007760943180e+05	6.746194988555985e+04	2.398558406330330e+05	-1.771758652336514e+02	-7.459218957326218e+02	1.253954646681613e+02	3.098150552097378e+02
4.200509211905280e+01	1.585645650971585e+04	3.808733450174910e+01	3.262202715964494e-14	-5.800121195289210e-01	2.892946222884417e+05	7.349803603418630e+04	3.008377886555884e+05	-1.800018023325302e+02	-1.800333161401894e+03	1.282555759729058e+02	3.171291301943314e+02
4.246985950866618e+01	1.637956664581264e+04	3.822729811021259e+01	3.052791645049817e-14	-6.019104088054581e-01	3.823045632709239e+05	8.360525327708843e+04	4.032401052268210e+05	-1.843218261884329e+02	-3.322220367636099e+03	1.328698937548258e+02	3.275913329162673e+02
4.293462689827955e+01	1.705823974609269e+04	3.841458223039080e+01	2.972313361962331e-14	-6.270034086271785e-01	5.221528759537546e+05	9.849380282453558e+04	5.571416631138751e+05	-1.917571610862148e+02	-5.257228201190234e+03	1.384664922384711e+02	3.411647949218687e+02
4.339939428789292e+01	1.788988696560721e+04	3.864631120080827e+01	-1.028053977189831e-07	-6.536265019497278e-01	7.188513640411197e+05	1.186936239872191e+05	7.731239921657307e+05	-2.004625477363611e+02	-7.521322356563556e+03	1.451510416335888e+02	3.577977393121596e+02
4.386416167750630e+01	1.887007807306473e+04	3.891734826899104e+01	-9.746525998945245e-08	-6.802636518009285e-01	9.828440552584940e+05	1.445191348446253e+05	1.061980255014030e+06	-2.106501866333151e+02	-1.000814567005320e+04	1.539243405251579e+02	3.774015614613108e+02
4.432892906711967e+01	1.999442681722638e+04	3.922165827146951e+01	-9.198449122069505e-08	-7.057267446293427e-01	1.324987369740903e+06	1.761371044128703e+05	1.434757215332747e+06	-2.236203190692293e+02	-1.260876962626100e+04	1.631865480557364e+02	3.998885363445446e+02
4.479369645673304e+01	2.125792129569971e+04	3.955284020515878e+01	-8.651726049069775e-08	-7.291412004651016e-01	1.756426114616931e+06	2.135872930246046e+05	1.902653256886555e+06	-2.377895291826901e+02	-1.521782532239697e+04	1.734553899344090e+02	4.251584259140122e+02
4.525846384634642e+01	2.265328304771927e+04	3.990428635023030e+01	-8.118809554538221e-08	-7.498609713379651e-01	2.288220951076741e+06	2.567721951200509e+05	2.476642372696056e+06	-2.546167277272797e+02	-1.773144576974369e+04	1.851202659253948e+02	4.530656609544047e+02
4.572323123595979e+01	2.417319915736356e+04	4.027015881979381e+01	-7.608330226430098e-08	-7.675292537809331e-01	2.931328007195445e+06	3.055615645231646e+05	3.167554162173341e+06	-2.726946796956198e+02	-2.006101619188225e+04	1.973890437116923e+02	4.834639831472920e+02
4.618799862557317e+01	2.581009756250804e+04	4.064547326858749e+01	-1.132387382290977e-07	-7.820114332367697e-01	3.696464147142346e+06	3.598157558380031e+05	3.985963243530693e+06	-2.919167606697428e+02	-2.213334724425730e+04	2.110291576649710e+02	5.162019512501830e+02
4.665276601518654e+01	2.755261200552661e+04	4.102539348712402e+01	-1.060771464217210e-07	-7.932302728666094e-01	4.593498026115740e+06	4.192883612547074e+05	4.941493706706821e+06	-3.132067551408416e+02	-2.387347490320214e+04	2.251237674640652e+02	5.510522401105557e+02
4.711753340479991e+01	2.938863015720277e+04	4.140599235857783e+01	-9.945009565158546e-08	-8.012346275232551e-01	5.631397477983531e+06	4.837411823154649e+05	6.042875951452187e+06	-3.351690273779201e+02	-2.521772676811748e+04	2.398714612573602e+02	5.877726031440793e+02
4.758230079441329e+01	3.130606417139296e+04	4.178427893628903e+01	-9.335896760027172e-08	-8.061890843570271e-01	6.818063124097855e+06	5.529754112705097e+05	7.297807992679047e+06	-3.580306283708598e+02	-2.611775038532292e+04	2.556152277551869e+02	6.261212834278833e+02
4.804706818402666e+01	3.328966314431366e+04	4.215745370425163e+01	-8.779607861871396e-08	-8.082664632057444e-01	8.159717071006915e+06	6.267141745977671e+05	8.712233446974503e+06	-3.825425930828031e+02	-2.652582416841203e+04	2.715089909825304e+02	6.657932628862969e+02
4.851183557364003e+01	3.532168597718146e+04	4.252301521951173e+01	-8.274524991608898e-08	-8.076491489748937e-01	9.660487697423300e+06	7.046176595771330e+05	1.028994175767978e+07	-4.073740138252660e+02	-2.639601050729611e+04	2.876206210890481e+02	7.064337195436524e+02
4.897660296325341e+01	3.738451777672530e+04	4.287911626910797e+01	-1.529974614487289e-07	-8.045760959554066e-01	1.132226906125367e+07	7.863682727351149e+05	1.203250577854279e+07	-4.326832911730833e+02	-2.569629410363030e+04	3.043719922797202e+02	7.476903555345289e+02
4.944137035286678e+01	3.945912139300486e+04	4.322413348116194e+01	-1.449534551575033e-07	-7.992987200392082e-01	1.314418336949234e+07	8.715911420709552e+05	1.393866781053752e+07	-4.579852803832851e+02	-2.440240389605649e+04	3.207540632989417e+02	7.891824278601190e+02
4.990613774248015e+01	4.152446913605020e+04	4.355648360404784e+01	-1.377437356462593e-07	-7.920684506846897e-01	1.512204225076434e+07	9.598074138422251e+05	1.600375517534316e+07	-4.830954347948865e+02	-2.249682392634135e+04	3.372261264558591e+02	8.304893827210251e+02
5.037090513209353e+01	4.355963077335202e+04	4.387486208954161e+01	-1.313081625965599e-07	-7.831494839484275e-01	1.724806030880180e+07	1.050493065237336e+06	1.821945084077149e+07	-5.080520863531646e+02	-1.997385308125829e+04	3.534040001087126e+02	8.711926154670609e+02
5.083567252170690e+01	4.552892486919038e+04	4.417594284042032e+01	-1.256285911369856e-07	-7.730623129689305e-01	1.947367313930067e+07	1.142379528435486e+06	2.053593604075236e+07	-5.319459786407460e+02	-1.691607621321758e+04	3.690438385994869e+02	9.105784973838278e+02
5.130043991132028e+01	4.735582909403137e+04	4.445079335085811e+01	-1.207820531773281e-07	-7.630716967438944e-01	2.162629610211697e+07	1.232081454538393e+06	2.277732840595255e+07	-5.535600354197437e+02	-1.367609213587367e+04	3.834291192051190e+02	9.471165818806478e+02
5.176520730093365e+01	4.891247450477773e+04	4.468357545855078e+01	-1.169381449524482e-07	-7.526719387025396e-01	2.365386014187237e+07	1.313193692065224e+06	2.488518250860909e+07	-5.715499619787304e+02	-1.007440024349722e+04	3.959973693694567e+02	9.782494900955764e+02
5.222997469054702e+01	5.020170680740255e+04	4.487737487847328e+01	-1.156924195616397e-07	-7.424806277287344e-01	2.551383296667433e+07	1.385153360165803e+06	2.681637949474772e+07	-5.860934112614555e+02	-6.313113099133787e+03	4.062004704697143e+02	1.004034136148074e+03
5.269474208016040e+01	5.124090163436211e+04	4.503591556174240e+01	-1.133461077823891e-07	-7.330346182385804e-01	2.716686520295322e+07	1.447749399977859e+06	2.853134627530864e+07	-5.977888451457810e+02	-2.606440430597902e+03	4.143839783081492e+02	1.024818032687266e+03
5.315950946977377e+01	5.204935816888004e+04	4.516209526519638e+01	-1.118842113006556e-07	-7.247352254112408e-01	2.857834733846465e+07	1.500603329416577e+06	2.999509444187058e+07	-6.064391287280782e+02	8.479877548426637e+02	4.207321265568464e+02	1.040987163377625e+03
5.362427685938714e+01	5.264815882442297e+04	4.525834098392747e+01	-8.848029849577986e-08	-7.178770936217950e-01	2.972037592817961e+07	1.543274259478645e+06	3.117928906511236e+07	-6.127283831364789e+02	3.868461692827740e+03	4.254428114444719e+02	1.052963176488484e+03
5.408904424900052e+01	5.306164432513571e+04	4.532715467803070e+01	-8.779081208738214e-08	-7.126378650439665e-01	3.057847134355474e+07	1.575489619861876e+06	3.206919209751615e+07	-6.169164433867182e+02	6.304150421929754e+03	4.284896525412061e+02	1.061232886502739e+03
5.455381163861389e+01	5.331770626501706e+04	4.537146633067764e+01	-8.736919151080809e-08	-7.090707321185574e-01	3.115516462435228e+07	1.597343567650073e+06	3.266744281574360e+07	-6.192710335862865e+02	8.050475498671444e+03	4.304368502760076e+02	1.066354125300366e+03
5.501857902822726e+01	5.344680034045684e+04	4.539476772732665e+01	-8.715816215883527e-08	-7.071036454501648e-01	3.147019039961264e+07	1.609422519927163e+06	3.299437195995312e+07	-6.203037829643054e+02	9.062232998433708e+03	4.313609270081181e+02	1.068936006809162e+03
5.548334641784064e+01	5.348175178982116e+04	4.540136082563512e+01	-8.710120244936575e-08	-7.065235318407599e-01	3.156263238736346e+07	1.613006978802287e+06	3.309034266148421e+07	-6.204802345893864e+02	9.375023323936406e+03	4.315469022604780e+02	1.069635035796448e+03
5.594811380745401e+01	5.348175178982116e+04	4.540136082563512e+01	-8.710120244936575e-08	-7.065235318407599e-01	3.156263238736346e+07	1.613006978802287e+06	3.309034266148421e+07	-6.204802345893864e+02	9.375023323936406e+03	4.315469022604780e+02	1.069635035796448e+03
5.641288119706739e+01	5.348175178982116e+04	4.540136082563512e+01	-8.710120244936575e-08	-7.065235318407599e-01	3.156263238736346e+07	1.613006978802287e+06	3.309034266148421e+07	-6.204802345893864e+02	9.375023323936406e+03	4.315469022604780e+02	1.069635035796448e+03
5.687764858668076e+01	5.348175178982116e+04	4.540136082563512e+01	-8.710120244936575e-08	-7.065235318407599e-01	3.156263238736346e+07	1.613006978802287e+06	3.309034266148421e+07	-6.204802345893864e+02	9.375023323936406e+03	4.315469022604780e+02	1.069635035796448e+03
5.734241597629413e+01	5.348175178982116e+04	4.540136082563512e+01	-8.710120244936575e-08	-7.065235318407599e-01	3.156263238736346e+07	1.613006978802287e+06	3.309034266148421e+07	-6.204802345893864e+02	9.375023323936406e+03	4.315469022604780e+02	1.069635035796448e+03
5.780718336590751e+01	5.348175178982116e+04	4.540136082563512e+01	-8.710120244936575e-08	-7.065235318407599e-01	3.156263238736346e+07	1.613006978802287e+06	3.309034266148421e+07	-6.204802345893864e+02	9.375023323936406e+03	4.315469022604780e+02	1.069635035796448e+03
5.827195075552088e+01	5.348175178982116e+04	4.540136082563512e+01	-8.710120244936575e-08	-7.065235318407599e-01	3.156263238736346e+07	1.613006978802287e+06	3.309034266148421e+07	-6.204802345893864e+02	9.375023323936406e+03	4.315469022604780e+02	1.069635035796448e+03
5.873671814513425e+01	5.348175178982116e+04	4.540136082563512e+01	-8.710120244936575e-08	-7.065235318407599e-01	3.156263238736346e+07	1.613006978802287e+06	3.309034266148421e+07	-6.204802345893864e+02	9.375023323936406e+03	4.315469022604780e+02	1.069635035796448e+03
5.920148553474763e+01	5.348175178982116e+04	4.540136082563512e+01	-8.710120244936575e-08	-7.065235318407599e-01	3.156263238736346e+07	1.613006978802287e+06	3.309034266148421e+07	-6.204802345893864e+02	9.375023323936406e+03	4.315469022604780e+02	1.069635035796448e+03
5.966625292436100e+01	5.348175178982116e+04	4.540136082563512e+01	-8.710120244936575e-08	-7.065235318407599e-01	3.156263238736346e+07	1.613006978802287e+06	3.309034266148421e+07	-6.204802345893864e+02	9.375023323936406e+03	4.315469022604780e+02	1.069635035796448e+03
6.013102031397437e+01	5.348175178982116e+04	4.540136082563512e+01	-8.710120244936575e-08	-7.065235318407599e-01	3.156263238736346e+07	1.613006978802287e+06	3.309034266148421e+07	-6.204802345893864e+02	9.375023323936406e+03	4.315469022604780e+02	1.069635035796448e+03
6.059578770358775e+01	5.348175178982116e+04	4.540136082563512e+01	-8.710120244936575e-08	-7.065235318407599e-01	3.156263238736346e+07	1.613006978802287e+06	3.309034266148421e+07	-6.204802345893864e+02	9.375023323936406e+03	4.315469022604780e+02	1.069635035796448e+03
6.106055509320112e+01	5.348175178982116e+04	4.540136082563512e+01	-8.710120244936575e-08	-7.065235318407599e-01	3.156263238736346e+07	1.613006978802287e+06	3.309034266148421e+07	-6.204802345893864e+02	9.375023323936406e+03	4.315469022604780e+02	1.069635035796448e+03
6.152532248281450e+01	5.348175178982116e+04	4.540136082563512e+01	-8.710120244936575e-08	-7.065235318407599e-01	3.156263238736346e+07	1.613006978802287e+06	3.309034266148421e+07	-6.204802345893864e+02	9.375023323936406e+03	4.315469022604780e+02	1.069635035796448e+03
6.199008987242787e+01	5.348175178982116e+04	4.540136082563512e+01	-8.710120244936575e-08	-7.065235318407599e-01	3.156263238736346e+07	1.613006978802287e+06	3.309034266148421e+07	-6.204802345893864e+02	9.375023323936406e+03	4.315469022604780e+02	1.069635035796448e+03
6.245485726204124e+01	5.348175178982116e+04	4.540136082563512e+01	-8.710120244936575e-08	-7.065235318407599e-01	3.156263238736346e+07	1.613006978802287e+06	3.309034266148421e+07	-6.204802345893864e+02	9.375023323936406e+03	4.315469022604780e+02	1.069635035796448e+03
6.291962465165462e+01	5.348175178982116e+04	4.540136082563512e+01	-8.710120244936575e-08	-7.065235318407599e-01	3.156263238736346e+07	1.613006978802287e+06	3.309034266148421e+07	-6.204802345893864e+02	9.375023323936406e+03	4.315469022604780e+02	1.069635035796448e+03
6.338439204126799e+01	5.348175178982116e+04	4.540136082563512e+01	-8.710120244936575e-08	-7.065235318407599e-01	3.156263238736346e+07	1.613006978802287e+06	3.309034266148421e+07	-6.204802345893864e+02	9.375023323936406e+03	4.315469022604780e+02	1.069635035796448e+03
6.384915943088136e+01	5.351145878130217e+04	4.541160215727680e+01	-8.705284804574094e-08	-7.063404915336093e-01	3.156264947161416e+07	1.623118601212699e+06	3.310045941431475e+07	-6.206714556974133e+02	9.555600127504027e+03	4.316692626825213e+02	1.070229175626068e+03
6.431392682049473e+01	5.394487304453763e+04	4.556347084571699e+01	-8.635343134049696e-08	-7.043211066911973e-01	3.156425477506103e+07	1.777166156897016e+06	3.325528378401782e+07	-6.247221610435017e+02	1.159806550638963e+04	4.348950764401055e+02	1.078897460890778e+03
6.477869421010811e+01	5.478106858468436e+04	4.585677808661883e+01	-8.503530523879635e-08	-7.017675861398472e-01	3.157086277846343e+07	2.082394152094084e+06	3.356480179379126e+07	-6.341005151195135e+02	1.424465679847798e+04	4.417261671356056e+02	1.095621371693713e+03
6.524346159972148e+01	5.589163301552731e+04	4.624199068428406e+01	-8.334565721060622e-08	-6.997994590062907e-01	3.158403168234894e+07	2.493266044106252e+06	3.398540822197735e+07	-6.471733585413883e+02	1.633444621627550e+04	4.507342427577401e+02	1.117832660310573e+03
6.570822898933486e+01	5.702563029167029e+04	4.662909138096685e+01	-8.168826650463995e-08	-6.979542876269459e-01	3.159782079164823e+07	2.916257760954677e+06	3.441863867625314e+07	-6.606059135335183e+02	1.834156625868340e+04	4.599387740340027e+02	1.140512605833434e+03
6.617299637894823e+01	5.813775712282969e+04	4.700294999212666e+01	-8.055529720372920e-08	-6.964726947806626e-01	3.161101983135497e+07	3.334695932575978e+06	3.484683310173364e+07	-6.737801716949540e+02	1.999240015770026e+04	4.689960533845145e+02	1.162755142456623e+03
6.663776376856160e+01	5.912184425209136e+04	4.732977280638889e+01	-7.937658110263881e-08	-6.959473775697015e-01	3.162070961296409e+07	3.709275754968663e+06	3.522818382736686e+07	-6.849671822118012e+02	2.059171721463886e+04	4.768506074289199e+02	1.182436885041857e+03
6.710253115817497e+01	5.991130264448212e+04	4.759032080538939e+01	-7.833062634952049e-08	-6.965241486820434e-01	3.162647145481059e+07	4.014949267705129e+06	3.553750544303995e+07	-6.932472991444781e+02	1.991721005570882e+04	4.834413131952504e+02	1.198226052889672e+03
6.756729854778835e+01	6.047366057037943e+04	4.777609113354471e+01	-7.760221260242224e-08	-6.979161442672479e-01	3.162921552638231e+07	4.237937698084616e+06	3.576198892899832e+07	-6.990564494736772e+02	1.825102301020692e+04	4.880325018708667e+02	1.209473211407619e+03
6.803206593740173e+01	6.079650651663207e+04	4.788365585605113e+01	-7.719012381436755e-08	-6.994302447804993e-01	3.163010460020302e+07	4.369976863241005e+06	3.589439134215553e+07	-7.021104752099735e+02	1.639621888709650e+04	4.904923284596458e+02	1.215930130332672e+03
6.849683332701510e+01	6.088965574937403e+04	4.791518997530609e+01	-7.707203806293633e-08	-7.001248484516076e-01	3.163020330909581e+07	4.409544103645543e+06	3.593396888978205e+07	-7.028534931724197e+02	1.552570644310500e+04	4.910045068913846e+02	1.217793114987511e+03
