2 0.000000 100.000000 240.580931
368 295 
1 -313.781262 0.000000 -352.188438 99.748803 -6.975647 0.002418 0.000152 
2 450.519155 0.000000 -352.188438 99.748671 -6.975647 -0.058725 0.000154 
3 450.519155 0.000000 366.120357 99.761525 -6.975647 -0.048764 -0.000102 
4 -313.781262 0.000000 366.120357 99.764092 -6.975647 0.002004 -0.000153 
5 68.368946 0.000000 6.965960 100.836616 -6.975647 -4.974980 -0.024143 
6 -313.781262 0.000000 6.965960 99.756960 -6.975647 0.008006 -0.000011 
7 68.368946 0.000000 -352.188438 99.722556 -6.975647 -0.029862 0.000675 
8 450.519155 0.000000 6.965960 99.664100 -6.975647 -5.377961 -0.001052 
9 68.368946 0.000000 366.120357 99.786210 -6.975647 -0.027352 -0.000595 
10 -122.706158 0.000000 -172.611239 99.723160 -6.975647 0.010052 0.000663 
11 -313.781262 0.000000 -172.611239 99.750368 -6.975647 0.005944 0.000120 
12 -122.706158 0.000000 -352.188438 99.735697 -6.975647 -0.002354 0.000413 
13 68.368946 0.000000 -172.611239 99.616196 -6.975647 -0.136749 0.002794 
14 -122.706158 0.000000 6.965960 99.760525 -6.975647 0.034697 -0.000082 
15 259.444051 0.000000 -172.611239 99.725104 -6.975647 -0.238551 0.000619 
16 259.444051 0.000000 -352.188438 99.737653 -6.975647 -0.054046 0.000374 
17 450.519155 0.000000 -172.611239 99.745929 -6.975647 -0.250529 0.000203 
18 259.444051 0.000000 6.965960 99.847753 -6.975647 -4.944935 -0.004269 
19 -122.706158 0.000000 186.543159 99.789625 -6.975647 0.007203 -0.000663 
20 -313.781262 0.000000 186.543159 99.763083 -6.975647 0.005471 -0.000133 
21 68.368946 0.000000 186.543159 99.870564 -6.975647 -0.114100 -0.002280 
22 -122.706158 0.000000 366.120357 99.776014 -6.975647 -0.003026 -0.000391 
23 -27.168606 0.000000 -82.822640 99.600270 -6.975647 0.036060 0.003113 
24 -122.706158 0.000000 -82.822640 99.729938 -6.975647 0.025730 0.000528 
25 -27.168606 0.000000 -172.611239 99.666140 -6.975647 -0.014322 0.001800 
26 68.368946 0.000000 -82.822640 99.280440 -6.975647 -0.555167 0.009443 
27 -27.168606 0.000000 6.965960 99.794835 -6.975647 0.159456 -0.000769 
28 259.444051 0.000000 186.543159 99.776484 -6.975647 -0.181074 -0.000404 
29 450.519155 0.000000 186.543159 99.757345 -6.975647 -0.172225 -0.000022 
30 259.444051 0.000000 366.120357 99.771897 -6.975647 -0.046885 -0.000309 
31 163.906499 0.000000 -82.822640 99.627156 -6.975647 -0.900840 0.002496 
32 163.906499 0.000000 -172.611239 99.686893 -6.975647 -0.222416 0.001381 
33 259.444051 0.000000 -82.822640 99.696440 -6.975647 -1.008612 0.001094 
34 163.906499 0.000000 6.965960 99.973625 -6.975647 -4.832447 -0.006674 
35 -27.168606 0.000000 96.754559 99.905243 -6.975647 0.014254 -0.002972 
36 -122.706158 0.000000 96.754559 99.787081 -6.975647 0.022249 -0.000612 
37 68.368946 0.000000 96.754559 100.092522 -6.975647 -0.396622 -0.006733 
38 -27.168606 0.000000 186.543159 99.836963 -6.975647 -0.017383 -0.001608 
39 20.600170 0.000000 -37.928340 98.909269 -6.975647 0.152283 0.016827 
40 -27.168606 0.000000 -37.928340 99.630857 -6.975647 0.118053 0.002502 
41 20.600170 0.000000 -82.822640 99.352132 -6.975647 -0.096583 0.008048 
42 68.368946 0.000000 -37.928340 98.373060 -6.975647 -2.015166 0.027002 
43 20.600170 0.000000 6.965960 100.378725 -6.975647 0.983178 -0.012551 
44 163.906499 0.000000 96.754559 99.832971 -6.975647 -0.577821 -0.001562 
45 259.444051 0.000000 96.754559 99.770069 -6.975647 -0.569497 -0.000305 
46 163.906499 0.000000 186.543159 99.810766 -6.975647 -0.176456 -0.001088 
47 116.137722 0.000000 -37.928340 99.197206 -6.975647 -3.421088 0.009955 
48 116.137722 0.000000 -82.822640 99.513581 -6.975647 -0.810980 0.004773 
49 163.906499 0.000000 -37.928340 99.412457 -6.975647 -4.278038 0.005020 
50 116.137722 0.000000 6.965960 100.035609 -6.975647 -4.399898 -0.007514 
51 20.600170 0.000000 51.860259 100.416857 -6.975647 -0.033209 -0.013221 
52 -27.168606 0.000000 51.860259 99.911884 -6.975647 0.082358 -0.003105 
53 68.368946 0.000000 51.860259 100.545422 -6.975647 -1.095575 -0.015924 
54 20.600170 0.000000 96.754559 100.069238 -6.975647 -0.104377 -0.006252 
55 44.484558 0.000000 -15.481190 95.443439 -6.975647 -1.264227 0.084029 
56 20.600170 0.000000 -15.481190 98.942139 -6.975647 0.774222 0.016119 
57 44.484558 0.000000 -37.928340 98.056512 -6.975647 -0.694298 0.033578 
58 68.368946 0.000000 -15.481190 75.935634 -6.975647 -83.360123 -0.276379 
59 44.484558 0.000000 6.965960 99.791603 0.000000 -3.915237 0.002631 
60 116.137722 0.000000 51.860259 99.975310 -6.975647 -1.335481 -0.004551 
61 163.906499 0.000000 51.860259 99.829930 -6.975647 -1.347368 -0.001649 
62 116.137722 0.000000 96.754559 99.926473 -6.975647 -0.548931 -0.003426 
63 92.253334 0.000000 -15.481190 99.571228 -6.975647 -26.815742 -0.068217 
64 92.253334 0.000000 -37.928340 98.933165 -6.975647 -2.809414 0.015568 
65 116.137722 0.000000 -15.481190 100.386568 -6.975647 -20.573263 -0.054938 
66 92.253334 0.000000 6.965960 100.474096 -6.975647 -4.208148 -0.016141 
67 44.484558 0.000000 29.413110 101.838387 -6.975647 -0.837268 -0.042042 
68 20.600170 0.000000 29.413110 100.685202 -6.975647 0.245111 -0.018623 
69 68.368946 0.000000 29.413110 100.973454 -6.975647 -2.183124 -0.024906 
70 44.484558 0.000000 51.860259 100.758365 -6.975647 -0.521747 -0.020118 
71 56.426752 0.000000 -4.257615 99.245374 0.000000 -10.071775 0.004892 
72 44.484558 0.000000 -4.257615 99.570710 0.000000 -6.452951 0.004403 
73 56.426752 0.000000 -15.481190 94.702355 -6.975647 -4.142511 0.096564 
74 68.368946 0.000000 -4.257615 99.730806 -6.975647 -7.024423 -0.004424 
75 56.426752 0.000000 6.965960 99.221891 0.000000 -10.610506 0.004243 
76 -218.243710 0.000000 -82.822640 99.748517 -6.975647 0.012998 0.000157 
77 -313.781262 0.000000 -82.822640 99.753159 -6.975647 0.007493 0.000065 
78 -218.243710 0.000000 -172.611239 99.743368 -6.975647 0.008576 0.000260 
79 -218.243710 0.000000 6.965960 99.757651 -6.975647 0.014704 -0.000025 
80 -74.937382 0.000000 -37.928340 99.719941 -6.975647 0.062263 0.000727 
81 -122.706158 0.000000 -37.928340 99.742900 -6.975647 0.032772 0.000269 
82 -74.937382 0.000000 -82.822640 99.694458 -6.975647 0.040357 0.001235 
83 -74.937382 0.000000 6.965960 99.766533 -6.975647 0.063072 -0.000202 
84 -3.284218 0.000000 -15.481190 99.594560 -6.975647 0.316851 0.003216 
85 -27.168606 0.000000 -15.481190 99.700496 -6.975647 0.154751 0.001113 
86 -3.284218 0.000000 -37.928340 99.456016 -6.975647 0.177445 0.005981 
87 -3.284218 0.000000 6.965960 99.866903 -6.975647 0.337844 -0.002217 
88 32.542364 0.000000 -4.257615 99.693472 0.000000 -5.021806 0.003599 
89 20.600170 0.000000 -4.257615 99.553433 -6.975647 1.123624 0.003919 
90 32.542364 0.000000 -15.481190 97.239474 -6.975647 0.814981 0.049516 
91 32.542364 0.000000 6.965960 99.693098 0.000000 -5.054288 0.003574 
92 92.253334 0.000000 29.413110 100.219074 -6.975647 -2.196522 -0.009735 
93 116.137722 0.000000 29.413110 99.995879 -6.975647 -2.269968 -0.005299 
94 92.253334 0.000000 51.860259 100.173386 -6.975647 -1.294073 -0.008504 
95 56.426752 0.000000 18.189535 102.480306 -6.975647 -2.775741 -0.055858 
96 44.484558 0.000000 18.189535 103.099417 -6.975647 -1.141480 -0.067945 
97 68.368946 0.000000 18.189535 101.109586 -6.975647 -3.268223 -0.028249 
98 56.426752 0.000000 29.413110 101.619036 -6.975647 -1.723069 -0.037806 
99 50.455655 0.000000 1.354172 99.481190 0.000000 -7.601598 0.004571 
100 44.484558 0.000000 1.354172 99.572689 0.000000 -6.435482 0.004386 
101 50.455655 0.000000 -4.257615 99.474179 0.000000 -7.668134 0.004609 
102 56.426752 0.000000 1.354172 99.263639 0.000000 -9.922430 0.004828 
103 50.455655 0.000000 6.965960 99.431989 0.000000 -8.087544 0.004787 
104 -27.168606 0.000000 -262.399839 99.706751 -6.975647 -0.015997 0.000990 
105 -122.706158 0.000000 -262.399839 99.728877 -6.975647 0.001079 0.000549 
106 -27.168606 0.000000 -352.188438 99.726233 -6.975647 -0.012727 0.000602 
107 68.368946 0.000000 -262.399839 99.696074 -6.975647 -0.055003 0.001203 
108 20.600170 0.000000 -127.716940 99.546999 -6.975647 -0.087639 0.004173 
109 -27.168606 0.000000 -127.716940 99.628656 -6.975647 -0.001221 0.002547 
110 20.600170 0.000000 -172.611239 99.624583 -6.975647 -0.063646 0.002628 
111 68.368946 0.000000 -127.716940 99.527789 -6.975647 -0.242197 0.004550 
112 44.484558 0.000000 -60.375490 98.890237 -6.975647 -0.448877 0.017186 
113 20.600170 0.000000 -60.375490 99.169970 -6.975647 -0.053450 0.011665 
114 44.484558 0.000000 -82.822640 99.246357 -6.975647 -0.309461 0.010141 
115 68.368946 0.000000 -60.375490 98.986037 -6.975647 -0.959872 0.015218 
116 56.426752 0.000000 -26.704765 97.165614 -6.975647 -2.230190 0.050521 
117 44.484558 0.000000 -26.704765 97.153822 -6.975647 -0.890863 0.051168 
118 56.426752 0.000000 -37.928340 98.072786 -6.975647 -1.413769 0.033107 
119 68.368946 0.000000 -26.704765 97.558382 -6.975647 -3.725123 0.041983 
120 50.455655 0.000000 -9.869403 99.417961 0.000000 -8.212804 0.004862 
121 44.484558 0.000000 -9.869403 99.822842 0.000000 -4.064060 0.001888 
122 50.455655 0.000000 -15.481190 95.272462 -6.975647 -2.500065 0.086825 
123 56.426752 0.000000 -9.869403 99.196772 0.000000 -10.802262 0.004331 
124 80.311140 0.000000 -4.257615 99.922856 -6.975647 -6.529779 -0.007587 
125 80.311140 0.000000 -15.481190 96.861680 -6.975647 -42.225405 -0.121383 
126 92.253334 0.000000 -4.257615 100.318235 -6.975647 -6.859469 -0.015946 
127 80.311140 0.000000 6.965960 99.867366 -6.975647 -4.464390 -0.004208 
128 62.397849 0.000000 1.354172 98.928624 0.000000 -13.872592 0.002068 
129 62.397849 0.000000 -4.257615 98.917664 0.000000 -13.936955 0.002106 
130 68.368946 0.000000 1.354172 100.381086 -6.975647 -5.977626 -0.016075 
131 62.397849 0.000000 6.965960 98.382864 0.000000 -17.752309 0.000567 
132 53.441204 0.000000 -1.451722 99.747236 0.000000 -8.791797 -0.002681 
133 50.455655 0.000000 -1.451722 99.835660 0.000000 -4.350380 0.001392 
134 53.441204 0.000000 -4.257615 99.359320 0.000000 -8.919024 0.004818 
135 56.426752 0.000000 -1.451722 99.243922 0.000000 -10.107426 0.004848 
136 53.441204 0.000000 1.354172 99.372943 0.000000 -8.797311 0.004763 
137 62.397849 0.000000 -9.869403 98.371219 0.000000 -17.800570 0.000624 
138 62.397849 0.000000 -15.481190 84.615156 -6.975647 -21.525455 0.232827 
139 68.368946 0.000000 -9.869403 98.603818 -6.975647 -11.742887 0.009073 
140 53.441204 0.000000 -7.063509 99.345379 0.000000 -9.041393 0.004875 
141 50.455655 0.000000 -7.063509 99.440951 0.000000 -7.991012 0.004764 
142 53.441204 0.000000 -9.869403 99.326772 0.000000 -9.239434 0.004883 
143 56.426752 0.000000 -7.063509 99.229977 0.000000 -10.290072 0.004753 
144 59.412301 0.000000 -1.451722 99.127784 0.000000 -11.414413 0.004339 
145 59.412301 0.000000 -4.257615 99.129781 0.000000 -11.387052 0.004362 
146 62.397849 0.000000 -1.451722 99.048152 0.000000 -12.453846 0.003437 
147 59.412301 0.000000 1.354172 99.146089 0.000000 -11.266841 0.004311 
148 54.933978 0.000000 -2.854668 99.299614 0.000000 -9.543291 0.004851 
149 53.441204 0.000000 -2.854668 99.713348 0.000000 -8.812410 -0.002041 
150 54.933978 0.000000 -4.257615 99.301603 0.000000 -9.506481 0.004882 
151 56.426752 0.000000 -2.854668 99.241628 0.000000 -10.119724 0.004869 
152 54.933978 0.000000 -1.451722 99.302231 0.000000 -9.528272 0.004828 
153 -218.243710 0.000000 96.754559 99.766205 -6.975647 0.012115 -0.000196 
154 -313.781262 0.000000 96.754559 99.760617 -6.975647 0.007187 -0.000084 
155 -218.243710 0.000000 186.543159 99.770291 -6.975647 0.007459 -0.000277 
156 -74.937382 0.000000 51.860259 99.808235 -6.975647 0.055278 -0.001035 
157 -122.706158 0.000000 51.860259 99.776874 -6.975647 0.030277 -0.000409 
158 -74.937382 0.000000 96.754559 99.823316 -6.975647 0.030759 -0.001335 
159 -3.284218 0.000000 29.413110 100.048342 -6.975647 0.210827 -0.005837 
160 -27.168606 0.000000 29.413110 99.873450 -6.975647 0.128243 -0.002338 
161 -3.284218 0.000000 51.860259 100.077023 -6.975647 0.087286 -0.006408 
162 32.542364 0.000000 18.189535 101.981575 -6.975647 0.344778 -0.044902 
163 20.600170 0.000000 18.189535 100.712443 -6.975647 0.565407 -0.019198 
164 32.542364 0.000000 29.413110 101.352092 -6.975647 -0.049038 -0.032091 
165 38.513461 0.000000 1.354172 99.717801 0.000000 -4.499800 0.003611 
166 32.542364 0.000000 1.354172 99.693469 0.000000 -5.021943 0.003599 
167 38.513461 0.000000 -4.257615 99.737793 0.000000 -4.288221 0.003398 
168 38.513461 0.000000 6.965960 99.705859 0.000000 -4.714602 0.003651 
169 47.470107 0.000000 -1.451722 99.718998 0.000000 -3.992557 0.004018 
170 44.484558 0.000000 -1.451722 99.688565 0.000000 -4.552078 0.004147 
171 47.470107 0.000000 -4.257615 99.541040 0.000000 -6.837089 0.004484 
172 47.470107 0.000000 1.354172 99.544381 0.000000 -6.805970 0.004459 
173 51.948430 0.000000 -2.854668 99.804258 0.000000 -6.553793 -0.000384 
174 50.455655 0.000000 -2.854668 99.747789 0.000000 -5.143217 0.002393 
175 51.948430 0.000000 -4.257615 99.414241 0.000000 -8.335351 0.004733 
176 51.948430 0.000000 -1.451722 99.938198 0.000000 -5.400343 -0.001681 
177 50.455655 0.000000 12.577747 103.960742 -6.975647 -2.664677 -0.086360 
178 44.484558 0.000000 12.577747 104.129548 -6.975647 -1.428977 -0.089366 
179 56.426752 0.000000 12.577747 103.095045 -6.975647 -3.701529 -0.069095 
180 50.455655 0.000000 18.189535 103.003390 -6.975647 -2.044532 -0.066254 
181 53.441204 0.000000 4.160066 99.365196 0.000000 -8.868276 0.004791 
182 50.455655 0.000000 4.160066 99.465907 0.000000 -7.739123 0.004664 
183 56.426752 0.000000 4.160066 99.255336 0.000000 -10.086725 0.004664 
184 53.441204 0.000000 6.965960 99.347278 0.000000 -9.065470 0.004794 
185 54.933978 0.000000 -0.048775 99.309008 0.000000 -9.463055 0.004817 
186 53.441204 0.000000 -0.048775 99.367371 0.000000 -8.866688 0.004751 
187 56.426752 0.000000 -0.048775 99.251940 0.000000 -10.035694 0.004834 
188 54.933978 0.000000 1.354172 99.318282 0.000000 -9.363930 0.004820 
189 54.187591 0.000000 -2.153195 99.047839 0.000000 -14.808045 -0.002975 
190 53.441204 0.000000 -2.153195 99.708391 0.000000 -10.617325 -0.005449 
191 54.187591 0.000000 -2.854668 99.367889 0.000000 -11.782599 -0.001281 
192 54.933978 0.000000 -2.153195 97.859574 0.000000 -19.264035 0.005240 
193 54.187591 0.000000 -1.451722 99.323202 0.000000 -9.335730 0.004775 
194 32.542364 0.000000 -26.704765 97.936454 -6.975647 0.124193 0.035978 
195 20.600170 0.000000 -26.704765 98.826270 -6.975647 0.388263 0.018456 
196 32.542364 0.000000 -37.928340 98.433451 -6.975647 -0.114690 0.026218 
197 38.513461 0.000000 -9.869403 99.706173 0.000000 -4.706454 0.003653 
198 32.542364 0.000000 -9.869403 99.693094 0.000000 -5.054523 0.003574 
199 38.513461 0.000000 -15.481190 95.999415 -6.975647 -0.024587 0.073545 
200 47.470107 0.000000 -7.063509 99.528964 0.000000 -6.960830 0.004553 
201 44.484558 0.000000 -7.063509 99.671756 0.000000 -5.848965 0.003133 
202 47.470107 0.000000 -9.869403 99.499483 0.000000 -7.302104 0.004653 
203 48.962881 0.000000 -2.854668 99.680338 0.000000 -4.705548 0.004169 
204 47.470107 0.000000 -2.854668 99.702537 0.000000 -4.256870 0.004128 
205 48.962881 0.000000 -4.257615 99.518755 0.000000 -7.118963 0.004534 
206 48.962881 0.000000 -1.451722 99.797214 0.000000 -3.591499 0.002762 
207 41.499010 0.000000 -1.451722 99.736869 0.000000 -4.543996 0.003191 
208 38.513461 0.000000 -1.451722 99.699924 0.000000 -4.924868 0.003567 
209 41.499010 0.000000 -4.257615 99.795186 0.000000 -4.212650 0.002317 
210 41.499010 0.000000 1.354172 99.794149 0.000000 -4.222416 0.002330 
211 8.657976 0.000000 -4.257615 99.689881 -6.975647 0.567964 0.001295 
212 -3.284218 0.000000 -4.257615 99.726059 -6.975647 0.349187 0.000593 
213 8.657976 0.000000 -15.481190 99.429254 -6.975647 0.482112 0.006493 
214 8.657976 0.000000 6.965960 99.983502 -6.975647 0.536280 -0.004565 
215 26.571267 0.000000 1.354172 99.694683 0.000000 -4.986251 0.003611 
216 20.600170 0.000000 1.354172 100.000282 -6.975647 1.124331 -0.004998 
217 26.571267 0.000000 -4.257615 99.694693 0.000000 -4.986226 0.003611 
218 26.571267 0.000000 6.965960 101.008807 -6.975647 1.386344 -0.025336 
219 35.527913 0.000000 -1.451722 99.703580 0.000000 -4.773200 0.003641 
220 32.542364 0.000000 -1.451722 99.696353 0.000000 -4.941096 0.003622 
221 35.527913 0.000000 -4.257615 99.703935 0.000000 -4.764056 0.003643 
222 35.527913 0.000000 1.354172 99.703802 0.000000 -4.767463 0.003642 
223 41.499010 0.000000 -7.063509 99.777229 0.000000 -4.051135 0.002809 
224 38.513461 0.000000 -7.063509 99.719954 0.000000 -4.453467 0.003610 
225 41.499010 0.000000 -9.869403 99.750202 0.000000 -4.092646 0.003315 
226 40.006236 0.000000 -2.854668 99.737474 0.000000 -4.464519 0.003250 
227 38.513461 0.000000 -2.854668 99.717902 0.000000 -4.593936 0.003524 
228 40.006236 0.000000 -4.257615 99.766439 0.000000 -4.166312 0.002930 
229 41.499010 0.000000 -2.854668 99.746425 0.000000 -4.488604 0.003050 
230 40.006236 0.000000 -1.451722 99.714398 0.000000 -4.724023 0.003472 
231 26.571267 0.000000 -9.869403 98.578179 -6.975647 1.386132 0.023176 
232 20.600170 0.000000 -9.869403 99.175554 -6.975647 0.982113 0.011459 
233 26.571267 0.000000 -15.481190 98.336458 -6.975647 0.924564 0.028043 
234 35.527913 0.000000 -7.063509 99.696659 0.000000 -4.931886 0.003625 
235 32.542364 0.000000 -7.063509 99.693478 0.000000 -5.021048 0.003600 
236 35.527913 0.000000 -9.869403 99.696840 0.000000 -4.925764 0.003628 
237 37.020687 0.000000 -2.854668 99.716467 0.000000 -4.529152 0.003611 
238 35.527913 0.000000 -2.854668 99.703691 0.000000 -4.770332 0.003642 
239 37.020687 0.000000 -4.257615 99.717089 0.000000 -4.515662 0.003611 
240 37.020687 0.000000 -1.451722 99.712626 0.000000 -5.055417 0.003183 
241 38.513461 0.000000 12.577747 103.660450 -6.975647 -0.113212 -0.079416 
242 32.542364 0.000000 12.577747 102.388670 -6.975647 0.788604 -0.053272 
243 38.513461 0.000000 18.189535 102.725022 -6.975647 -0.262087 -0.060116 
244 35.527913 0.000000 4.160066 99.696595 0.000000 -4.933970 0.003624 
245 32.542364 0.000000 4.160066 99.693475 0.000000 -5.021297 0.003600 
246 38.513461 0.000000 4.160066 99.719396 0.000000 -4.465803 0.003610 
247 35.527913 0.000000 6.965960 99.693489 0.000000 -5.020037 0.003601 
248 37.020687 0.000000 -0.048775 99.716304 0.000000 -4.532771 0.003611 
249 35.527913 0.000000 -0.048775 99.703621 0.000000 -4.772137 0.003641 
250 38.513461 0.000000 -0.048775 99.736286 0.000000 -4.312754 0.003407 
251 37.020687 0.000000 1.354172 99.716782 0.000000 -4.522455 0.003611 
252 37.767074 0.000000 -2.153195 99.698019 0.000000 -4.962776 0.003568 
253 37.020687 0.000000 -2.153195 99.707670 0.000000 -4.963960 0.003374 
254 37.767074 0.000000 -2.854668 99.716898 0.000000 -4.519542 0.003611 
255 38.513461 0.000000 -2.153195 99.702868 0.000000 -4.875694 0.003557 
256 37.767074 0.000000 -1.451722 99.689656 0.000000 -5.144017 0.003551 
257 29.556816 0.000000 -1.451722 99.693102 0.000000 -5.053291 0.003575 
258 26.571267 0.000000 -1.451722 99.695973 0.000000 -5.032298 0.003539 
259 29.556816 0.000000 -4.257615 99.693101 0.000000 -5.053485 0.003575 
260 29.556816 0.000000 1.354172 99.693101 0.000000 -5.053386 0.003575 
261 34.035139 0.000000 -2.854668 99.696373 0.000000 -4.940909 0.003622 
262 32.542364 0.000000 -2.854668 99.696376 0.000000 -4.940407 0.003622 
263 34.035139 0.000000 -4.257615 99.696431 0.000000 -4.939073 0.003623 
264 34.035139 0.000000 -1.451722 99.696346 0.000000 -4.941754 0.003622 
265 36.274300 0.000000 -2.153195 99.703711 0.000000 -4.769973 0.003642 
266 35.527913 0.000000 -2.153195 99.703617 0.000000 -4.772243 0.003641 
267 36.274300 0.000000 -2.854668 99.703790 0.000000 -4.767928 0.003642 
268 36.274300 0.000000 -1.451722 99.724392 0.000000 -4.817863 0.003183 
269 34.035139 0.000000 -0.048775 99.696354 0.000000 -4.941471 0.003622 
270 32.542364 0.000000 -0.048775 99.696360 0.000000 -4.940872 0.003622 
271 34.035139 0.000000 1.354172 99.696396 0.000000 -4.940142 0.003622 
272 34.781526 0.000000 -2.153195 99.703576 0.000000 -4.773142 0.003641 
273 34.035139 0.000000 -2.153195 99.696355 0.000000 -4.941468 0.003622 
274 34.781526 0.000000 -2.854668 99.703645 0.000000 -4.771378 0.003642 
275 34.781526 0.000000 -1.451722 99.703541 0.000000 -4.774021 0.003641 
276 36.274300 0.000000 -0.750248 99.703673 0.000000 -4.770969 0.003642 
277 35.527913 0.000000 -0.750248 99.703581 0.000000 -4.773160 0.003641 
278 37.020687 0.000000 -0.750248 99.716196 0.000000 -4.535090 0.003611 
279 36.274300 0.000000 -0.048775 99.703714 0.000000 -4.769887 0.003642 
280 35.901107 0.000000 -1.802458 99.703633 0.000000 -4.771924 0.003641 
281 35.527913 0.000000 -1.802458 99.703594 0.000000 -4.772845 0.003641 
282 35.901107 0.000000 -2.153195 99.703657 0.000000 -4.771299 0.003642 
283 36.274300 0.000000 -1.802458 99.722546 0.000000 -4.774402 0.003262 
284 35.901107 0.000000 -1.451722 99.703618 0.000000 -4.772293 0.003641 
285 36.647494 0.000000 -1.802458 99.721181 0.000000 -4.850964 0.003215 
286 36.647494 0.000000 -2.153195 99.715660 0.000000 -4.842029 0.003334 
287 37.020687 0.000000 -1.802458 99.709691 0.000000 -5.016080 0.003282 
288 36.647494 0.000000 -1.451722 99.721969 0.000000 -4.855618 0.003195 
289 34.781526 0.000000 -0.750248 99.703543 0.000000 -4.773982 0.003641 
290 34.035139 0.000000 -0.750248 99.696346 0.000000 -4.941753 0.003622 
291 34.781526 0.000000 -0.048775 99.703579 0.000000 -4.773035 0.003641 
292 35.901107 0.000000 -1.100985 99.703614 0.000000 -4.772404 0.003641 
293 35.527913 0.000000 -1.100985 99.703576 0.000000 -4.773305 0.003641 
294 36.274300 0.000000 -1.100985 99.721027 0.000000 -4.774254 0.003292 
295 35.901107 0.000000 -0.750248 99.703620 0.000000 -4.772255 0.003641 
296 36.087703 0.000000 -1.627090 99.685797 0.000000 -4.978809 0.003795 
297 35.901107 0.000000 -1.627090 99.703624 0.000000 -4.772141 0.003641 
298 36.087703 0.000000 -1.802458 99.721127 0.000000 -4.774335 0.003290 
299 36.274300 0.000000 -1.627090 99.723500 0.000000 -4.826268 0.003193 
300 36.087703 0.000000 -1.451722 99.674690 0.000000 -5.040918 0.003955 
301 -218.243710 0.000000 -262.399839 99.742472 -6.975647 0.004359 0.000278 
302 -313.781262 0.000000 -262.399839 99.749010 -6.975647 0.004069 0.000148 
303 -218.243710 0.000000 -352.188438 99.743770 -6.975647 0.001523 0.000252 
304 163.906499 0.000000 -262.399839 99.713056 -6.975647 -0.088570 0.000864 
305 163.906499 0.000000 -352.188438 99.728579 -6.975647 -0.045544 0.000555 
306 259.444051 0.000000 -262.399839 99.732020 -6.975647 -0.101535 0.000485 
307 -74.937382 0.000000 -127.716940 99.694036 -6.975647 0.017373 0.001244 
308 -122.706158 0.000000 -127.716940 99.723814 -6.975647 0.017543 0.000650 
309 -74.937382 0.000000 -172.611239 99.700875 -6.975647 0.004972 0.001108 
310 116.137722 0.000000 -127.716940 99.595029 -6.975647 -0.357994 0.003204 
311 116.137722 0.000000 -172.611239 99.645513 -6.975647 -0.196334 0.002207 
312 163.906499 0.000000 -127.716940 99.661468 -6.975647 -0.404440 0.001877 
313 -3.284218 0.000000 -60.375490 99.450832 -6.975647 0.068022 0.006087 
314 -27.168606 0.000000 -60.375490 99.601669 -6.975647 0.072878 0.003084 
315 -3.284218 0.000000 -82.822640 99.497500 -6.975647 0.004691 0.005159 
316 92.253334 0.000000 -60.375490 99.258575 -6.975647 -1.256114 0.009750 
317 92.253334 0.000000 -82.822640 99.402782 -6.975647 -0.722750 0.006990 
318 116.137722 0.000000 -60.375490 99.434630 -6.975647 -1.403943 0.006212 
319 80.311140 0.000000 -26.704765 97.916137 -6.975647 -5.517647 0.033333 
320 80.311140 0.000000 -37.928340 98.706191 -6.975647 -2.450906 0.020242 
321 92.253334 0.000000 -26.704765 98.169661 -6.975647 -7.486612 0.025801 
322 8.657976 0.000000 -26.704765 99.288499 -6.975647 0.338417 0.009302 
323 -3.284218 0.000000 -26.704765 99.503974 -6.975647 0.246521 0.005024 
324 8.657976 0.000000 -37.928340 99.252899 -6.975647 0.205388 0.010016 
325 80.311140 0.000000 18.189535 100.304634 -6.975647 -3.105638 -0.011932 
326 92.253334 0.000000 18.189535 100.187068 -6.975647 -2.832033 -0.009413 
327 80.311140 0.000000 29.413110 100.445552 -6.975647 -2.251223 -0.014304 
328 62.397849 0.000000 12.577747 101.912924 -6.975647 -4.088203 -0.045162 
329 68.368946 0.000000 12.577747 101.060811 -6.975647 -4.038997 -0.027826 
330 62.397849 0.000000 18.189535 101.752418 -6.975647 -3.167091 -0.041224 
331 47.470107 0.000000 4.160066 99.535463 0.000000 -6.899684 0.004509 
332 44.484558 0.000000 4.160066 99.768199 0.000000 -5.097275 0.002032 
333 47.470107 0.000000 6.965960 99.659300 0.000000 -6.122182 0.003054 
334 59.412301 0.000000 4.160066 99.172110 0.000000 -11.042786 0.004295 
335 62.397849 0.000000 4.160066 98.945405 0.000000 -13.767454 0.002026 
336 59.412301 0.000000 6.965960 98.974362 0.000000 -13.585655 0.001951 
337 51.948430 0.000000 -0.048775 99.422490 0.000000 -8.274795 0.004670 
338 50.455655 0.000000 -0.048775 99.497251 0.000000 -7.404031 0.004548 
339 51.948430 0.000000 1.354172 99.424349 0.000000 -8.241682 0.004687 
340 59.412301 0.000000 -7.063509 99.148485 0.000000 -11.218801 0.004372 
341 59.412301 0.000000 -9.869403 99.087925 0.000000 -12.147472 0.003402 
342 62.397849 0.000000 -7.063509 98.928011 0.000000 -13.870103 0.002087 
343 8.657976 0.000000 18.189535 100.188438 -6.975647 0.411359 -0.008655 
344 -3.284218 0.000000 18.189535 99.979447 -6.975647 0.280701 -0.004463 
345 8.657976 0.000000 29.413110 100.269736 -6.975647 0.265604 -0.010275 
346 26.571267 0.000000 12.577747 101.244415 -6.975647 0.919891 -0.029994 
347 20.600170 0.000000 12.577747 100.611691 -6.975647 0.773770 -0.017197 
348 26.571267 0.000000 18.189535 101.235903 -6.975647 0.566672 -0.029769 
349 41.499010 0.000000 4.160066 99.775772 0.000000 -4.069552 0.002823 
350 41.499010 0.000000 6.965960 99.723950 0.000000 -4.368415 0.003605 
351 48.962881 0.000000 -0.048775 99.622283 0.000000 -5.592047 0.004413 
352 47.470107 0.000000 -0.048775 99.607757 0.000000 -5.721389 0.004556 
353 48.962881 0.000000 1.354172 99.523488 0.000000 -7.073572 0.004504 
354 40.006236 0.000000 -0.048775 99.764105 0.000000 -4.191549 0.002955 
355 41.499010 0.000000 -0.048775 99.769741 0.000000 -4.323513 0.002731 
356 40.006236 0.000000 1.354172 99.740047 0.000000 -4.249641 0.003386 
357 29.556816 0.000000 4.160066 99.694047 0.000000 -5.059101 0.003550 
358 26.571267 0.000000 4.160066 99.681411 0.000000 -5.012397 0.003849 
359 29.556816 0.000000 6.965960 99.694759 0.000000 -4.986067 0.003609 
360 29.556816 0.000000 -7.063509 99.694054 0.000000 -5.059343 0.003550 
361 26.571267 0.000000 -7.063509 98.862754 -6.975647 1.624713 0.017486 
362 29.556816 0.000000 -9.869403 99.694787 0.000000 -4.986000 0.003609 
363 37.767074 0.000000 -0.750248 99.700886 0.000000 -4.895359 0.003577 
364 38.513461 0.000000 -0.750248 99.714780 0.000000 -4.642158 0.003541 
365 37.767074 0.000000 -0.048775 99.716724 0.000000 -4.523401 0.003611 
366 36.647494 0.000000 -1.100985 99.715574 0.000000 -4.874478 0.003304 
367 37.020687 0.000000 -1.100985 99.708519 0.000000 -4.985726 0.003335 
368 36.647494 0.000000 -0.750248 99.716046 0.000000 -4.538412 0.003611 
1 16 2 17 15 
2 15 17 8 18 
3 19 21 9 22 
4 20 19 22 4 
5 18 8 29 28 
6 28 29 3 30 
7 21 28 30 9 
8 32 15 33 31 
9 31 33 18 34 
10 35 37 21 38 
11 36 35 38 19 
12 34 18 45 44 
13 44 45 28 46 
14 37 44 46 21 
15 48 31 49 47 
16 47 49 34 50 
17 51 53 37 54 
18 52 51 54 35 
19 50 34 61 60 
20 60 61 44 62 
21 53 60 62 37 
22 64 47 65 63 
23 63 65 50 66 
24 67 69 53 70 
25 68 67 70 51 
26 11 78 76 77 
27 78 10 24 76 
28 76 24 14 79 
29 77 76 79 6 
30 24 82 80 81 
31 82 23 40 80 
32 80 40 27 83 
33 81 80 83 14 
34 40 86 84 85 
35 85 84 87 27 
36 66 50 93 92 
37 92 93 60 94 
38 69 92 94 53 
39 95 97 69 98 
40 96 95 98 67 
41 12 106 104 105 
42 106 7 107 104 
43 104 107 13 25 
44 105 104 25 10 
45 25 110 108 109 
46 110 13 111 108 
47 108 111 26 41 
48 109 108 41 23 
49 41 114 112 113 
50 114 26 115 112 
51 112 115 42 57 
52 113 112 57 39 
53 57 118 116 117 
54 118 42 119 116 
55 116 119 58 73 
56 117 116 73 55 
57 55 122 120 121 
58 122 73 123 120 
59 58 125 124 74 
60 125 63 126 124 
61 124 126 66 127 
62 74 124 127 5 
63 129 74 130 128 
64 128 130 5 131 
65 73 138 137 123 
66 138 58 139 137 
67 137 139 74 129 
68 120 142 140 141 
69 142 123 143 140 
70 140 143 71 134 
71 141 140 134 101 
72 71 145 144 135 
73 145 129 146 144 
74 144 146 128 147 
75 135 144 147 102 
76 134 150 148 149 
77 150 71 151 148 
78 148 151 135 152 
79 6 79 153 154 
80 79 14 36 153 
81 153 36 19 155 
82 154 153 155 20 
83 14 83 156 157 
84 83 27 52 156 
85 156 52 35 158 
86 157 156 158 36 
87 27 87 159 160 
88 159 68 51 161 
89 160 159 161 52 
90 162 96 67 164 
91 163 162 164 68 
92 72 171 169 170 
93 170 169 172 100 
94 101 175 173 174 
95 175 134 149 173 
96 173 149 132 176 
97 174 173 176 133 
98 59 103 177 178 
99 103 75 179 177 
100 177 179 95 180 
101 178 177 180 96 
102 99 136 181 182 
103 136 102 183 181 
104 181 183 75 184 
105 182 181 184 103 
106 132 152 185 186 
107 152 135 187 185 
108 185 187 102 188 
109 186 185 188 136 
110 149 191 189 190 
111 191 148 192 189 
112 189 192 152 193 
113 190 189 193 132 
114 39 196 194 195 
115 196 57 117 194 
116 194 117 55 90 
117 195 194 90 56 
118 90 199 197 198 
119 199 55 121 197 
120 121 202 200 201 
121 202 120 141 200 
122 200 141 101 171 
123 201 200 171 72 
124 171 205 203 204 
125 205 101 174 203 
126 203 174 133 206 
127 204 203 206 169 
128 209 72 170 207 
129 207 170 100 210 
130 84 213 211 212 
131 213 56 89 211 
132 211 89 43 214 
133 212 211 214 87 
134 89 217 215 216 
135 216 215 218 43 
136 197 225 223 224 
137 225 121 201 223 
138 223 201 72 209 
139 224 223 209 167 
140 167 228 226 227 
141 228 209 229 226 
142 226 229 207 230 
143 227 226 230 208 
144 56 233 231 232 
145 233 90 198 231 
146 232 231 217 89 
147 198 236 234 235 
148 236 197 224 234 
149 234 224 167 221 
150 235 234 221 88 
151 221 239 237 238 
152 239 167 227 237 
153 91 168 241 242 
154 168 59 178 241 
155 241 178 96 243 
156 242 241 243 162 
157 166 222 244 245 
158 222 165 246 244 
159 244 246 168 247 
160 245 244 247 91 
161 248 250 165 251 
162 249 248 251 222 
163 237 254 252 253 
164 254 227 255 252 
165 252 255 208 256 
166 253 252 256 240 
167 217 259 257 258 
168 259 88 220 257 
169 257 220 166 260 
170 258 257 260 215 
171 88 263 261 262 
172 263 221 238 261 
173 262 261 264 220 
174 238 267 265 266 
175 267 237 253 265 
176 220 264 269 270 
177 269 249 222 271 
178 270 269 271 166 
179 261 274 272 273 
180 274 238 266 272 
181 272 266 219 275 
182 273 272 275 264 
183 276 278 248 279 
184 277 276 279 249 
185 266 282 280 281 
186 282 265 283 280 
187 281 280 284 219 
188 265 286 285 283 
189 286 253 287 285 
190 285 287 240 288 
191 283 285 288 268 
192 264 275 289 290 
193 275 219 277 289 
194 289 277 249 291 
195 290 289 291 269 
196 219 284 292 293 
197 284 268 294 292 
198 292 294 276 295 
199 293 292 295 277 
200 280 298 296 297 
201 298 283 299 296 
202 296 299 268 300 
203 297 296 300 284 
204 1 303 301 302 
205 303 12 105 301 
206 301 105 10 78 
207 302 301 78 11 
208 7 305 304 107 
209 305 16 306 304 
210 304 306 15 32 
211 107 304 32 13 
212 10 309 307 308 
213 309 25 109 307 
214 307 109 23 82 
215 308 307 82 24 
216 13 311 310 111 
217 311 32 312 310 
218 310 312 31 48 
219 111 310 48 26 
220 23 315 313 314 
221 315 41 113 313 
222 313 113 39 86 
223 314 313 86 40 
224 26 317 316 115 
225 317 48 318 316 
226 316 318 47 64 
227 115 316 64 42 
228 42 320 319 119 
229 320 64 321 319 
230 319 321 63 125 
231 119 319 125 58 
232 86 324 322 323 
233 324 39 195 322 
234 322 195 56 213 
235 323 322 213 84 
236 5 127 325 97 
237 127 66 326 325 
238 325 326 92 327 
239 97 325 327 69 
240 75 131 328 179 
241 131 5 329 328 
242 328 329 97 330 
243 179 328 330 95 
244 100 172 331 332 
245 172 99 182 331 
246 331 182 103 333 
247 332 331 333 59 
248 102 147 334 183 
249 147 128 335 334 
250 334 335 131 336 
251 183 334 336 75 
252 133 176 337 338 
253 176 132 186 337 
254 337 186 136 339 
255 338 337 339 99 
256 123 341 340 143 
257 341 137 342 340 
258 340 342 129 145 
259 143 340 145 71 
260 87 214 343 344 
261 214 43 163 343 
262 343 163 68 345 
263 344 343 345 159 
264 43 218 346 347 
265 218 91 242 346 
266 346 242 162 348 
267 347 346 348 163 
268 165 210 349 246 
269 210 100 332 349 
270 349 332 59 350 
271 246 349 350 168 
272 169 206 351 352 
273 206 133 338 351 
274 351 338 99 353 
275 352 351 353 172 
276 208 230 354 250 
277 230 207 355 354 
278 354 355 210 356 
279 250 354 356 165 
280 215 260 357 358 
281 260 166 245 357 
282 357 245 91 359 
283 358 357 359 218 
284 231 362 360 361 
285 362 198 235 360 
286 360 235 88 259 
287 361 360 259 217 
288 240 256 363 278 
289 256 208 364 363 
290 363 364 250 365 
291 278 363 365 248 
292 268 288 366 294 
293 288 240 367 366 
294 366 367 278 368 
295 294 366 368 276 
