2 0.000000 100.000000 240.580931
418 340 
1 -313.781262 0.000000 -352.188438 99.993031 0.000000 0.002107 0.000139 
2 450.519155 0.000000 -352.188438 99.994332 0.000000 -0.049491 0.000113 
3 450.519155 0.000000 366.120357 100.005650 0.000000 -0.045178 -0.000113 
4 -313.781262 0.000000 366.120357 100.006919 0.000000 0.001879 -0.000138 
5 68.368946 0.000000 6.965960 100.650312 0.000000 -4.285994 -0.014886 
6 -313.781262 0.000000 6.965960 100.000321 -0.000000 0.007279 -0.000006 
7 68.368946 0.000000 -352.188438 99.970258 0.000000 -0.027054 0.000595 
8 450.519155 0.000000 6.965960 100.000857 0.000000 -2.968357 -0.000898 
9 68.368946 0.000000 366.120357 100.027188 0.000000 -0.024650 -0.000544 
10 -122.706158 0.000000 -172.611239 99.969405 0.000000 0.008756 0.000612 
11 -313.781262 0.000000 -172.611239 99.994364 0.000000 0.005331 0.000113 
12 -122.706158 0.000000 -352.188438 99.981238 0.000000 -0.002369 0.000375 
13 68.368946 0.000000 -172.611239 99.876261 0.000000 -0.123779 0.002472 
14 -122.706158 0.000000 6.965960 100.003018 0.000000 0.032030 -0.000060 
15 259.444051 0.000000 -172.611239 99.979728 0.000000 -0.192044 0.000402 
16 259.444051 0.000000 -352.188438 99.984630 0.000000 -0.047024 0.000307 
17 450.519155 0.000000 -172.611239 99.995750 0.000000 -0.187743 0.000081 
18 259.444051 0.000000 6.965960 100.002178 0.000000 -2.976257 -0.000929 
19 -122.706158 0.000000 186.543159 100.030020 0.000000 0.006760 -0.000600 
20 -313.781262 0.000000 186.543159 100.005942 0.000000 0.005026 -0.000119 
21 68.368946 0.000000 186.543159 100.104413 0.000000 -0.102756 -0.002090 
22 -122.706158 0.000000 366.120357 100.017778 0.000000 -0.002627 -0.000356 
23 -27.168606 0.000000 -82.822640 99.855332 0.000000 0.031579 0.002891 
24 -122.706158 0.000000 -82.822640 99.975122 0.000000 0.023460 0.000497 
25 -27.168606 0.000000 -172.611239 99.917752 -0.000000 -0.013770 0.001644 
26 68.368946 0.000000 -82.822640 99.604401 0.000000 -0.493239 0.007872 
27 -27.168606 0.000000 6.965960 100.032345 0.000000 0.146741 -0.000649 
28 259.444051 0.000000 186.543159 100.020154 0.000000 -0.161275 -0.000406 
29 450.519155 0.000000 186.543159 100.004493 0.000000 -0.158049 -0.000092 
30 259.444051 0.000000 366.120357 100.014680 0.000000 -0.042601 -0.000294 
31 163.906499 0.000000 -82.822640 99.935956 0.000000 -0.652986 0.001238 
32 163.906499 0.000000 -172.611239 99.945146 0.000000 -0.190070 0.001093 
33 259.444051 0.000000 -82.822640 99.985789 0.000000 -0.635258 0.000244 
34 163.906499 0.000000 6.965960 99.988718 0.000000 -3.027664 -0.000691 
35 -27.168606 0.000000 96.754559 100.135705 0.000000 0.013963 -0.002716 
36 -122.706158 0.000000 96.754559 100.027548 0.000000 0.020737 -0.000551 
37 68.368946 0.000000 96.754559 100.293356 0.000000 -0.354512 -0.005888 
38 -27.168606 0.000000 186.543159 100.073307 0.000000 -0.015153 -0.001467 
39 20.600170 0.000000 -37.928340 99.217792 0.000000 0.130797 0.015581 
40 -27.168606 0.000000 -37.928340 99.881935 0.000000 0.106966 0.002359 
41 20.600170 0.000000 -82.822640 99.633942 0.000000 -0.093737 0.007307 
42 68.368946 0.000000 -37.928340 99.030648 0.000000 -1.622910 0.019030 
43 20.600170 0.000000 6.965960 100.564470 0.000000 0.909666 -0.011404 
44 163.906499 0.000000 96.754559 100.065209 0.000000 -0.480532 -0.001328 
45 259.444051 0.000000 96.754559 100.015723 0.000000 -0.467105 -0.000336 
46 163.906499 0.000000 186.543159 100.050508 0.000000 -0.157419 -0.001013 
47 116.137722 0.000000 -37.928340 99.858974 0.000000 -1.645880 0.002548 
48 116.137722 0.000000 -82.822640 99.839377 0.000000 -0.646749 0.003168 
49 163.906499 0.000000 -37.928340 99.960680 0.000000 -1.590708 0.000533 
50 116.137722 0.000000 6.965960 99.919501 0.000000 -3.491651 0.000390 
51 20.600170 0.000000 51.860259 100.602053 0.000000 -0.029808 -0.012077 
52 -27.168606 0.000000 51.860259 100.140883 0.000000 0.076111 -0.002820 
53 68.368946 0.000000 51.860259 100.654360 0.000000 -0.978267 -0.013226 
54 20.600170 0.000000 96.754559 100.283160 0.000000 -0.094817 -0.005672 
55 44.484558 0.000000 -15.481190 96.060645 0.000000 -1.233751 0.077083 
56 20.600170 0.000000 -15.481190 99.236934 0.000000 0.708957 0.015153 
57 44.484558 0.000000 -37.928340 98.488265 0.000000 -0.656082 0.029963 
58 68.368946 0.000000 -15.481190 98.891095 0.000000 -3.625140 0.020741 
59 44.484558 0.000000 6.965960 99.951185 0.000000 -3.619784 -0.000334 
60 116.137722 0.000000 51.860259 100.127162 0.000000 -0.976813 -0.002640 
61 163.906499 0.000000 51.860259 100.046543 0.000000 -0.933542 -0.001018 
62 116.137722 0.000000 96.754559 100.139655 0.000000 -0.467264 -0.002817 
63 92.253334 0.000000 -15.481190 99.816782 0.000000 -3.184838 0.002647 
64 92.253334 0.000000 -37.928340 99.660868 0.000000 -1.708260 0.006479 
65 116.137722 0.000000 -15.481190 99.892875 0.000000 -3.136725 0.001157 
66 92.253334 0.000000 6.965960 99.109834 0.000000 -3.225533 0.016684 
67 44.484558 0.000000 29.413110 101.892071 0.000000 -0.772656 -0.038259 
68 20.600170 0.000000 29.413110 100.849488 0.000000 0.227358 -0.017067 
69 68.368946 0.000000 29.413110 100.956188 0.000000 -1.956931 -0.019598 
70 44.484558 0.000000 51.860259 100.902219 0.000000 -0.477992 -0.018149 
71 56.426752 0.000000 -4.257615 99.097876 0.000000 -9.704062 0.008544 
72 44.484558 0.000000 -4.257615 99.626633 0.000000 -6.129174 0.003697 
73 56.426752 0.000000 -15.481190 96.982946 0.000000 -3.410295 0.058268 
74 68.368946 0.000000 -4.257615 99.601854 0.000000 -4.901525 0.005545 
75 56.426752 0.000000 6.965960 99.036681 0.000000 -10.236331 0.008695 
76 -218.243710 0.000000 -82.822640 99.992503 -0.000000 0.011743 0.000150 
77 -313.781262 0.000000 -82.822640 99.996870 0.000000 0.006773 0.000063 
78 -218.243710 0.000000 -172.611239 99.987911 0.000000 0.007649 0.000242 
79 -218.243710 0.000000 6.965960 100.000805 0.000000 0.013394 -0.000016 
80 -74.937382 0.000000 -37.928340 99.965004 0.000000 0.058198 0.000699 
81 -122.706158 0.000000 -37.928340 99.986870 0.000000 0.030089 0.000262 
82 -74.937382 0.000000 -82.822640 99.941941 0.000000 0.037071 0.001161 
83 -74.937382 0.000000 6.965960 100.007989 0.000000 0.059169 -0.000160 
84 -3.284218 0.000000 -15.481190 99.845453 -0.000000 0.290129 0.003080 
85 -27.168606 0.000000 -15.481190 99.945461 0.000000 0.141479 0.001088 
86 -3.284218 0.000000 -37.928340 99.719937 0.000000 0.159712 0.005591 
87 -3.284218 0.000000 6.965960 100.096586 0.000000 0.311349 -0.001942 
88 32.542364 0.000000 -4.257615 99.901046 0.000000 -4.720593 -0.000250 
89 20.600170 0.000000 -4.257615 99.799849 0.000000 1.036754 0.003892 
90 32.542364 0.000000 -15.481190 97.659177 0.000000 0.735024 0.046214 
91 32.542364 0.000000 6.965960 99.902318 0.000000 -4.753320 -0.000307 
92 92.253334 0.000000 29.413110 99.957498 0.000000 -1.497594 0.000626 
93 116.137722 0.000000 29.413110 100.069048 0.000000 -1.139244 -0.001511 
94 92.253334 0.000000 51.860259 100.260877 0.000000 -1.048114 -0.005334 
95 56.426752 0.000000 18.189535 102.404783 -0.000000 -2.544196 -0.049321 
96 44.484558 0.000000 18.189535 103.053691 0.000000 -1.056500 -0.062118 
97 68.368946 0.000000 18.189535 100.998469 0.000000 -2.920917 -0.020922 
98 56.426752 0.000000 29.413110 101.642284 0.000000 -1.578887 -0.033365 
99 50.455655 0.000000 1.354172 99.457410 0.000000 -7.262833 0.005547 
100 44.484558 0.000000 1.354172 99.630071 0.000000 -6.111958 0.003649 
101 50.455655 0.000000 -4.257615 99.447366 0.000000 -7.328601 0.005651 
102 56.426752 0.000000 1.354172 99.119964 0.000000 -9.556286 0.008391 
103 50.455655 0.000000 6.965960 99.373164 0.000000 -7.742156 0.006503 
104 -27.168606 0.000000 -262.399839 99.955309 0.000000 -0.015070 0.000894 
105 -122.706158 0.000000 -262.399839 99.974904 0.000000 0.000653 0.000502 
106 -27.168606 0.000000 -352.188438 99.972970 0.000000 -0.011821 0.000541 
107 68.368946 0.000000 -262.399839 99.947201 0.000000 -0.049813 0.001055 
108 20.600170 0.000000 -127.716940 99.807929 0.000000 -0.083384 0.003837 
109 -27.168606 0.000000 -127.716940 99.882220 -0.000000 -0.002080 0.002354 
110 20.600170 0.000000 -172.611239 99.880602 0.000000 -0.057831 0.002386 
111 68.368946 0.000000 -127.716940 99.804585 0.000000 -0.218047 0.003900 
112 44.484558 0.000000 -60.375490 99.234424 0.000000 -0.417800 0.015235 
113 20.600170 0.000000 -60.375490 99.464676 0.000000 -0.056708 0.010678 
114 44.484558 0.000000 -82.822640 99.550574 0.000000 -0.286365 0.008960 
115 68.368946 0.000000 -60.375490 99.382856 0.000000 -0.836472 0.012235 
116 56.426752 0.000000 -26.704765 97.995112 0.000000 -1.948275 0.039316 
117 44.484558 0.000000 -26.704765 97.666256 0.000000 -0.856570 0.046057 
118 56.426752 0.000000 -37.928340 98.615273 -0.000000 -1.262531 0.027343 
119 68.368946 0.000000 -26.704765 98.857625 0.000000 -2.397484 0.022142 
120 50.455655 0.000000 -9.869403 99.354653 0.000000 -7.866045 0.006678 
121 44.484558 0.000000 -9.869403 99.960247 0.000000 -3.766410 -0.000624 
122 50.455655 0.000000 -15.481190 96.150097 0.000000 -2.400189 0.074940 
123 56.426752 0.000000 -9.869403 99.007529 0.000000 -10.426099 0.008881 
124 80.311140 0.000000 -4.257615 99.496084 0.000000 -4.621212 0.007917 
125 80.311140 0.000000 -15.481190 99.596128 0.000000 -3.354020 0.006936 
126 92.253334 0.000000 -4.257615 99.837583 -0.000000 -5.743553 -0.000053 
127 80.311140 0.000000 6.965960 99.111227 0.000000 -3.709328 0.016321 
128 62.397849 0.000000 1.354172 98.659140 0.000000 -13.465004 0.008507 
129 62.397849 0.000000 -4.257615 98.647117 0.000000 -13.528691 0.008572 
130 68.368946 0.000000 1.354172 100.181822 0.000000 -4.853786 -0.005996 
131 62.397849 0.000000 6.965960 98.043742 0.000000 -17.304767 0.008797 
132 53.441204 0.000000 -1.451722 99.595983 0.000000 -8.438889 0.000943 
133 50.455655 0.000000 -1.451722 99.832072 0.000000 -4.042020 0.001722 
134 53.441204 0.000000 -4.257615 99.264927 0.000000 -8.564422 0.007313 
135 56.426752 0.000000 -1.451722 99.094896 0.000000 -9.739333 0.008535 
136 53.441204 0.000000 1.354172 99.282479 0.000000 -8.444019 0.007169 
137 62.397849 0.000000 -9.869403 98.031473 0.000000 -17.352500 0.008872 
138 62.397849 0.000000 -15.481190 98.127323 0.000000 -3.721591 0.035718 
139 68.368946 0.000000 -9.869403 99.135522 0.000000 -4.365424 0.015309 
140 53.441204 0.000000 -7.063509 99.239945 0.000000 -8.685064 0.007600 
141 50.455655 0.000000 -7.063509 99.392017 0.000000 -7.647079 0.006275 
142 53.441204 0.000000 -9.869403 99.205102 0.000000 -8.880514 0.007948 
143 56.426752 0.000000 -7.063509 99.065385 0.000000 -9.919615 0.008765 
144 59.412301 0.000000 -1.451722 98.924460 0.000000 -11.031942 0.009225 
145 59.412301 0.000000 -4.257615 98.927200 0.000000 -11.004859 0.009230 
146 62.397849 0.000000 -1.451722 98.813328 0.000000 -12.060595 0.009047 
147 59.412301 0.000000 1.354172 98.945980 0.000000 -10.885897 0.009119 
148 54.933978 0.000000 -2.854668 99.176457 0.000000 -9.181581 0.007973 
149 53.441204 0.000000 -2.854668 99.566633 0.000000 -8.459256 0.001493 
150 54.933978 0.000000 -4.257615 99.180173 0.000000 -9.145175 0.007966 
151 56.426752 0.000000 -2.854668 99.092454 0.000000 -9.751503 0.008559 
152 54.933978 0.000000 -1.451722 99.179254 0.000000 -9.166718 0.007945 
153 -218.243710 0.000000 96.754559 100.008657 0.000000 0.011104 -0.000173 
154 -313.781262 0.000000 96.754559 100.003667 0.000000 0.006567 -0.000073 
155 -218.243710 0.000000 186.543159 100.012455 0.000000 0.006888 -0.000249 
156 -74.937382 0.000000 51.860259 100.046743 0.000000 0.051630 -0.000935 
157 -122.706158 0.000000 51.860259 100.018098 0.000000 0.028092 -0.000362 
158 -74.937382 0.000000 96.754559 100.060916 0.000000 0.029156 -0.001219 
159 -3.284218 0.000000 29.413110 100.264764 0.000000 0.194715 -0.005306 
160 -27.168606 0.000000 29.413110 100.105109 0.000000 0.118205 -0.002105 
161 -3.284218 0.000000 51.860259 100.291770 0.000000 0.080975 -0.005845 
162 32.542364 0.000000 18.189535 102.043092 -0.000000 0.319808 -0.041289 
163 20.600170 0.000000 18.189535 100.874337 0.000000 0.523802 -0.017591 
164 32.542364 0.000000 29.413110 101.460445 0.000000 -0.044342 -0.029422 
165 38.513461 0.000000 1.354172 99.912358 0.000000 -4.201456 -0.000013 
166 32.542364 0.000000 1.354172 99.901072 0.000000 -4.720741 -0.000251 
167 38.513461 0.000000 -4.257615 99.923391 0.000000 -3.991146 -0.000061 
168 38.513461 0.000000 6.965960 99.905562 0.000000 -4.414735 -0.000061 
169 47.470107 0.000000 -1.451722 99.789011 0.000000 -3.690188 0.002854 
170 44.484558 0.000000 -1.451722 99.812436 0.000000 -4.247283 0.001944 
171 47.470107 0.000000 -4.257615 99.567249 0.000000 -6.508184 0.004401 
172 47.470107 0.000000 1.354172 99.572625 0.000000 -6.477470 0.004333 
173 51.948430 0.000000 -2.854668 99.721301 0.000000 -6.223074 0.001694 
174 50.455655 0.000000 -2.854668 99.742784 0.000000 -4.827711 0.002807 
175 51.948430 0.000000 -4.257615 99.348027 0.000000 -7.987491 0.006617 
176 51.948430 0.000000 -1.451722 99.865042 0.000000 -5.080633 0.000116 
177 50.455655 0.000000 12.577747 103.810647 0.000000 -2.461878 -0.078271 
178 44.484558 0.000000 12.577747 104.004768 0.000000 -1.324104 -0.081874 
179 56.426752 0.000000 12.577747 102.937097 0.000000 -3.386531 -0.060751 
180 50.455655 0.000000 18.189535 102.935757 0.000000 -1.886270 -0.059933 
181 53.441204 0.000000 4.160066 99.264979 0.000000 -8.513794 0.007398 
182 50.455655 0.000000 4.160066 99.434672 0.000000 -7.398508 0.005801 
183 56.426752 0.000000 4.160066 99.095510 0.000000 -9.718390 0.008563 
184 53.441204 0.000000 6.965960 99.230342 0.000000 -8.708386 0.007750 
185 54.933978 0.000000 -0.048775 99.188135 0.000000 -9.102197 0.007886 
186 53.441204 0.000000 -0.048775 99.273737 0.000000 -8.512621 0.007226 
187 56.426752 0.000000 -0.048775 99.104906 0.000000 -9.668356 0.008474 
188 54.933978 0.000000 1.354172 99.200930 0.000000 -9.004137 0.007810 
189 54.187591 0.000000 -2.153195 98.762176 0.000000 -14.393023 0.003887 
190 53.441204 0.000000 -2.153195 99.495981 0.000000 -10.246159 -0.000443 
191 54.187591 0.000000 -2.854668 99.159665 0.000000 -11.399063 0.003742 
192 54.933978 0.000000 -2.153195 97.517570 0.000000 -18.799327 0.013691 
193 54.187591 0.000000 -1.451722 99.205649 0.000000 -8.976202 0.007767 
194 32.542364 0.000000 -26.704765 98.322129 0.000000 0.094849 0.033275 
195 20.600170 0.000000 -26.704765 99.135635 0.000000 0.349091 0.017200 
196 32.542364 0.000000 -37.928340 98.791063 0.000000 -0.121801 0.024031 
197 38.513461 0.000000 -9.869403 99.905635 0.000000 -4.406607 -0.000055 
198 32.542364 0.000000 -9.869403 99.902287 0.000000 -4.753538 -0.000306 
199 38.513461 0.000000 -15.481190 96.522451 0.000000 -0.058815 0.068341 
200 47.470107 0.000000 -7.063509 99.552880 0.000000 -6.630732 0.004526 
201 44.484558 0.000000 -7.063509 99.742394 0.000000 -5.531805 0.002085 
202 47.470107 0.000000 -9.869403 99.500316 0.000000 -6.967312 0.005114 
203 48.962881 0.000000 -2.854668 99.716509 0.000000 -4.395279 0.003730 
204 47.470107 0.000000 -2.854668 99.767844 0.000000 -3.952000 0.003076 
205 48.962881 0.000000 -4.257615 99.528071 0.000000 -6.786619 0.004810 
206 48.962881 0.000000 -1.451722 99.834242 0.000000 -3.291140 0.002229 
207 41.499010 0.000000 -1.451722 99.914075 0.000000 -4.242759 -0.000082 
208 38.513461 0.000000 -1.451722 99.900659 0.000000 -4.622557 -0.000151 
209 41.499010 0.000000 -4.257615 99.947559 0.000000 -3.914542 -0.000484 
210 41.499010 0.000000 1.354172 99.947101 0.000000 -3.924272 -0.000482 
211 8.657976 0.000000 -4.257615 99.930594 0.000000 0.522879 0.001360 
212 -3.284218 0.000000 -4.257615 99.966453 -0.000000 0.320996 0.000661 
213 8.657976 0.000000 -15.481190 99.690643 0.000000 0.441634 0.006158 
214 8.657976 0.000000 6.965960 100.202208 0.000000 0.495057 -0.004073 
215 26.571267 0.000000 1.354172 99.906986 0.000000 -4.687876 -0.000338 
216 20.600170 0.000000 1.354172 100.213599 0.000000 1.039214 -0.004385 
217 26.571267 0.000000 -4.257615 99.906995 0.000000 -4.687851 -0.000338 
218 26.571267 0.000000 6.965960 101.145646 0.000000 1.283692 -0.023209 
219 35.527913 0.000000 -1.451722 99.905013 0.000000 -4.473188 -0.000102 
220 32.542364 0.000000 -1.451722 99.901528 0.000000 -4.640100 -0.000185 
221 35.527913 0.000000 -4.257615 99.905089 0.000000 -4.464062 -0.000095 
222 35.527913 0.000000 1.354172 99.905068 0.000000 -4.467466 -0.000098 
223 41.499010 0.000000 -7.063509 99.943629 0.000000 -3.754951 -0.000283 
224 38.513461 0.000000 -7.063509 99.913323 0.000000 -4.155367 0.000006 
225 41.499010 0.000000 -9.869403 99.929667 0.000000 -3.796660 -0.000035 
226 40.006236 0.000000 -2.854668 99.919597 0.000000 -4.164930 -0.000127 
227 38.513461 0.000000 -2.854668 99.911016 0.000000 -4.294286 -0.000065 
228 40.006236 0.000000 -4.257615 99.938098 0.000000 -3.869535 -0.000260 
229 41.499010 0.000000 -2.854668 99.919552 0.000000 -4.187884 -0.000146 
230 40.006236 0.000000 -1.451722 99.905839 0.000000 -4.422352 -0.000073 
231 26.571267 0.000000 -9.869403 98.894266 0.000000 1.275254 0.021830 
232 20.600170 0.000000 -9.869403 99.450960 0.000000 0.903516 0.010869 
233 26.571267 0.000000 -15.481190 98.674644 0.000000 0.844373 0.026260 
234 35.527913 0.000000 -7.063509 99.901336 0.000000 -4.630807 -0.000172 
235 32.542364 0.000000 -7.063509 99.900934 0.000000 -4.719791 -0.000247 
236 35.527913 0.000000 -9.869403 99.901250 0.000000 -4.624660 -0.000165 
237 37.020687 0.000000 -2.854668 99.911864 0.000000 -4.230700 -0.000028 
238 35.527913 0.000000 -2.854668 99.905035 0.000000 -4.470324 -0.000100 
239 37.020687 0.000000 -4.257615 99.912128 0.000000 -4.217275 -0.000022 
240 37.020687 0.000000 -1.451722 99.920362 0.000000 -4.754327 -0.000668 
241 38.513461 0.000000 12.577747 103.589628 0.000000 -0.106608 -0.073082 
242 32.542364 0.000000 12.577747 102.420348 0.000000 0.729858 -0.049046 
243 38.513461 0.000000 18.189535 102.723315 0.000000 -0.242806 -0.055214 
244 35.527913 0.000000 4.160066 99.901377 0.000000 -4.632907 -0.000175 
245 32.542364 0.000000 4.160066 99.900976 0.000000 -4.720057 -0.000248 
246 38.513461 0.000000 4.160066 99.913105 0.000000 -4.167650 0.000000 
247 35.527913 0.000000 6.965960 99.900777 0.000000 -4.718716 -0.000243 
248 37.020687 0.000000 -0.048775 99.911805 0.000000 -4.234306 -0.000030 
249 35.527913 0.000000 -0.048775 99.905024 0.000000 -4.472128 -0.000101 
250 38.513461 0.000000 -0.048775 99.922652 0.000000 -4.015550 -0.000066 
251 37.020687 0.000000 1.354172 99.912016 0.000000 -4.224042 -0.000025 
252 37.767074 0.000000 -2.153195 99.900895 0.000000 -4.660525 -0.000191 
253 37.020687 0.000000 -2.153195 99.912297 0.000000 -4.662742 -0.000421 
254 37.767074 0.000000 -2.854668 99.911996 0.000000 -4.221114 -0.000022 
255 38.513461 0.000000 -2.153195 99.902440 0.000000 -4.573791 -0.000142 
256 37.767074 0.000000 -1.451722 99.895695 0.000000 -4.840143 -0.000258 
257 29.556816 0.000000 -1.451722 99.902428 0.000000 -4.752391 -0.000308 
258 26.571267 0.000000 -1.451722 99.907400 0.000000 -4.732836 -0.000389 
259 29.556816 0.000000 -4.257615 99.902407 0.000000 -4.752572 -0.000308 
260 29.556816 0.000000 1.354172 99.902417 0.000000 -4.752479 -0.000308 
261 34.035139 0.000000 -2.854668 99.901509 0.000000 -4.639898 -0.000184 
262 32.542364 0.000000 -2.854668 99.901514 0.000000 -4.639405 -0.000184 
263 34.035139 0.000000 -4.257615 99.901475 0.000000 -4.638049 -0.000182 
264 34.035139 0.000000 -1.451722 99.901526 0.000000 -4.640750 -0.000185 
265 36.274300 0.000000 -2.153195 99.905015 0.000000 -4.469952 -0.000099 
266 35.527913 0.000000 -2.153195 99.905020 0.000000 -4.472232 -0.000101 
267 36.274300 0.000000 -2.854668 99.905031 0.000000 -4.467911 -0.000098 
268 36.274300 0.000000 -1.451722 99.933622 0.000000 -4.521424 -0.000717 
269 34.035139 0.000000 -0.048775 99.901522 0.000000 -4.640466 -0.000185 
270 32.542364 0.000000 -0.048775 99.901524 0.000000 -4.639874 -0.000184 
271 34.035139 0.000000 1.354172 99.901499 0.000000 -4.639128 -0.000183 
272 34.781526 0.000000 -2.153195 99.905032 0.000000 -4.473141 -0.000102 
273 34.035139 0.000000 -2.153195 99.901520 0.000000 -4.640462 -0.000185 
274 34.781526 0.000000 -2.854668 99.905046 0.000000 -4.471381 -0.000101 
275 34.781526 0.000000 -1.451722 99.905025 0.000000 -4.474019 -0.000103 
276 36.274300 0.000000 -0.750248 99.905009 0.000000 -4.470948 -0.000100 
277 35.527913 0.000000 -0.750248 99.905014 0.000000 -4.473148 -0.000102 
278 37.020687 0.000000 -0.750248 99.911756 0.000000 -4.236613 -0.000031 
279 36.274300 0.000000 -0.048775 99.905020 0.000000 -4.469869 -0.000099 
280 35.901107 0.000000 -1.802458 99.905011 0.000000 -4.471907 -0.000101 
281 35.527913 0.000000 -1.802458 99.905015 0.000000 -4.472833 -0.000102 
282 35.901107 0.000000 -2.153195 99.905016 0.000000 -4.471283 -0.000100 
283 36.274300 0.000000 -1.802458 99.930631 0.000000 -4.478039 -0.000618 
284 35.901107 0.000000 -1.451722 99.905009 0.000000 -4.472276 -0.000101 
285 36.647494 0.000000 -1.802458 99.928207 0.000000 -4.552945 -0.000638 
286 36.647494 0.000000 -2.153195 99.918688 0.000000 -4.542182 -0.000438 
287 37.020687 0.000000 -1.802458 99.915953 0.000000 -4.714852 -0.000543 
288 36.647494 0.000000 -1.451722 99.929652 0.000000 -4.557846 -0.000671 
289 34.781526 0.000000 -0.750248 99.905027 0.000000 -4.473980 -0.000103 
290 34.035139 0.000000 -0.750248 99.901527 0.000000 -4.640750 -0.000185 
291 34.781526 0.000000 -0.048775 99.905036 0.000000 -4.473036 -0.000102 
292 35.901107 0.000000 -1.100985 99.905009 0.000000 -4.472386 -0.000101 
293 35.527913 0.000000 -1.100985 99.905012 0.000000 -4.473293 -0.000102 
294 36.274300 0.000000 -1.100985 99.928574 0.000000 -4.477597 -0.000577 
295 35.901107 0.000000 -0.750248 99.905011 0.000000 -4.472238 -0.000101 
296 36.087703 0.000000 -1.627090 99.898108 0.000000 -4.680313 -0.000154 
297 35.901107 0.000000 -1.627090 99.905010 0.000000 -4.472123 -0.000101 
298 36.087703 0.000000 -1.802458 99.928716 0.000000 -4.477699 -0.000580 
299 36.274300 0.000000 -1.627090 99.932507 0.000000 -4.529570 -0.000702 
300 36.087703 0.000000 -1.451722 99.888307 0.000000 -4.741785 -0.000016 
301 354.981603 0.000000 -82.822640 99.994990 0.000000 -0.624106 0.000061 
302 354.981603 0.000000 -172.611239 99.991417 0.000000 -0.189767 0.000168 
303 450.519155 0.000000 -82.822640 99.997732 0.000000 -0.620436 0.000007 
304 354.981603 0.000000 6.965960 100.001116 0.000000 -2.965990 -0.000902 
305 211.675275 0.000000 -37.928340 99.984029 0.000000 -1.573405 0.000072 
306 211.675275 0.000000 -82.822640 99.970805 0.000000 -0.643715 0.000542 
307 259.444051 0.000000 -37.928340 99.992186 0.000000 -1.561826 -0.000088 
308 211.675275 0.000000 6.965960 100.003266 0.000000 -2.980895 -0.000954 
309 140.022111 0.000000 -15.481190 99.943853 0.000000 -3.140468 0.000136 
310 140.022111 0.000000 -37.928340 99.928483 0.000000 -1.611046 0.001170 
311 163.906499 0.000000 -15.481190 99.973570 0.000000 -3.160256 -0.000470 
312 140.022111 0.000000 6.965960 99.957172 0.000000 -3.216225 -0.000178 
313 104.195528 0.000000 -4.257615 99.800837 -0.000000 -5.800968 0.000614 
314 104.195528 0.000000 -15.481190 99.855349 0.000000 -3.133981 0.001909 
315 116.137722 0.000000 -4.257615 99.834605 0.000000 -5.940597 -0.000224 
316 104.195528 0.000000 6.965960 99.863631 0.000000 -3.627753 0.001409 
317 354.981603 0.000000 96.754559 100.005795 0.000000 -0.457544 -0.000137 
318 450.519155 0.000000 96.754559 100.002697 0.000000 -0.454228 -0.000075 
319 354.981603 0.000000 186.543159 100.008884 0.000000 -0.159774 -0.000180 
320 211.675275 0.000000 51.860259 100.020833 0.000000 -0.921030 -0.000502 
321 259.444051 0.000000 51.860259 100.009586 0.000000 -0.909120 -0.000274 
322 211.675275 0.000000 96.754559 100.032741 0.000000 -0.477962 -0.000678 
323 140.022111 0.000000 29.413110 100.054173 0.000000 -1.089253 -0.001202 
324 163.906499 0.000000 29.413110 100.035553 0.000000 -1.073073 -0.000826 
325 140.022111 0.000000 51.860259 100.075760 0.000000 -0.948502 -0.001606 
326 128.079916 0.000000 -4.257615 99.860743 0.000000 -6.051882 -0.000879 
327 128.079916 0.000000 -15.481190 99.923395 0.000000 -3.131120 0.000551 
328 140.022111 0.000000 -4.257615 99.881592 0.000000 -6.151979 -0.001418 
329 128.079916 0.000000 6.965960 99.944125 0.000000 -3.343283 -0.000001 
330 -218.243710 0.000000 -262.399839 99.987209 0.000000 0.003797 0.000256 
331 -313.781262 0.000000 -262.399839 99.993175 0.000000 0.003609 0.000136 
332 -218.243710 0.000000 -352.188438 99.988474 0.000000 0.001236 0.000231 
333 163.906499 0.000000 -262.399839 99.963933 0.000000 -0.077666 0.000721 
334 163.906499 0.000000 -352.188438 99.976263 0.000000 -0.040405 0.000475 
335 259.444051 0.000000 -262.399839 99.981139 0.000000 -0.086460 0.000376 
336 354.981603 0.000000 -262.399839 99.990287 0.000000 -0.087553 0.000193 
337 354.981603 0.000000 -352.188438 99.990708 0.000000 -0.049143 0.000186 
338 450.519155 0.000000 -262.399839 99.994657 0.000000 -0.087003 0.000106 
339 -74.937382 0.000000 -127.716940 99.942326 0.000000 0.015679 0.001153 
340 -122.706158 0.000000 -127.716940 99.969794 0.000000 0.015613 0.000604 
341 -74.937382 0.000000 -172.611239 99.949061 0.000000 0.004283 0.001019 
342 116.137722 0.000000 -127.716940 99.873107 0.000000 -0.306640 0.002527 
343 116.137722 0.000000 -172.611239 99.905978 0.000000 -0.173060 0.001877 
344 163.906499 0.000000 -127.716940 99.933409 0.000000 -0.330137 0.001320 
345 211.675275 0.000000 -127.716940 99.963668 0.000000 -0.335660 0.000715 
346 211.675275 0.000000 -172.611239 99.967108 0.000000 -0.193252 0.000654 
347 259.444051 0.000000 -127.716940 99.981554 0.000000 -0.325491 0.000358 
348 -3.284218 0.000000 -60.375490 99.717815 0.000000 0.058647 0.005635 
349 -27.168606 0.000000 -60.375490 99.856050 0.000000 0.064983 0.002877 
350 -3.284218 0.000000 -82.822640 99.762365 0.000000 0.000919 0.004747 
351 92.253334 0.000000 -60.375490 99.672694 0.000000 -0.994027 0.006437 
352 92.253334 0.000000 -82.822640 99.733770 0.000000 -0.609531 0.005280 
353 116.137722 0.000000 -60.375490 99.834191 0.000000 -1.006101 0.003212 
354 140.022111 0.000000 -60.375490 99.909828 0.000000 -0.993707 0.001704 
355 140.022111 0.000000 -82.822640 99.903180 0.000000 -0.652019 0.001893 
356 163.906499 0.000000 -60.375490 99.947216 0.000000 -0.981123 0.000959 
357 80.311140 0.000000 -26.704765 99.441895 0.000000 -2.387504 0.010561 
358 80.311140 0.000000 -37.928340 99.423819 0.000000 -1.721005 0.011194 
359 92.253334 0.000000 -26.704765 99.715803 0.000000 -2.281543 0.005155 
360 104.195528 0.000000 -26.704765 99.821711 0.000000 -2.213721 0.003073 
361 104.195528 0.000000 -37.928340 99.783315 0.000000 -1.680227 0.004047 
362 116.137722 0.000000 -26.704765 99.880622 0.000000 -2.177696 0.001912 
363 8.657976 0.000000 -26.704765 99.562727 0.000000 0.307250 0.008717 
364 -3.284218 0.000000 -26.704765 99.762838 0.000000 0.224136 0.004733 
365 8.657976 0.000000 -37.928340 99.532482 0.000000 0.183580 0.009325 
366 80.311140 0.000000 18.189535 99.888724 0.000000 -2.575995 0.001561 
367 92.253334 0.000000 18.189535 99.337000 0.000000 -1.620639 0.012953 
368 80.311140 0.000000 29.413110 100.298519 0.000000 -1.882648 -0.006334 
369 104.195528 0.000000 18.189535 99.909561 0.000000 -1.317090 0.001634 
370 116.137722 0.000000 18.189535 100.015967 0.000000 -1.240128 -0.000473 
371 104.195528 0.000000 29.413110 100.012402 0.000000 -1.208356 -0.000394 
372 62.397849 0.000000 12.577747 101.774217 0.000000 -3.677172 -0.037151 
373 68.368946 0.000000 12.577747 100.909628 0.000000 -3.571303 -0.019551 
374 62.397849 0.000000 18.189535 101.674232 0.000000 -2.870464 -0.034589 
375 47.470107 0.000000 4.160066 99.562958 0.000000 -6.570354 0.004405 
376 44.484558 0.000000 4.160066 99.863490 0.000000 -4.788445 0.000435 
377 47.470107 0.000000 6.965960 99.709767 0.000000 -5.801550 0.002430 
378 59.412301 0.000000 4.160066 98.977076 0.000000 -10.664154 0.008981 
379 62.397849 0.000000 4.160066 98.677722 0.000000 -13.360961 0.008419 
380 59.412301 0.000000 6.965960 98.709795 0.000000 -13.181057 0.008264 
381 51.948430 0.000000 -0.048775 99.357340 0.000000 -7.927554 0.006527 
382 50.455655 0.000000 -0.048775 99.490357 0.000000 -7.068277 0.005171 
383 51.948430 0.000000 1.354172 99.361610 0.000000 -7.894852 0.006494 
384 59.412301 0.000000 -7.063509 98.949805 0.000000 -10.838341 0.009147 
385 59.412301 0.000000 -9.869403 98.859200 0.000000 -11.757375 0.008862 
386 62.397849 0.000000 -7.063509 98.658626 0.000000 -13.462535 0.008524 
387 8.657976 0.000000 18.189535 100.392291 0.000000 0.380380 -0.007876 
388 -3.284218 0.000000 18.189535 100.200844 0.000000 0.259090 -0.004028 
389 8.657976 0.000000 29.413110 100.467936 0.000000 0.245836 -0.009387 
390 26.571267 0.000000 12.577747 101.364275 0.000000 0.852134 -0.027544 
391 20.600170 0.000000 12.577747 100.780665 0.000000 0.716399 -0.015726 
392 26.571267 0.000000 18.189535 101.356607 0.000000 0.525271 -0.027344 
393 41.499010 0.000000 4.160066 99.942916 0.000000 -3.773280 -0.000282 
394 41.499010 0.000000 6.965960 99.915144 0.000000 -4.070765 0.000039 
395 48.962881 0.000000 -0.048775 99.649377 0.000000 -5.273728 0.004219 
396 47.470107 0.000000 -0.048775 99.659157 0.000000 -5.403305 0.003886 
397 48.962881 0.000000 1.354172 99.535356 0.000000 -6.741788 0.004726 
398 40.006236 0.000000 -0.048775 99.936904 0.000000 -3.894641 -0.000255 
399 41.499010 0.000000 -0.048775 99.932662 0.000000 -4.024213 -0.000273 
400 40.006236 0.000000 1.354172 99.924410 0.000000 -3.952739 -0.000051 
401 29.556816 0.000000 4.160066 99.904576 0.000000 -4.758725 -0.000357 
402 26.571267 0.000000 4.160066 99.894984 0.000000 -4.713863 -0.000123 
403 29.556816 0.000000 6.965960 99.907055 0.000000 -4.687694 -0.000339 
404 29.556816 0.000000 -7.063509 99.904575 0.000000 -4.758960 -0.000357 
405 26.571267 0.000000 -7.063509 99.156563 0.000000 1.498320 0.016573 
406 29.556816 0.000000 -9.869403 99.907080 0.000000 -4.687627 -0.000340 
407 37.767074 0.000000 -0.750248 99.902596 0.000000 -4.593697 -0.000163 
408 38.513461 0.000000 -0.750248 99.909094 0.000000 -4.342110 -0.000068 
409 37.767074 0.000000 -0.048775 99.911933 0.000000 -4.224959 -0.000024 
410 36.647494 0.000000 -1.100985 99.919392 0.000000 -4.574486 -0.000481 
411 37.020687 0.000000 -1.100985 99.913835 0.000000 -4.684507 -0.000472 
412 36.647494 0.000000 -0.750248 99.911716 0.000000 -4.239930 -0.000033 
413 128.079916 0.000000 -26.704765 99.917148 0.000000 -2.156204 0.001191 
414 128.079916 0.000000 -37.928340 99.900769 0.000000 -1.625495 0.001719 
415 140.022111 0.000000 -26.704765 99.940084 0.000000 -2.144356 0.000738 
416 128.079916 0.000000 18.189535 100.033591 0.000000 -1.182336 -0.000812 
417 140.022111 0.000000 18.189535 100.032231 0.000000 -1.131585 -0.000773 
418 128.079916 0.000000 29.413110 100.065134 0.000000 -1.108604 -0.001426 
1 19 21 9 22 
2 20 19 22 4 
3 28 29 3 30 
4 21 28 30 9 
5 35 37 21 38 
6 36 35 38 19 
7 44 45 28 46 
8 37 44 46 21 
9 51 53 37 54 
10 52 51 54 35 
11 60 61 44 62 
12 53 60 62 37 
13 67 69 53 70 
14 68 67 70 51 
15 11 78 76 77 
16 78 10 24 76 
17 76 24 14 79 
18 77 76 79 6 
19 24 82 80 81 
20 82 23 40 80 
21 80 40 27 83 
22 81 80 83 14 
23 40 86 84 85 
24 85 84 87 27 
25 92 93 60 94 
26 69 92 94 53 
27 95 97 69 98 
28 96 95 98 67 
29 12 106 104 105 
30 106 7 107 104 
31 104 107 13 25 
32 105 104 25 10 
33 25 110 108 109 
34 110 13 111 108 
35 108 111 26 41 
36 109 108 41 23 
37 41 114 112 113 
38 114 26 115 112 
39 112 115 42 57 
40 113 112 57 39 
41 57 118 116 117 
42 118 42 119 116 
43 116 119 58 73 
44 117 116 73 55 
45 55 122 120 121 
46 122 73 123 120 
47 58 125 124 74 
48 125 63 126 124 
49 124 126 66 127 
50 74 124 127 5 
51 129 74 130 128 
52 128 130 5 131 
53 73 138 137 123 
54 138 58 139 137 
55 137 139 74 129 
56 120 142 140 141 
57 142 123 143 140 
58 140 143 71 134 
59 141 140 134 101 
60 71 145 144 135 
61 145 129 146 144 
62 144 146 128 147 
63 135 144 147 102 
64 134 150 148 149 
65 150 71 151 148 
66 148 151 135 152 
67 6 79 153 154 
68 79 14 36 153 
69 153 36 19 155 
70 154 153 155 20 
71 14 83 156 157 
72 83 27 52 156 
73 156 52 35 158 
74 157 156 158 36 
75 27 87 159 160 
76 159 68 51 161 
77 160 159 161 52 
78 162 96 67 164 
79 163 162 164 68 
80 72 171 169 170 
81 170 169 172 100 
82 101 175 173 174 
83 175 134 149 173 
84 173 149 132 176 
85 174 173 176 133 
86 59 103 177 178 
87 103 75 179 177 
88 177 179 95 180 
89 178 177 180 96 
90 99 136 181 182 
91 136 102 183 181 
92 181 183 75 184 
93 182 181 184 103 
94 132 152 185 186 
95 152 135 187 185 
96 185 187 102 188 
97 186 185 188 136 
98 149 191 189 190 
99 191 148 192 189 
100 189 192 152 193 
101 190 189 193 132 
102 39 196 194 195 
103 196 57 117 194 
104 194 117 55 90 
105 195 194 90 56 
106 90 199 197 198 
107 199 55 121 197 
108 121 202 200 201 
109 202 120 141 200 
110 200 141 101 171 
111 201 200 171 72 
112 171 205 203 204 
113 205 101 174 203 
114 203 174 133 206 
115 204 203 206 169 
116 209 72 170 207 
117 207 170 100 210 
118 84 213 211 212 
119 213 56 89 211 
120 211 89 43 214 
121 212 211 214 87 
122 89 217 215 216 
123 216 215 218 43 
124 197 225 223 224 
125 225 121 201 223 
126 223 201 72 209 
127 224 223 209 167 
128 167 228 226 227 
129 228 209 229 226 
130 226 229 207 230 
131 227 226 230 208 
132 56 233 231 232 
133 233 90 198 231 
134 232 231 217 89 
135 198 236 234 235 
136 236 197 224 234 
137 234 224 167 221 
138 235 234 221 88 
139 221 239 237 238 
140 239 167 227 237 
141 91 168 241 242 
142 168 59 178 241 
143 241 178 96 243 
144 242 241 243 162 
145 166 222 244 245 
146 222 165 246 244 
147 244 246 168 247 
148 245 244 247 91 
149 248 250 165 251 
150 249 248 251 222 
151 237 254 252 253 
152 254 227 255 252 
153 252 255 208 256 
154 253 252 256 240 
155 217 259 257 258 
156 259 88 220 257 
157 257 220 166 260 
158 258 257 260 215 
159 88 263 261 262 
160 263 221 238 261 
161 262 261 264 220 
162 238 267 265 266 
163 267 237 253 265 
164 220 264 269 270 
165 269 249 222 271 
166 270 269 271 166 
167 261 274 272 273 
168 274 238 266 272 
169 272 266 219 275 
170 273 272 275 264 
171 276 278 248 279 
172 277 276 279 249 
173 266 282 280 281 
174 282 265 283 280 
175 281 280 284 219 
176 265 286 285 283 
177 286 253 287 285 
178 285 287 240 288 
179 283 285 288 268 
180 264 275 289 290 
181 275 219 277 289 
182 289 277 249 291 
183 290 289 291 269 
184 219 284 292 293 
185 284 268 294 292 
186 292 294 276 295 
187 293 292 295 277 
188 280 298 296 297 
189 298 283 299 296 
190 296 299 268 300 
191 297 296 300 284 
192 15 302 301 33 
193 302 17 303 301 
194 301 303 8 304 
195 33 301 304 18 
196 31 306 305 49 
197 306 33 307 305 
198 305 307 18 308 
199 49 305 308 34 
200 310 49 311 309 
201 309 311 34 312 
202 63 314 313 126 
203 314 65 315 313 
204 313 315 50 316 
205 126 313 316 66 
206 18 304 317 45 
207 304 8 318 317 
208 317 318 29 319 
209 45 317 319 28 
210 34 308 320 61 
211 308 18 321 320 
212 320 321 45 322 
213 61 320 322 44 
214 312 34 324 323 
215 323 324 61 325 
216 93 323 325 60 
217 65 327 326 315 
218 327 309 328 326 
219 326 328 312 329 
220 315 326 329 50 
221 1 332 330 331 
222 332 12 105 330 
223 330 105 10 78 
224 331 330 78 11 
225 7 334 333 107 
226 334 16 335 333 
227 333 335 15 32 
228 107 333 32 13 
229 16 337 336 335 
230 337 2 338 336 
231 336 338 17 302 
232 335 336 302 15 
233 10 341 339 340 
234 341 25 109 339 
235 339 109 23 82 
236 340 339 82 24 
237 13 343 342 111 
238 343 32 344 342 
239 342 344 31 48 
240 111 342 48 26 
241 32 346 345 344 
242 346 15 347 345 
243 345 347 33 306 
244 344 345 306 31 
245 23 350 348 349 
246 350 41 113 348 
247 348 113 39 86 
248 349 348 86 40 
249 26 352 351 115 
250 352 48 353 351 
251 351 353 47 64 
252 115 351 64 42 
253 48 355 354 353 
254 355 31 356 354 
255 354 356 49 310 
256 353 354 310 47 
257 42 358 357 119 
258 358 64 359 357 
259 357 359 63 125 
260 119 357 125 58 
261 64 361 360 359 
262 361 47 362 360 
263 360 362 65 314 
264 359 360 314 63 
265 86 365 363 364 
266 365 39 195 363 
267 363 195 56 213 
268 364 363 213 84 
269 5 127 366 97 
270 127 66 367 366 
271 366 367 92 368 
272 97 366 368 69 
273 66 316 369 367 
274 316 50 370 369 
275 369 370 93 371 
276 367 369 371 92 
277 75 131 372 179 
278 131 5 373 372 
279 372 373 97 374 
280 179 372 374 95 
281 100 172 375 376 
282 172 99 182 375 
283 375 182 103 377 
284 376 375 377 59 
285 102 147 378 183 
286 147 128 379 378 
287 378 379 131 380 
288 183 378 380 75 
289 133 176 381 382 
290 176 132 186 381 
291 381 186 136 383 
292 382 381 383 99 
293 123 385 384 143 
294 385 137 386 384 
295 384 386 129 145 
296 143 384 145 71 
297 87 214 387 388 
298 214 43 163 387 
299 387 163 68 389 
300 388 387 389 159 
301 43 218 390 391 
302 218 91 242 390 
303 390 242 162 392 
304 391 390 392 163 
305 165 210 393 246 
306 210 100 376 393 
307 393 376 59 394 
308 246 393 394 168 
309 169 206 395 396 
310 206 133 382 395 
311 395 382 99 397 
312 396 395 397 172 
313 208 230 398 250 
314 230 207 399 398 
315 398 399 210 400 
316 250 398 400 165 
317 215 260 401 402 
318 260 166 245 401 
319 401 245 91 403 
320 402 401 403 218 
321 231 406 404 405 
322 406 198 235 404 
323 404 235 88 259 
324 405 404 259 217 
325 240 256 407 278 
326 256 208 408 407 
327 407 408 250 409 
328 278 407 409 248 
329 268 288 410 294 
330 288 240 411 410 
331 410 411 278 412 
332 294 410 412 276 
333 47 414 413 362 
334 414 310 415 413 
335 413 415 309 327 
336 362 413 327 65 
337 50 329 416 370 
338 329 312 417 416 
339 416 417 323 418 
340 370 416 418 93 
