2 0.000000 100.000000 240.580931
368 295 
1 -313.781262 0.000000 -352.188438 99.855497 -5.233596 0.002355 0.000149 
2 450.519155 0.000000 -352.188438 99.855473 -5.233596 -0.057119 0.000149 
3 450.519155 0.000000 366.120357 99.868221 -5.233596 -0.047936 -0.000105 
4 -313.781262 0.000000 366.120357 99.870471 -5.233596 0.001969 -0.000150 
5 68.368946 0.000000 6.965960 100.798909 -5.233596 -4.751080 -0.021038 
6 -313.781262 0.000000 6.965960 99.863472 -5.233596 0.007842 -0.000010 
7 68.368946 0.000000 -352.188438 99.829931 -5.233596 -0.029263 0.000659 
8 450.519155 0.000000 6.965960 99.813481 -5.233596 -5.455162 -0.001988 
9 68.368946 0.000000 366.120357 99.892126 -5.233596 -0.026731 -0.000583 
10 -122.706158 0.000000 -172.611239 99.830317 -5.233596 0.009797 0.000652 
11 -313.781262 0.000000 -172.611239 99.857018 -5.233596 0.005812 0.000119 
12 -122.706158 0.000000 -352.188438 99.842670 -5.233596 -0.002343 0.000405 
13 68.368946 0.000000 -172.611239 99.725837 -5.233596 -0.134104 0.002735 
14 -122.706158 0.000000 6.965960 99.866879 -5.233596 0.033912 -0.000079 
15 259.444051 0.000000 -172.611239 99.833162 -5.233596 -0.230663 0.000590 
16 259.444051 0.000000 -352.188438 99.844802 -5.233596 -0.052683 0.000362 
17 450.519155 0.000000 -172.611239 99.852382 -5.233596 -0.242579 0.000205 
18 259.444051 0.000000 6.965960 99.901548 -5.233596 -4.010067 -0.002379 
19 -122.706158 0.000000 186.543159 99.895462 -5.233596 0.007073 -0.000649 
20 -313.781262 0.000000 186.543159 99.869476 -5.233596 0.005365 -0.000130 
21 68.368946 0.000000 186.543159 99.974719 -5.233596 -0.111402 -0.002235 
22 -122.706158 0.000000 366.120357 99.882143 -5.233596 -0.002949 -0.000383 
23 -27.168606 0.000000 -82.822640 99.709390 -5.233596 0.035275 0.003065 
24 -122.706158 0.000000 -82.822640 99.836896 -5.233596 0.025082 0.000520 
25 -27.168606 0.000000 -172.611239 99.774378 -5.233596 -0.014162 0.001768 
26 68.368946 0.000000 -82.822640 99.400629 -5.233596 -0.545081 0.009183 
27 -27.168606 0.000000 6.965960 99.900349 -5.233596 0.156485 -0.000749 
28 259.444051 0.000000 186.543159 99.883071 -5.233596 -0.176422 -0.000405 
29 450.519155 0.000000 186.543159 99.865134 -5.233596 -0.169671 -0.000046 
30 259.444051 0.000000 366.120357 99.878237 -5.233596 -0.045862 -0.000305 
31 163.906499 0.000000 -82.822640 99.743231 -5.233596 -0.865478 0.002315 
32 163.906499 0.000000 -172.611239 99.795882 -5.233596 -0.216449 0.001334 
33 259.444051 0.000000 -82.822640 99.806257 -5.233596 -0.964430 0.001039 
34 163.906499 0.000000 6.965960 99.973019 -5.233596 -3.971607 -0.003777 
35 -27.168606 0.000000 96.754559 100.008816 -5.233596 0.014088 -0.002915 
36 -122.706158 0.000000 96.754559 99.892947 -5.233596 0.021667 -0.000599 
37 68.368946 0.000000 96.754559 100.188102 -5.233596 -0.386336 -0.006520 
38 -27.168606 0.000000 186.543159 99.941753 -5.233596 -0.017139 -0.001574 
39 20.600170 0.000000 -37.928340 99.029971 -5.233596 0.148859 0.016565 
40 -27.168606 0.000000 -37.928340 99.739345 -5.233596 0.115735 0.002466 
41 20.600170 0.000000 -82.822640 99.466319 -5.233596 -0.095656 0.007905 
42 68.368946 0.000000 -37.928340 98.495257 -5.233596 -2.053717 0.026708 
43 20.600170 0.000000 6.965960 100.473508 -5.233596 0.965375 -0.012325 
44 163.906499 0.000000 96.754559 99.936776 -5.233596 -0.553084 -0.001506 
45 259.444051 0.000000 96.754559 99.878008 -5.233596 -0.545253 -0.000330 
46 163.906499 0.000000 186.543159 99.916352 -5.233596 -0.171780 -0.001070 
47 116.137722 0.000000 -37.928340 99.320598 -5.233596 -3.663095 0.009461 
48 116.137722 0.000000 -82.822640 99.633508 -5.233596 -0.786349 0.004516 
49 163.906499 0.000000 -37.928340 99.522794 -5.233596 -4.650918 0.004619 
50 116.137722 0.000000 6.965960 99.999269 -5.233596 -4.003719 -0.004327 
51 20.600170 0.000000 51.860259 100.509679 -5.233596 -0.032981 -0.012959 
52 -27.168606 0.000000 51.860259 100.015257 -5.233596 0.080783 -0.003045 
53 68.368946 0.000000 51.860259 100.616144 -5.233596 -1.066214 -0.015214 
54 20.600170 0.000000 96.754559 100.168655 -5.233596 -0.102325 -0.006116 
55 44.484558 0.000000 -15.481190 95.604398 -5.233596 -1.231548 0.083089 
56 20.600170 0.000000 -15.481190 99.062259 -5.233596 0.760437 0.015870 
57 44.484558 0.000000 -37.928340 98.186606 -5.233596 -0.687374 0.033153 
58 68.368946 0.000000 -15.481190 95.761229 -5.233596 -19.661315 0.041583 
59 44.484558 0.000000 6.965960 99.907258 0.000000 -3.843871 0.000376 
60 116.137722 0.000000 51.860259 100.057848 -5.233596 -1.240692 -0.004050 
61 163.906499 0.000000 51.860259 99.930620 -5.233596 -1.239108 -0.001505 
62 116.137722 0.000000 96.754559 100.025110 -5.233596 -0.528114 -0.003269 
63 92.253334 0.000000 -15.481190 100.127244 -5.233596 -10.082156 -0.015451 
64 92.253334 0.000000 -37.928340 99.060531 -5.233596 -2.946776 0.015094 
65 116.137722 0.000000 -15.481190 100.509142 -5.233596 -10.415069 -0.023795 
66 92.253334 0.000000 6.965960 100.140363 -5.233596 -3.866113 -0.007043 
67 44.484558 0.000000 29.413110 101.898085 -5.233596 -0.823816 -0.041129 
68 20.600170 0.000000 29.413110 100.773671 -5.233596 0.240095 -0.018278 
69 68.368946 0.000000 29.413110 101.007283 -5.233596 -2.124323 -0.023437 
70 44.484558 0.000000 51.860259 100.839998 -5.233596 -0.512000 -0.019636 
71 56.426752 0.000000 -4.257615 99.347572 0.000000 -9.995641 0.003015 
72 44.484558 0.000000 -4.257615 99.680039 0.000000 -6.379544 0.002319 
73 56.426752 0.000000 -15.481190 82.611615 -5.233596 -9.315736 0.306115 
74 68.368946 0.000000 -4.257615 99.721509 -5.233596 -6.018339 -0.000799 
75 56.426752 0.000000 6.965960 99.323315 0.000000 -10.534016 0.002391 
76 -218.243710 0.000000 -82.822640 99.855180 -5.233596 0.012725 0.000155 
77 -313.781262 0.000000 -82.822640 99.859749 -5.233596 0.007335 0.000064 
78 -218.243710 0.000000 -172.611239 99.850145 -5.233596 0.008382 0.000256 
79 -218.243710 0.000000 6.965960 99.864131 -5.233596 0.014408 -0.000024 
80 -74.937382 0.000000 -37.928340 99.826898 -5.233596 0.062079 0.000720 
81 -122.706158 0.000000 -37.928340 99.849593 -5.233596 0.032004 0.000267 
82 -74.937382 0.000000 -82.822640 99.801936 -5.233596 0.039667 0.001218 
83 -74.937382 0.000000 6.965960 99.872732 -5.233596 0.062052 -0.000196 
84 -3.284218 0.000000 -15.481190 99.703470 -5.233596 0.310989 0.003173 
85 -27.168606 0.000000 -15.481190 99.807702 -5.233596 0.151833 0.001101 
86 -3.284218 0.000000 -37.928340 99.567493 -5.233596 0.173894 0.005889 
87 -3.284218 0.000000 6.965960 99.970962 -5.233596 0.331635 -0.002169 
88 32.542364 0.000000 -4.257615 99.802797 0.000000 -4.949289 0.001491 
89 20.600170 0.000000 -4.257615 99.662932 -5.233596 1.103604 0.003869 
90 32.542364 0.000000 -15.481190 97.389215 -5.233596 0.801318 0.048731 
91 32.542364 0.000000 6.965960 99.802037 0.000000 -4.981816 0.001473 
92 92.253334 0.000000 29.413110 100.190238 -5.233596 -2.007189 -0.006950 
93 116.137722 0.000000 29.413110 100.055472 -5.233596 -1.959558 -0.004233 
94 92.253334 0.000000 51.860259 100.238243 -5.233596 -1.229411 -0.007661 
95 56.426752 0.000000 18.189535 102.499211 -5.233596 -2.721555 -0.054089 
96 44.484558 0.000000 18.189535 103.136088 -5.233596 -1.124517 -0.066571 
97 68.368946 0.000000 18.189535 101.111469 -5.233596 -3.172062 -0.026098 
98 56.426752 0.000000 29.413110 101.667010 -5.233596 -1.689158 -0.036642 
99 50.455655 0.000000 1.354172 99.588941 0.000000 -7.527336 0.002538 
100 44.484558 0.000000 1.354172 99.682036 0.000000 -6.362087 0.002302 
101 50.455655 0.000000 -4.257615 99.581765 0.000000 -7.593819 0.002581 
102 56.426752 0.000000 1.354172 99.366327 0.000000 -9.846432 0.002938 
103 50.455655 0.000000 6.965960 99.539151 0.000000 -8.012921 0.002775 
104 -27.168606 0.000000 -262.399839 99.814346 -5.233596 -0.015765 0.000971 
105 -122.706158 0.000000 -262.399839 99.835964 -5.233596 0.001008 0.000539 
106 -27.168606 0.000000 -352.188438 99.833441 -5.233596 -0.012515 0.000589 
107 68.368946 0.000000 -262.399839 99.804308 -5.233596 -0.054274 0.001171 
108 20.600170 0.000000 -127.716940 99.654327 -5.233596 -0.087737 0.004162 
109 -27.168606 0.000000 -127.716940 99.737333 -5.233596 -0.001269 0.002507 
110 20.600170 0.000000 -172.611239 99.733620 -5.233596 -0.062571 0.002581 
111 68.368946 0.000000 -127.716940 99.640567 -5.233596 -0.237540 0.004431 
112 44.484558 0.000000 -60.375490 99.013324 -5.233596 -0.443360 0.016877 
113 20.600170 0.000000 -60.375490 99.286867 -5.233596 -0.053469 0.011472 
114 44.484558 0.000000 -82.822640 99.363887 -5.233596 -0.305014 0.009933 
115 68.368946 0.000000 -60.375490 99.114499 -5.233596 -0.946169 0.014803 
116 56.426752 0.000000 -26.704765 97.166034 -5.233596 -2.344676 0.052587 
117 44.484558 0.000000 -26.704765 97.287175 -5.233596 -0.878850 0.050704 
118 56.426752 0.000000 -37.928340 98.194141 -5.233596 -1.416937 0.032851 
119 68.368946 0.000000 -26.704765 97.354307 -5.233596 -4.630828 0.047330 
120 50.455655 0.000000 -9.869403 99.524759 0.000000 -8.138077 0.002859 
121 44.484558 0.000000 -9.869403 99.939056 0.000000 -3.992661 -0.000376 
122 50.455655 0.000000 -15.481190 95.220643 -5.233596 -2.444185 0.089966 
123 56.426752 0.000000 -9.869403 99.297531 0.000000 -10.725593 0.002496 
124 80.311140 0.000000 -4.257615 99.800336 -5.233596 -5.609186 -0.001896 
125 80.311140 0.000000 -15.481190 99.516543 -5.233596 -11.299732 -0.005862 
126 92.253334 0.000000 -4.257615 100.188243 -5.233596 -6.098443 -0.010227 
127 80.311140 0.000000 6.965960 99.691961 -5.233596 -4.200010 0.001648 
128 62.397849 0.000000 1.354172 99.020414 0.000000 -13.793223 0.000470 
129 62.397849 0.000000 -4.257615 99.009200 0.000000 -13.857522 0.000515 
130 68.368946 0.000000 1.354172 100.328665 -5.233596 -5.554555 -0.012408 
131 62.397849 0.000000 6.965960 98.459948 0.000000 -17.669441 -0.000657 
132 53.441204 0.000000 -1.451722 99.857039 0.000000 -8.717361 -0.004742 
133 50.455655 0.000000 -1.451722 99.956506 0.000000 -4.278961 -0.000961 
134 53.441204 0.000000 -4.257615 99.464404 0.000000 -8.843753 0.002862 
135 56.426752 0.000000 -1.451722 99.346044 0.000000 -10.031266 0.002974 
136 53.441204 0.000000 1.354172 99.478393 0.000000 -8.722144 0.002797 
137 62.397849 0.000000 -9.869403 98.448092 0.000000 -17.717644 -0.000594 
138 62.397849 0.000000 -15.481190 78.141390 -5.233596 -73.404479 -0.152168 
139 68.368946 0.000000 -9.869403 99.111488 -5.233596 -6.776699 0.010360 
140 53.441204 0.000000 -7.063509 99.450319 0.000000 -8.966066 0.002924 
141 50.455655 0.000000 -7.063509 99.548143 0.000000 -7.916431 0.002750 
142 53.441204 0.000000 -9.869403 99.431404 0.000000 -9.164016 0.002942 
143 56.426752 0.000000 -7.063509 99.331821 0.000000 -10.213820 0.002887 
144 59.412301 0.000000 -1.451722 99.226543 0.000000 -11.337188 0.002556 
145 59.412301 0.000000 -4.257615 99.228617 0.000000 -11.309850 0.002577 
146 62.397849 0.000000 -1.451722 99.144190 0.000000 -12.375694 0.001727 
147 59.412301 0.000000 1.354172 99.245349 0.000000 -11.189754 0.002515 
148 54.933978 0.000000 -2.854668 99.403172 0.000000 -9.467549 0.002937 
149 53.441204 0.000000 -2.854668 99.822721 0.000000 -8.737895 -0.004093 
150 54.933978 0.000000 -4.257615 99.405240 0.000000 -9.430767 0.002966 
151 56.426752 0.000000 -2.854668 99.343699 0.000000 -10.043551 0.002996 
152 54.933978 0.000000 -1.451722 99.405851 0.000000 -9.452546 0.002913 
153 -218.243710 0.000000 96.754559 99.872520 -5.233596 0.011877 -0.000191 
154 -313.781262 0.000000 96.754559 99.867057 -5.233596 0.007043 -0.000082 
155 -218.243710 0.000000 186.543159 99.876531 -5.233596 0.007317 -0.000271 
156 -74.937382 0.000000 51.860259 99.913731 -5.233596 0.054420 -0.001015 
157 -122.706158 0.000000 51.860259 99.882922 -5.233596 0.029595 -0.000399 
158 -74.937382 0.000000 96.754559 99.928554 -5.233596 0.030315 -0.001311 
159 -3.284218 0.000000 29.413110 100.149055 -5.233596 0.206820 -0.005727 
160 -27.168606 0.000000 29.413110 99.977543 -5.233596 0.125837 -0.002292 
161 -3.284218 0.000000 51.860259 100.177076 -5.233596 0.085540 -0.006284 
162 32.542364 0.000000 18.189535 102.045997 -5.233596 0.337174 -0.044089 
163 20.600170 0.000000 18.189535 100.800905 -5.233596 0.554787 -0.018852 
164 32.542364 0.000000 29.413110 101.426762 -5.233596 -0.049333 -0.031478 
165 38.513461 0.000000 1.354172 99.829618 0.000000 -4.427805 0.001444 
166 32.542364 0.000000 1.354172 99.802788 0.000000 -4.949428 0.001491 
167 38.513461 0.000000 -4.257615 99.850751 0.000000 -4.216448 0.001205 
168 38.513461 0.000000 6.965960 99.816856 0.000000 -4.642347 0.001504 
169 47.470107 0.000000 -1.451722 99.836122 0.000000 -3.921673 0.001737 
170 44.484558 0.000000 -1.451722 99.803267 0.000000 -4.480247 0.001924 
171 47.470107 0.000000 -4.257615 99.649927 0.000000 -6.763427 0.002415 
172 47.470107 0.000000 1.354172 99.653322 0.000000 -6.732332 0.002389 
173 51.948430 0.000000 -2.854668 99.920803 0.000000 -6.480713 -0.002617 
174 50.455655 0.000000 -2.854668 99.865284 0.000000 -5.071108 0.000121 
175 51.948430 0.000000 -4.257615 99.520682 0.000000 -8.260518 0.002740 
176 51.948430 0.000000 -1.451722 100.059362 0.000000 -5.328268 -0.004027 
177 50.455655 0.000000 12.577747 103.968300 -5.233596 -2.622180 -0.084367 
178 44.484558 0.000000 12.577747 104.148794 -5.233596 -1.407773 -0.087634 
179 56.426752 0.000000 12.577747 103.087519 -5.233596 -3.627812 -0.066759 
180 50.455655 0.000000 18.189535 103.030796 -5.233596 -2.010478 -0.064678 
181 53.441204 0.000000 4.160066 99.470672 0.000000 -8.793100 0.002827 
182 50.455655 0.000000 4.160066 99.573461 0.000000 -7.664714 0.002638 
183 56.426752 0.000000 4.160066 99.357861 0.000000 -10.010662 0.002780 
184 53.441204 0.000000 6.965960 99.452467 0.000000 -8.990208 0.002838 
185 54.933978 0.000000 -0.048775 99.412820 0.000000 -9.387385 0.002897 
186 53.441204 0.000000 -0.048775 99.472658 0.000000 -8.791469 0.002790 
187 56.426752 0.000000 -0.048775 99.354287 0.000000 -9.959597 0.002953 
188 54.933978 0.000000 1.354172 99.422369 0.000000 -9.288341 0.002892 
189 54.187591 0.000000 -2.153195 99.136730 0.000000 -14.728754 -0.004503 
190 53.441204 0.000000 -2.153195 99.813678 0.000000 -10.541851 -0.007390 
191 54.187591 0.000000 -2.854668 99.466926 0.000000 -11.705840 -0.003070 
192 54.933978 0.000000 -2.153195 97.928533 0.000000 -19.178953 0.004217 
193 54.187591 0.000000 -1.451722 99.427420 0.000000 -9.260173 0.002844 
194 32.542364 0.000000 -26.704765 98.072613 -5.233596 0.121785 0.035436 
195 20.600170 0.000000 -26.704765 98.948303 -5.233596 0.381021 0.018170 
196 32.542364 0.000000 -37.928340 98.561554 -5.233596 -0.113996 0.025822 
197 38.513461 0.000000 -9.869403 99.817221 0.000000 -4.634203 0.001505 
198 32.542364 0.000000 -9.869403 99.802038 0.000000 -4.982048 0.001473 
199 38.513461 0.000000 -15.481190 96.169071 -5.233596 -0.021285 0.072412 
200 47.470107 0.000000 -7.063509 99.637429 0.000000 -6.887058 0.002495 
201 44.484558 0.000000 -7.063509 99.783209 0.000000 -5.776169 0.000995 
202 47.470107 0.000000 -9.869403 99.607505 0.000000 -7.228018 0.002610 
203 48.962881 0.000000 -2.854668 99.796125 0.000000 -4.633964 0.001926 
204 47.470107 0.000000 -2.854668 99.818914 0.000000 -4.185727 0.001866 
205 48.962881 0.000000 -4.257615 99.627138 0.000000 -7.045095 0.002480 
206 48.962881 0.000000 -1.451722 99.917617 0.000000 -3.520904 0.000407 
207 41.499010 0.000000 -1.451722 99.850325 0.000000 -4.471611 0.000992 
208 38.513461 0.000000 -1.451722 99.810405 0.000000 -4.852075 0.001434 
209 41.499010 0.000000 -4.257615 99.910159 0.000000 -4.141049 0.000081 
210 41.499010 0.000000 1.354172 99.909056 0.000000 -4.150805 0.000095 
211 8.657976 0.000000 -4.257615 99.796995 -5.233596 0.557689 0.001286 
212 -3.284218 0.000000 -4.257615 99.832631 -5.233596 0.342782 0.000594 
213 8.657976 0.000000 -15.481190 99.540952 -5.233596 0.473327 0.006398 
214 8.657976 0.000000 6.965960 100.085384 -5.233596 0.526509 -0.004475 
215 26.571267 0.000000 1.354172 99.803057 0.000000 -4.914327 0.001520 
216 20.600170 0.000000 1.354172 100.101868 -5.233596 1.104176 -0.004899 
217 26.571267 0.000000 -4.257615 99.803067 0.000000 -4.914302 0.001520 
218 26.571267 0.000000 6.965960 101.092372 -5.233596 1.361149 -0.024891 
219 35.527913 0.000000 -1.451722 99.814209 0.000000 -4.700919 0.001503 
220 32.542364 0.000000 -1.451722 99.806225 0.000000 -4.868629 0.001501 
221 35.527913 0.000000 -4.257615 99.814623 0.000000 -4.691778 0.001503 
222 35.527913 0.000000 1.354172 99.814466 0.000000 -4.695184 0.001503 
223 41.499010 0.000000 -7.063509 99.892078 0.000000 -3.979618 0.000574 
224 38.513461 0.000000 -7.063509 99.831996 0.000000 -4.381515 0.001437 
225 41.499010 0.000000 -9.869403 99.864141 0.000000 -4.021066 0.001098 
226 40.006236 0.000000 -2.854668 99.850535 0.000000 -4.392321 0.001058 
227 38.513461 0.000000 -2.854668 99.829687 0.000000 -4.521667 0.001359 
228 40.006236 0.000000 -4.257615 99.880617 0.000000 -4.094676 0.000710 
229 41.499010 0.000000 -2.854668 99.860136 0.000000 -4.416348 0.000845 
230 40.006236 0.000000 -1.451722 99.826300 0.000000 -4.651401 0.001307 
231 26.571267 0.000000 -9.869403 98.704882 -5.233596 1.361707 0.022810 
232 20.600170 0.000000 -9.869403 99.291664 -5.233596 0.964663 0.011284 
233 26.571267 0.000000 -15.481190 98.467147 -5.233596 0.908338 0.027601 
234 35.527913 0.000000 -7.063509 99.806639 0.000000 -4.859403 0.001502 
235 32.542364 0.000000 -7.063509 99.802829 0.000000 -4.948522 0.001491 
236 35.527913 0.000000 -9.869403 99.806880 0.000000 -4.853276 0.001503 
237 37.020687 0.000000 -2.854668 99.828120 0.000000 -4.457138 0.001448 
238 35.527913 0.000000 -2.854668 99.814339 0.000000 -4.698051 0.001503 
239 37.020687 0.000000 -4.257615 99.828810 0.000000 -4.443660 0.001446 
240 37.020687 0.000000 -1.451722 99.821238 0.000000 -4.982901 0.001089 
241 38.513461 0.000000 12.577747 103.693581 -5.233596 -0.113919 -0.077976 
242 32.542364 0.000000 12.577747 102.446570 -5.233596 0.773007 -0.052329 
243 38.513461 0.000000 18.189535 102.773785 -5.233596 -0.259850 -0.058991 
244 35.527913 0.000000 4.160066 99.806551 0.000000 -4.861490 0.001502 
245 32.542364 0.000000 4.160066 99.802816 0.000000 -4.948775 0.001491 
246 38.513461 0.000000 4.160066 99.831372 0.000000 -4.393842 0.001439 
247 35.527913 0.000000 6.965960 99.802876 0.000000 -4.947498 0.001491 
248 37.020687 0.000000 -0.048775 99.827936 0.000000 -4.460755 0.001448 
249 35.527913 0.000000 -0.048775 99.814256 0.000000 -4.699856 0.001503 
250 38.513461 0.000000 -0.048775 99.849118 0.000000 -4.240957 0.001217 
251 37.020687 0.000000 1.354172 99.828466 0.000000 -4.450448 0.001447 
252 37.767074 0.000000 -2.153195 99.808166 0.000000 -4.889995 0.001442 
253 37.020687 0.000000 -2.153195 99.817173 0.000000 -4.891404 0.001261 
254 37.767074 0.000000 -2.854668 99.828609 0.000000 -4.447532 0.001447 
255 38.513461 0.000000 -2.153195 99.813539 0.000000 -4.802980 0.001419 
256 37.767074 0.000000 -1.451722 99.799186 0.000000 -5.070910 0.001441 
257 29.556816 0.000000 -1.451722 99.802020 0.000000 -4.980833 0.001475 
258 26.571267 0.000000 -1.451722 99.804413 0.000000 -4.960141 0.001448 
259 29.556816 0.000000 -4.257615 99.802023 0.000000 -4.981025 0.001475 
260 29.556816 0.000000 1.354172 99.802022 0.000000 -4.980926 0.001475 
261 34.035139 0.000000 -2.854668 99.806252 0.000000 -4.868439 0.001501 
262 32.542364 0.000000 -2.854668 99.806255 0.000000 -4.867939 0.001501 
263 34.035139 0.000000 -4.257615 99.806330 0.000000 -4.866600 0.001501 
264 34.035139 0.000000 -1.451722 99.806215 0.000000 -4.869285 0.001501 
265 36.274300 0.000000 -2.153195 99.814367 0.000000 -4.697690 0.001502 
266 35.527913 0.000000 -2.153195 99.814252 0.000000 -4.699962 0.001503 
267 36.274300 0.000000 -2.854668 99.814459 0.000000 -4.695645 0.001502 
268 36.274300 0.000000 -1.451722 99.832661 0.000000 -4.746354 0.001091 
269 34.035139 0.000000 -0.048775 99.806226 0.000000 -4.869002 0.001501 
270 32.542364 0.000000 -0.048775 99.806234 0.000000 -4.868405 0.001501 
271 34.035139 0.000000 1.354172 99.806282 0.000000 -4.867671 0.001501 
272 34.781526 0.000000 -2.153195 99.814200 0.000000 -4.700862 0.001503 
273 34.035139 0.000000 -2.153195 99.806227 0.000000 -4.868999 0.001501 
274 34.781526 0.000000 -2.854668 99.814280 0.000000 -4.699100 0.001503 
275 34.781526 0.000000 -1.451722 99.814159 0.000000 -4.701742 0.001503 
276 36.274300 0.000000 -0.750248 99.814322 0.000000 -4.698686 0.001502 
277 35.527913 0.000000 -0.750248 99.814210 0.000000 -4.700878 0.001503 
278 37.020687 0.000000 -0.750248 99.827817 0.000000 -4.463072 0.001449 
279 36.274300 0.000000 -0.048775 99.814370 0.000000 -4.697604 0.001502 
280 35.901107 0.000000 -1.802458 99.814273 0.000000 -4.699641 0.001502 
281 35.527913 0.000000 -1.802458 99.814225 0.000000 -4.700564 0.001503 
282 35.901107 0.000000 -2.153195 99.814301 0.000000 -4.699017 0.001502 
283 36.274300 0.000000 -1.802458 99.831174 0.000000 -4.702909 0.001162 
284 35.901107 0.000000 -1.451722 99.814256 0.000000 -4.700011 0.001502 
285 36.647494 0.000000 -1.802458 99.829938 0.000000 -4.779102 0.001114 
286 36.647494 0.000000 -2.153195 99.825402 0.000000 -4.769755 0.001214 
287 37.020687 0.000000 -1.802458 99.818738 0.000000 -4.943529 0.001178 
288 36.647494 0.000000 -1.451722 99.830563 0.000000 -4.783812 0.001097 
289 34.781526 0.000000 -0.750248 99.814161 0.000000 -4.701703 0.001503 
290 34.035139 0.000000 -0.750248 99.806214 0.000000 -4.869285 0.001501 
291 34.781526 0.000000 -0.048775 99.814204 0.000000 -4.700756 0.001503 
292 35.901107 0.000000 -1.100985 99.814251 0.000000 -4.700121 0.001502 
293 35.527913 0.000000 -1.100985 99.814204 0.000000 -4.701024 0.001503 
294 36.274300 0.000000 -1.100985 99.829816 0.000000 -4.702698 0.001189 
295 35.901107 0.000000 -0.750248 99.814257 0.000000 -4.699973 0.001502 
296 36.087703 0.000000 -1.627090 99.794473 0.000000 -4.906859 0.001699 
297 35.901107 0.000000 -1.627090 99.814263 0.000000 -4.699858 0.001502 
298 36.087703 0.000000 -1.802458 99.829905 0.000000 -4.702783 0.001187 
299 36.274300 0.000000 -1.627090 99.831833 0.000000 -4.754704 0.001100 
300 36.087703 0.000000 -1.451722 99.783373 0.000000 -4.968832 0.001859 
301 -218.243710 0.000000 -262.399839 99.849283 -5.233596 0.004246 0.000273 
302 -313.781262 0.000000 -262.399839 99.855694 -5.233596 0.003973 0.000145 
303 -218.243710 0.000000 -352.188438 99.850567 -5.233596 0.001469 0.000247 
304 163.906499 0.000000 -262.399839 99.821146 -5.233596 -0.086687 0.000834 
305 163.906499 0.000000 -352.188438 99.835910 -5.233596 -0.044503 0.000540 
306 259.444051 0.000000 -262.399839 99.839480 -5.233596 -0.098732 0.000468 
307 -74.937382 0.000000 -127.716940 99.801644 -5.233596 0.016996 0.001224 
308 -122.706158 0.000000 -127.716940 99.830970 -5.233596 0.016795 0.000639 
309 -74.937382 0.000000 -172.611239 99.808465 -5.233596 0.004636 0.001088 
310 116.137722 0.000000 -127.716940 99.707773 -5.233596 -0.348699 0.003085 
311 116.137722 0.000000 -172.611239 99.755067 -5.233596 -0.191861 0.002150 
312 163.906499 0.000000 -127.716940 99.772729 -5.233596 -0.391531 0.001786 
313 -3.284218 0.000000 -60.375490 99.562610 -5.233596 0.066349 0.005989 
314 -27.168606 0.000000 -60.375490 99.710762 -5.233596 0.071318 0.003037 
315 -3.284218 0.000000 -82.822640 99.608617 -5.233596 0.004157 0.005073 
316 92.253334 0.000000 -60.375490 99.389951 -5.233596 -1.229257 0.009274 
317 92.253334 0.000000 -82.822640 99.523949 -5.233596 -0.705359 0.006710 
318 116.137722 0.000000 -60.375490 99.563002 -5.233596 -1.364144 0.005796 
319 80.311140 0.000000 -26.704765 97.500176 -5.233596 -8.349976 0.039660 
320 80.311140 0.000000 -37.928340 98.833101 -5.233596 -2.535027 0.019820 
321 92.253334 0.000000 -26.704765 97.728397 -5.233596 -13.127251 0.024945 
322 8.657976 0.000000 -26.704765 99.402689 -5.233596 0.332068 0.009160 
323 -3.284218 0.000000 -26.704765 99.614521 -5.233596 0.241831 0.004950 
324 8.657976 0.000000 -37.928340 99.367809 -5.233596 0.201252 0.009861 
325 80.311140 0.000000 18.189535 100.229153 -5.233596 -2.951558 -0.008199 
326 92.253334 0.000000 18.189535 100.001106 -5.233596 -2.494922 -0.003384 
327 80.311140 0.000000 29.413110 100.445301 -5.233596 -2.150931 -0.012128 
328 62.397849 0.000000 12.577747 101.900778 -5.233596 -3.977387 -0.042698 
329 68.368946 0.000000 12.577747 101.044342 -5.233596 -3.901124 -0.025257 
330 62.397849 0.000000 18.189535 101.765027 -5.233596 -3.090767 -0.039306 
331 47.470107 0.000000 4.160066 99.644050 0.000000 -6.825960 0.002447 
332 44.484558 0.000000 4.160066 99.881963 0.000000 -5.025150 -0.000166 
333 47.470107 0.000000 6.965960 99.770450 0.000000 -6.049218 0.000926 
334 59.412301 0.000000 4.160066 99.272110 0.000000 -10.965903 0.002480 
335 62.397849 0.000000 4.160066 99.037603 0.000000 -13.688186 0.000419 
336 59.412301 0.000000 6.965960 99.067267 0.000000 -13.506562 0.000325 
337 51.948430 0.000000 -0.048775 99.529152 0.000000 -8.200019 0.002671 
338 50.455655 0.000000 -0.048775 99.605105 0.000000 -7.329952 0.002509 
339 51.948430 0.000000 1.354172 99.531054 0.000000 -8.166925 0.002687 
340 59.412301 0.000000 -7.063509 99.247868 0.000000 -11.141751 0.002572 
341 59.412301 0.000000 -9.869403 99.185049 0.000000 -12.069601 0.001665 
342 62.397849 0.000000 -7.063509 99.019804 0.000000 -13.790735 0.000489 
343 8.657976 0.000000 18.189535 100.286572 -5.233596 0.403732 -0.008495 
344 -3.284218 0.000000 18.189535 100.081468 -5.233596 0.275496 -0.004377 
345 8.657976 0.000000 29.413110 100.366249 -5.233596 0.260507 -0.010084 
346 26.571267 0.000000 12.577747 101.323395 -5.233596 0.902750 -0.029464 
347 20.600170 0.000000 12.577747 100.702165 -5.233596 0.759546 -0.016889 
348 26.571267 0.000000 18.189535 101.314606 -5.233596 0.555694 -0.029235 
349 41.499010 0.000000 4.160066 99.890515 0.000000 -3.998019 0.000590 
350 41.499010 0.000000 6.965960 99.836403 0.000000 -4.296543 0.001423 
351 48.962881 0.000000 -0.048775 99.735342 0.000000 -5.519621 0.002240 
352 47.470107 0.000000 -0.048775 99.719610 0.000000 -5.648837 0.002409 
353 48.962881 0.000000 1.354172 99.631966 0.000000 -6.999740 0.002448 
354 40.006236 0.000000 -0.048775 99.878137 0.000000 -4.119887 0.000738 
355 41.499010 0.000000 -0.048775 99.884253 0.000000 -4.251607 0.000506 
356 40.006236 0.000000 1.354172 99.853216 0.000000 -4.177898 0.001188 
357 29.556816 0.000000 4.160066 99.802684 0.000000 -4.986751 0.001456 
358 26.571267 0.000000 4.160066 99.789923 0.000000 -4.940439 0.001756 
359 29.556816 0.000000 6.965960 99.803133 0.000000 -4.914143 0.001519 
360 29.556816 0.000000 -7.063509 99.802693 0.000000 -4.986991 0.001455 
361 26.571267 0.000000 -7.063509 98.984522 -5.233596 1.595992 0.017213 
362 29.556816 0.000000 -9.869403 99.803160 0.000000 -4.914077 0.001518 
363 37.767074 0.000000 -0.750248 99.811268 0.000000 -4.822697 0.001445 
364 38.513461 0.000000 -0.750248 99.826377 0.000000 -4.569813 0.001381 
365 37.767074 0.000000 -0.048775 99.828415 0.000000 -4.451388 0.001447 
366 36.647494 0.000000 -1.100985 99.825118 0.000000 -4.802177 0.001189 
367 37.020687 0.000000 -1.100985 99.817830 0.000000 -4.913173 0.001226 
368 36.647494 0.000000 -0.750248 99.827646 0.000000 -4.466393 0.001449 
1 16 2 17 15 
2 15 17 8 18 
3 19 21 9 22 
4 20 19 22 4 
5 18 8 29 28 
6 28 29 3 30 
7 21 28 30 9 
8 32 15 33 31 
9 31 33 18 34 
10 35 37 21 38 
11 36 35 38 19 
12 34 18 45 44 
13 44 45 28 46 
14 37 44 46 21 
15 48 31 49 47 
16 47 49 34 50 
17 51 53 37 54 
18 52 51 54 35 
19 50 34 61 60 
20 60 61 44 62 
21 53 60 62 37 
22 64 47 65 63 
23 63 65 50 66 
24 67 69 53 70 
25 68 67 70 51 
26 11 78 76 77 
27 78 10 24 76 
28 76 24 14 79 
29 77 76 79 6 
30 24 82 80 81 
31 82 23 40 80 
32 80 40 27 83 
33 81 80 83 14 
34 40 86 84 85 
35 85 84 87 27 
36 66 50 93 92 
37 92 93 60 94 
38 69 92 94 53 
39 95 97 69 98 
40 96 95 98 67 
41 12 106 104 105 
42 106 7 107 104 
43 104 107 13 25 
44 105 104 25 10 
45 25 110 108 109 
46 110 13 111 108 
47 108 111 26 41 
48 109 108 41 23 
49 41 114 112 113 
50 114 26 115 112 
51 112 115 42 57 
52 113 112 57 39 
53 57 118 116 117 
54 118 42 119 116 
55 116 119 58 73 
56 117 116 73 55 
57 55 122 120 121 
58 122 73 123 120 
59 58 125 124 74 
60 125 63 126 124 
61 124 126 66 127 
62 74 124 127 5 
63 129 74 130 128 
64 128 130 5 131 
65 73 138 137 123 
66 138 58 139 137 
67 137 139 74 129 
68 120 142 140 141 
69 142 123 143 140 
70 140 143 71 134 
71 141 140 134 101 
72 71 145 144 135 
73 145 129 146 144 
74 144 146 128 147 
75 135 144 147 102 
76 134 150 148 149 
77 150 71 151 148 
78 148 151 135 152 
79 6 79 153 154 
80 79 14 36 153 
81 153 36 19 155 
82 154 153 155 20 
83 14 83 156 157 
84 83 27 52 156 
85 156 52 35 158 
86 157 156 158 36 
87 27 87 159 160 
88 159 68 51 161 
89 160 159 161 52 
90 162 96 67 164 
91 163 162 164 68 
92 72 171 169 170 
93 170 169 172 100 
94 101 175 173 174 
95 175 134 149 173 
96 173 149 132 176 
97 174 173 176 133 
98 59 103 177 178 
99 103 75 179 177 
100 177 179 95 180 
101 178 177 180 96 
102 99 136 181 182 
103 136 102 183 181 
104 181 183 75 184 
105 182 181 184 103 
106 132 152 185 186 
107 152 135 187 185 
108 185 187 102 188 
109 186 185 188 136 
110 149 191 189 190 
111 191 148 192 189 
112 189 192 152 193 
113 190 189 193 132 
114 39 196 194 195 
115 196 57 117 194 
116 194 117 55 90 
117 195 194 90 56 
118 90 199 197 198 
119 199 55 121 197 
120 121 202 200 201 
121 202 120 141 200 
122 200 141 101 171 
123 201 200 171 72 
124 171 205 203 204 
125 205 101 174 203 
126 203 174 133 206 
127 204 203 206 169 
128 209 72 170 207 
129 207 170 100 210 
130 84 213 211 212 
131 213 56 89 211 
132 211 89 43 214 
133 212 211 214 87 
134 89 217 215 216 
135 216 215 218 43 
136 197 225 223 224 
137 225 121 201 223 
138 223 201 72 209 
139 224 223 209 167 
140 167 228 226 227 
141 228 209 229 226 
142 226 229 207 230 
143 227 226 230 208 
144 56 233 231 232 
145 233 90 198 231 
146 232 231 217 89 
147 198 236 234 235 
148 236 197 224 234 
149 234 224 167 221 
150 235 234 221 88 
151 221 239 237 238 
152 239 167 227 237 
153 91 168 241 242 
154 168 59 178 241 
155 241 178 96 243 
156 242 241 243 162 
157 166 222 244 245 
158 222 165 246 244 
159 244 246 168 247 
160 245 244 247 91 
161 248 250 165 251 
162 249 248 251 222 
163 237 254 252 253 
164 254 227 255 252 
165 252 255 208 256 
166 253 252 256 240 
167 217 259 257 258 
168 259 88 220 257 
169 257 220 166 260 
170 258 257 260 215 
171 88 263 261 262 
172 263 221 238 261 
173 262 261 264 220 
174 238 267 265 266 
175 267 237 253 265 
176 220 264 269 270 
177 269 249 222 271 
178 270 269 271 166 
179 261 274 272 273 
180 274 238 266 272 
181 272 266 219 275 
182 273 272 275 264 
183 276 278 248 279 
184 277 276 279 249 
185 266 282 280 281 
186 282 265 283 280 
187 281 280 284 219 
188 265 286 285 283 
189 286 253 287 285 
190 285 287 240 288 
191 283 285 288 268 
192 264 275 289 290 
193 275 219 277 289 
194 289 277 249 291 
195 290 289 291 269 
196 219 284 292 293 
197 284 268 294 292 
198 292 294 276 295 
199 293 292 295 277 
200 280 298 296 297 
201 298 283 299 296 
202 296 299 268 300 
203 297 296 300 284 
204 1 303 301 302 
205 303 12 105 301 
206 301 105 10 78 
207 302 301 78 11 
208 7 305 304 107 
209 305 16 306 304 
210 304 306 15 32 
211 107 304 32 13 
212 10 309 307 308 
213 309 25 109 307 
214 307 109 23 82 
215 308 307 82 24 
216 13 311 310 111 
217 311 32 312 310 
218 310 312 31 48 
219 111 310 48 26 
220 23 315 313 314 
221 315 41 113 313 
222 313 113 39 86 
223 314 313 86 40 
224 26 317 316 115 
225 317 48 318 316 
226 316 318 47 64 
227 115 316 64 42 
228 42 320 319 119 
229 320 64 321 319 
230 319 321 63 125 
231 119 319 125 58 
232 86 324 322 323 
233 324 39 195 322 
234 322 195 56 213 
235 323 322 213 84 
236 5 127 325 97 
237 127 66 326 325 
238 325 326 92 327 
239 97 325 327 69 
240 75 131 328 179 
241 131 5 329 328 
242 328 329 97 330 
243 179 328 330 95 
244 100 172 331 332 
245 172 99 182 331 
246 331 182 103 333 
247 332 331 333 59 
248 102 147 334 183 
249 147 128 335 334 
250 334 335 131 336 
251 183 334 336 75 
252 133 176 337 338 
253 176 132 186 337 
254 337 186 136 339 
255 338 337 339 99 
256 123 341 340 143 
257 341 137 342 340 
258 340 342 129 145 
259 143 340 145 71 
260 87 214 343 344 
261 214 43 163 343 
262 343 163 68 345 
263 344 343 345 159 
264 43 218 346 347 
265 218 91 242 346 
266 346 242 162 348 
267 347 346 348 163 
268 165 210 349 246 
269 210 100 332 349 
270 349 332 59 350 
271 246 349 350 168 
272 169 206 351 352 
273 206 133 338 351 
274 351 338 99 353 
275 352 351 353 172 
276 208 230 354 250 
277 230 207 355 354 
278 354 355 210 356 
279 250 354 356 165 
280 215 260 357 358 
281 260 166 245 357 
282 357 245 91 359 
283 358 357 359 218 
284 231 362 360 361 
285 362 198 235 360 
286 360 235 88 259 
287 361 360 259 217 
288 240 256 363 278 
289 256 208 364 363 
290 363 364 250 365 
291 278 363 365 248 
292 268 288 366 294 
293 288 240 367 366 
294 366 367 278 368 
295 294 366 368 276 
