2 0.000000 100.000000 240.580931
467 370 
1 -320.000000 0.000000 -351.149578 99.998765 -0.000000 0.000253 0.000025 
2 403.522878 0.000000 -351.149578 99.998653 0.000000 -0.008721 0.000027 
3 403.522878 0.000000 351.154051 100.001176 0.000000 -0.008916 -0.000024 
4 -320.000000 0.000000 351.154051 100.001069 0.000000 0.000475 -0.000021 
5 41.761439 0.000000 0.002236 98.204172 0.000000 19.311737 -0.001700 
6 -320.000000 0.000000 0.002236 99.999616 0.000000 0.001199 0.000008 
7 41.761439 0.000000 -351.149578 99.995165 0.000000 -0.003964 0.000097 
8 403.522878 0.000000 0.002236 99.999727 0.000000 -1.911411 -0.000360 
9 41.761439 0.000000 351.154051 100.005650 0.000000 -0.003964 -0.000113 
10 222.642159 0.000000 -175.573671 99.993979 0.000000 -0.035450 0.000120 
11 41.761439 0.000000 -175.573671 99.977499 0.000000 -0.018017 0.000450 
12 222.642159 0.000000 -351.149578 99.996776 0.000000 -0.007786 0.000064 
13 403.522878 0.000000 -175.573671 99.998687 0.000000 -0.035757 0.000026 
14 222.642159 0.000000 0.002236 99.997040 0.000000 -1.921614 -0.000310 
15 -139.119280 0.000000 -175.573671 99.994928 0.000000 0.000603 0.000101 
16 -320.000000 0.000000 -175.573671 99.998818 0.000000 0.000750 0.000024 
17 -139.119280 0.000000 -351.149578 99.997049 0.000000 -0.000508 0.000059 
18 -139.119280 0.000000 0.002236 99.997048 0.000000 0.004470 0.000059 
19 222.642159 0.000000 175.578144 100.004679 0.000000 -0.037065 -0.000094 
20 41.761439 0.000000 175.578144 100.028936 0.000000 -0.018210 -0.000579 
21 403.522878 0.000000 175.578144 100.000803 0.000000 -0.035857 -0.000016 
22 222.642159 0.000000 351.154051 100.003275 0.000000 -0.008302 -0.000066 
23 132.201799 0.000000 -87.785717 99.971257 0.000000 -0.141183 0.000573 
24 41.761439 0.000000 -87.785717 99.936858 0.000000 -0.057008 0.001262 
25 132.201799 0.000000 -175.573671 99.986590 0.000000 -0.033499 0.000268 
26 222.642159 0.000000 -87.785717 99.991869 0.000000 -0.151216 0.000160 
27 132.201799 0.000000 0.002236 99.975914 0.000000 -1.935623 0.000107 
28 -139.119280 0.000000 175.578144 100.003798 0.000000 0.002333 -0.000076 
29 -320.000000 0.000000 175.578144 100.000681 0.000000 0.001002 -0.000014 
30 -139.119280 0.000000 351.154051 100.003012 0.000000 0.000024 -0.000060 
31 -48.678921 0.000000 -87.785717 99.975954 -0.000000 -0.001338 0.000481 
32 -139.119280 0.000000 -87.785717 99.994541 0.000000 0.002424 0.000109 
33 -48.678921 0.000000 -175.573671 99.988734 0.000000 -0.002748 0.000225 
34 -48.678921 0.000000 0.002236 99.977712 0.000000 0.015792 0.000446 
35 132.201799 0.000000 87.790190 100.018084 0.000000 -0.154555 -0.000364 
36 41.761439 0.000000 87.790190 100.108936 0.000000 -0.060342 -0.002180 
37 222.642159 0.000000 87.790190 100.004119 0.000000 -0.152834 -0.000085 
38 132.201799 0.000000 175.578144 100.013776 0.000000 -0.037640 -0.000276 
39 86.981619 0.000000 -43.891740 99.865564 0.000000 -0.433495 0.002668 
40 41.761439 0.000000 -43.891740 99.834101 0.000000 -0.135217 0.003313 
41 86.981619 0.000000 -87.785717 99.941954 0.000000 -0.115918 0.001159 
42 132.201799 0.000000 -43.891740 99.963936 0.000000 -0.473238 0.000699 
43 86.981619 0.000000 0.002236 99.856173 0.000000 -2.026288 0.002464 
44 -48.678921 0.000000 87.790190 100.014372 0.000000 0.011974 -0.000287 
45 -139.119280 0.000000 87.790190 100.001611 0.000000 0.004389 -0.000032 
46 -48.678921 0.000000 175.578144 100.011839 0.000000 0.001307 -0.000237 
47 -3.458741 0.000000 -43.891740 99.910643 0.000000 -0.023999 0.001786 
48 -48.678921 0.000000 -43.891740 99.971374 0.000000 0.004930 0.000572 
49 -3.458741 0.000000 -87.785717 99.958095 0.000000 -0.019009 0.000838 
50 -3.458741 0.000000 0.002236 99.855120 0.000000 0.058790 0.002895 
51 86.981619 0.000000 43.896213 100.069365 -0.000000 -0.523582 -0.001415 
52 41.761439 0.000000 43.896213 100.452709 0.000000 -0.185156 -0.009078 
53 132.201799 0.000000 43.896213 100.005237 0.000000 -0.484067 -0.000128 
54 86.981619 0.000000 87.790190 100.060930 0.000000 -0.147121 -0.001221 
55 64.371529 0.000000 -21.944752 99.429060 0.000000 -0.849895 0.011314 
56 41.761439 0.000000 -21.944752 99.808675 0.000000 -0.009416 0.003823 
57 64.371529 0.000000 -43.891740 99.765248 0.000000 -0.315546 0.004680 
58 86.981619 0.000000 -21.944752 99.810981 0.000000 -1.023077 0.003672 
59 64.371529 0.000000 0.002236 99.386416 0.000000 -2.414510 0.011651 
60 -3.458741 0.000000 43.896213 100.033393 0.000000 0.067309 -0.000668 
61 -48.678921 0.000000 43.896213 99.999564 0.000000 0.019987 0.000009 
62 -3.458741 0.000000 87.790190 100.047277 0.000000 0.010354 -0.000946 
63 19.151349 0.000000 -21.944752 99.714777 0.000000 -0.191498 0.005693 
64 -3.458741 0.000000 -21.944752 99.864444 0.000000 -0.008718 0.002709 
65 19.151349 0.000000 -43.891740 99.880731 0.000000 -0.086204 0.002383 
66 19.151349 0.000000 0.002236 99.046446 0.000000 0.214513 0.018976 
67 64.371529 0.000000 21.949225 100.277242 0.000000 -1.317315 -0.005726 
68 41.761439 0.000000 21.949225 101.522587 0.000000 -0.476949 -0.030706 
69 86.981619 0.000000 21.949225 100.002718 0.000000 -1.100382 -0.000175 
70 64.371529 0.000000 43.896213 100.262314 0.000000 -0.506893 -0.005279 
71 53.066484 0.000000 -10.971258 57.936653 0.000000 123.195567 -0.853380 
72 41.761439 0.000000 -10.971258 106.936474 0.000000 3.309402 -0.144636 
73 53.066484 0.000000 -21.944752 99.257018 0.000000 -0.390401 0.014789 
74 64.371529 0.000000 -10.971258 99.205635 0.000000 -1.584076 0.015573 
75 53.066484 0.000000 0.002236 77.663991 0.000000 73.146957 -0.138217 
76 19.151349 0.000000 21.949225 100.103889 0.000000 0.372427 -0.002093 
77 -3.458741 0.000000 21.949225 99.954071 -0.000000 0.096710 0.000917 
78 19.151349 0.000000 43.896213 100.188895 0.000000 0.087010 -0.003782 
79 30.456394 0.000000 -10.971258 88.871247 0.000000 -1.148387 0.210058 
80 19.151349 0.000000 -10.971258 99.377250 0.000000 -0.220461 0.012411 
81 30.456394 0.000000 -21.944752 99.921775 0.000000 -0.304501 0.001555 
82 30.456394 0.000000 0.002236 89.350328 0.000000 1.004205 0.201551 
83 53.066484 0.000000 10.975731 67.520023 0.000000 99.684135 -0.449588 
84 41.761439 0.000000 10.975731 107.278883 0.000000 2.262393 -0.151388 
85 64.371529 0.000000 10.975731 99.971738 0.000000 -2.043347 0.000148 
86 53.066484 0.000000 21.949225 100.913490 0.000000 -1.302583 -0.018523 
87 47.413962 0.000000 -5.484511 86.433156 0.000000 52.598430 -0.023729 
88 41.761439 0.000000 -5.484511 90.473118 0.000000 31.457899 0.082502 
89 47.413962 0.000000 -10.971258 80.910252 0.000000 65.160275 -0.079233 
90 53.066484 0.000000 -5.484511 77.122721 0.000000 74.297898 -0.146809 
91 47.413962 0.000000 0.002236 100.274852 0.000000 10.665464 -0.016880 
92 313.082518 0.000000 -87.785717 99.997790 0.000000 -0.143962 0.000042 
93 313.082518 0.000000 -175.573671 99.997352 0.000000 -0.035932 0.000053 
94 403.522878 0.000000 -87.785717 99.999030 0.000000 -0.143283 0.000017 
95 313.082518 0.000000 0.002236 99.999196 0.000000 -1.912411 -0.000350 
96 177.421979 0.000000 -43.891740 99.987669 0.000000 -0.470116 0.000224 
97 177.421979 0.000000 -87.785717 99.985392 0.000000 -0.148395 0.000290 
98 222.642159 0.000000 -43.891740 99.993588 0.000000 -0.473533 0.000106 
99 177.421979 0.000000 0.002236 99.992692 0.000000 -1.920488 -0.000223 
100 109.591709 0.000000 -21.944752 99.926881 0.000000 -1.027890 0.001356 
101 109.591709 0.000000 -43.891740 99.930976 0.000000 -0.469445 0.001358 
102 132.201799 0.000000 -21.944752 99.966385 0.000000 -1.021407 0.000568 
103 109.591709 0.000000 0.002236 99.942258 0.000000 -1.959590 0.000771 
104 75.676574 0.000000 -10.971258 99.647929 0.000000 -1.603427 0.006772 
105 75.676574 0.000000 -21.944752 99.674185 0.000000 -0.990286 0.006408 
106 86.981619 0.000000 -10.971258 99.816042 0.000000 -1.581249 0.003426 
107 75.676574 0.000000 0.002236 99.733287 0.000000 -2.126268 0.004875 
108 58.719007 0.000000 -5.484511 62.456407 0.000000 112.591800 -0.657772 
109 58.719007 0.000000 -10.971258 98.728657 0.000000 -1.434883 0.025059 
110 64.371529 0.000000 -5.484511 99.213552 0.000000 -2.081020 0.015234 
111 58.719007 0.000000 0.002236 68.135630 0.000000 97.165409 -0.408358 
112 30.456394 0.000000 10.975731 88.967469 0.000000 2.204324 0.207993 
113 19.151349 0.000000 10.975731 99.667992 0.000000 0.553256 0.006599 
114 30.456394 0.000000 21.949225 100.814834 0.000000 0.422705 -0.016381 
115 47.413962 0.000000 5.488983 86.772110 0.000000 51.694360 -0.020171 
116 41.761439 0.000000 5.488983 90.682917 0.000000 31.258084 0.079954 
117 53.066484 0.000000 5.488983 78.782577 0.000000 70.235877 -0.113977 
118 47.413962 0.000000 10.975731 81.816194 0.000000 62.323509 -0.057811 
119 50.240223 0.000000 -2.741137 82.575022 0.000000 61.745223 -0.063111 
120 47.413962 0.000000 -2.741137 86.688795 0.000000 51.742229 -0.019221 
121 50.240223 0.000000 -5.484511 82.426271 0.000000 61.932108 -0.062968 
122 53.066484 0.000000 -2.741137 77.863306 0.000000 72.621969 -0.133664 
123 50.240223 0.000000 0.002236 82.335993 0.000000 62.297645 -0.066021 
124 36.108917 0.000000 -5.484511 98.803443 0.000000 1.091592 0.023669 
125 30.456394 0.000000 -5.484511 94.721961 0.000000 0.272377 0.102768 
126 36.108917 0.000000 -10.971258 96.380822 0.000000 1.410352 0.070875 
127 36.108917 0.000000 0.002236 103.361201 0.000000 0.786701 -0.068416 
128 44.587700 0.000000 -2.741137 91.743338 0.000000 38.675194 0.008739 
129 41.761439 0.000000 -2.741137 90.992458 0.000000 30.735608 0.077569 
130 44.587700 0.000000 -5.484511 91.164546 0.000000 40.915158 0.001498 
131 44.587700 0.000000 0.002236 96.098845 0.000000 22.071254 0.027787 
132 313.082518 0.000000 87.790190 100.000697 0.000000 -0.144024 -0.000016 
133 403.522878 0.000000 87.790190 100.000276 0.000000 -0.143039 -0.000008 
134 313.082518 0.000000 175.578144 100.001760 0.000000 -0.036408 -0.000035 
135 177.421979 0.000000 43.896213 100.000236 0.000000 -0.469417 -0.000027 
136 222.642159 0.000000 43.896213 100.000928 0.000000 -0.470224 -0.000041 
137 177.421979 0.000000 87.790190 100.007744 0.000000 -0.152967 -0.000157 
138 109.591709 0.000000 21.949225 99.987007 0.000000 -1.025965 0.000155 
139 132.201799 0.000000 21.949225 99.991212 0.000000 -0.998099 0.000076 
140 109.591709 0.000000 43.896213 100.019054 0.000000 -0.501519 -0.000406 
141 75.676574 0.000000 10.975731 99.912528 -0.000000 -1.721572 0.001452 
142 86.981619 0.000000 10.975731 99.931395 0.000000 -1.596169 0.001117 
143 75.676574 0.000000 21.949225 100.061903 -0.000000 -1.184348 -0.001379 
144 58.719007 0.000000 5.488983 62.638784 0.000000 112.111217 -0.649254 
145 64.371529 0.000000 5.488983 99.681509 0.000000 -2.361800 0.005802 
146 58.719007 0.000000 10.975731 100.191611 0.000000 -2.380572 -0.004403 
147 50.240223 0.000000 2.745610 82.792664 0.000000 61.166931 -0.059602 
148 47.413962 0.000000 2.745610 86.922082 0.000000 51.502216 -0.020793 
149 53.066484 0.000000 2.745610 78.065941 0.000000 72.099475 -0.129263 
150 50.240223 0.000000 5.488983 82.802819 0.000000 60.973548 -0.057408 
151 48.827092 0.000000 -1.369450 84.723124 0.000000 56.633309 -0.038534 
152 47.413962 0.000000 -1.369450 87.118530 0.000000 50.921466 -0.018263 
153 48.827092 0.000000 -2.741137 84.254150 0.000000 57.580691 -0.041430 
154 50.240223 0.000000 -1.369450 82.370677 0.000000 62.227272 -0.065716 
155 48.827092 0.000000 0.002236 91.973114 0.000000 -3.701842 0.152724 
156 55.892745 0.000000 -2.741137 75.192363 0.000000 78.880551 -0.187603 
157 55.892745 0.000000 -5.484511 72.444574 0.000000 85.611016 -0.257746 
158 58.719007 0.000000 -2.741137 68.168021 0.000000 97.060293 -0.406758 
159 55.892745 0.000000 0.002236 75.075309 0.000000 79.211370 -0.191074 
160 51.653353 0.000000 -1.369450 80.061460 0.000000 67.630073 -0.098366 
161 51.653353 0.000000 -2.741137 80.266667 0.000000 67.118387 -0.094762 
162 53.066484 0.000000 -1.369450 77.690827 0.000000 73.074597 -0.137576 
163 51.653353 0.000000 0.002236 80.024358 0.000000 67.717965 -0.098962 
164 36.108917 0.000000 5.488983 99.367971 0.000000 1.166457 0.012465 
165 30.456394 0.000000 5.488983 94.770178 0.000000 1.343118 0.101681 
166 36.108917 0.000000 10.975731 96.938186 0.000000 0.502342 0.060274 
167 44.587700 0.000000 2.745610 91.909182 0.000000 38.304087 0.008550 
168 41.761439 0.000000 2.745610 93.392467 0.000000 26.520576 0.057451 
169 44.587700 0.000000 5.488983 91.438308 0.000000 41.291950 -0.006599 
170 48.827092 0.000000 1.373923 84.844642 0.000000 56.310212 -0.036945 
171 47.413962 0.000000 1.373923 93.811710 0.000000 34.788980 -0.001091 
172 50.240223 0.000000 1.373923 82.489203 0.000000 61.912619 -0.063764 
173 48.827092 0.000000 2.745610 84.496182 0.000000 57.138776 -0.040444 
174 49.533658 0.000000 -0.683607 82.841073 0.000000 60.996482 -0.058321 
175 48.827092 0.000000 -0.683607 84.694648 0.000000 56.687469 -0.038665 
176 49.533658 0.000000 -1.369450 82.871545 0.000000 60.932783 -0.058050 
177 50.240223 0.000000 -0.683607 82.329656 0.000000 62.319959 -0.066195 
178 49.533658 0.000000 0.002236 82.852708 0.000000 60.959816 -0.058067 
179 46.000831 0.000000 -1.369450 90.510632 0.000000 39.559607 0.024286 
180 44.587700 0.000000 -1.369450 91.893986 0.000000 33.404904 0.043961 
181 46.000831 0.000000 -2.741137 89.486213 0.000000 45.356545 -0.006500 
182 46.000831 0.000000 0.002236 96.031607 0.000000 19.628611 0.039265 
183 48.120527 0.000000 -0.683607 85.359762 0.000000 55.016283 -0.031308 
184 47.413962 0.000000 -0.683607 89.530043 0.000000 39.105058 0.045517 
185 48.120527 0.000000 -1.369450 85.373943 0.000000 54.999805 -0.031369 
186 48.120527 0.000000 0.002236 101.771867 0.000000 2.961805 -0.036629 
187 55.892745 0.000000 2.745610 75.349321 0.000000 78.483522 -0.183718 
188 58.719007 0.000000 2.745610 68.283176 0.000000 96.764965 -0.402605 
189 55.892745 0.000000 5.488983 72.731368 0.000000 84.888462 -0.249590 
190 51.653353 0.000000 1.373923 80.174707 0.000000 67.332449 -0.096164 
191 53.066484 0.000000 1.373923 77.798145 0.000000 72.797833 -0.135208 
192 51.653353 0.000000 2.745610 80.477749 0.000000 66.563397 -0.090735 
193 49.533658 0.000000 0.688080 82.906599 0.000000 60.822723 -0.057291 
194 48.827092 0.000000 0.688080 84.757030 0.000000 56.521642 -0.037845 
195 50.240223 0.000000 0.688080 82.390273 0.000000 62.159073 -0.065191 
196 49.533658 0.000000 1.373923 82.999456 0.000000 60.593493 -0.056048 
197 49.180375 0.000000 -0.340685 81.720821 0.000000 24.292812 0.273157 
198 48.827092 0.000000 -0.340685 90.140685 0.000000 29.322998 0.101482 
199 49.180375 0.000000 -0.683607 84.387206 0.000000 57.467201 -0.042368 
200 49.533658 0.000000 -0.340685 82.841535 0.000000 60.990900 -0.058261 
201 49.180375 0.000000 0.002236 18.441462 0.000000 217.720590 -3.774234 
202 50.946788 0.000000 -0.683607 81.142502 0.000000 65.095920 -0.082158 
203 50.946788 0.000000 -1.369450 81.188261 0.000000 64.987911 -0.081496 
204 51.653353 0.000000 -0.683607 80.019417 0.000000 67.733367 -0.099092 
205 50.946788 0.000000 0.002236 81.913878 0.000000 63.402455 -0.072975 
206 49.886940 0.000000 -0.340685 82.572871 0.000000 61.684618 -0.062327 
207 49.886940 0.000000 -0.683607 82.574172 0.000000 61.685417 -0.062358 
208 50.240223 0.000000 -0.340685 82.326775 0.000000 62.323486 -0.066191 
209 49.886940 0.000000 0.002236 82.583043 0.000000 61.656213 -0.062145 
210 46.000831 0.000000 1.373923 95.793750 0.000000 28.801510 -0.000597 
211 44.587700 0.000000 1.373923 96.608254 0.000000 22.517975 0.015979 
212 46.000831 0.000000 2.745610 89.684373 0.000000 44.844797 -0.005434 
213 48.120527 0.000000 0.688080 99.145272 0.000000 17.850192 -0.014841 
214 47.413962 0.000000 0.688080 101.704698 0.000000 12.950328 -0.051156 
215 48.120527 0.000000 1.373923 85.501617 0.000000 54.660521 -0.029830 
216 49.180375 0.000000 0.345158 88.306644 0.000000 17.718252 0.188800 
217 48.827092 0.000000 0.345158 97.297144 0.000000 2.227996 0.052830 
218 49.533658 0.000000 0.345158 82.874500 0.000000 60.903490 -0.057742 
219 49.180375 0.000000 0.688080 84.447677 0.000000 57.306378 -0.041543 
220 49.357016 0.000000 -0.169224 82.988393 0.000000 60.611756 -0.056086 
221 49.180375 0.000000 -0.169224 84.273655 0.000000 5.896600 0.286318 
222 49.357016 0.000000 -0.340685 82.983834 0.000000 60.624948 -0.056170 
223 49.533658 0.000000 -0.169224 82.845783 0.000000 60.978542 -0.058181 
224 49.357016 0.000000 0.002236 84.443505 0.000000 10.115864 0.276696 
225 48.473810 0.000000 -0.340685 97.030823 0.000000 12.091062 0.043883 
226 48.120527 0.000000 -0.340685 97.065286 0.000000 20.250971 0.016823 
227 48.473810 0.000000 -0.683607 85.019696 0.000000 55.868108 -0.034959 
228 48.473810 0.000000 0.002236 101.317044 0.000000 -2.392963 -0.027087 
229 49.003734 0.000000 -0.169224 85.698181 0.000000 0.629715 0.265543 
230 48.827092 0.000000 -0.169224 91.419623 0.000000 -0.312665 0.164235 
231 49.003734 0.000000 -0.340685 81.648413 0.000000 22.253187 0.283833 
232 49.003734 0.000000 0.002236 82.689881 0.000000 -10.225494 0.305782 
233 50.946788 0.000000 0.688080 81.967320 0.000000 63.265559 -0.072117 
234 51.653353 0.000000 0.688080 80.077096 0.000000 67.581797 -0.097964 
235 50.946788 0.000000 1.373923 81.326357 0.000000 64.657524 -0.079457 
236 49.886940 0.000000 0.345158 82.604617 0.000000 61.600406 -0.061813 
237 50.240223 0.000000 0.345158 82.357258 0.000000 62.242585 -0.065686 
238 49.886940 0.000000 0.688080 82.637287 0.000000 61.517982 -0.061338 
239 49.357016 0.000000 0.173697 87.399055 0.000000 21.382555 0.190419 
240 49.180375 0.000000 0.173697 85.868317 0.000000 1.983481 0.262270 
241 49.533658 0.000000 0.173697 82.862291 0.000000 60.934770 -0.057921 
242 49.357016 0.000000 0.345158 83.017387 0.000000 60.535996 -0.055649 
243 49.268696 0.000000 -0.083494 84.603614 0.000000 6.917000 0.279438 
244 49.180375 0.000000 -0.083494 84.293225 0.000000 2.519494 0.288830 
245 49.268696 0.000000 -0.169224 84.296657 0.000000 9.252412 0.280847 
246 49.357016 0.000000 -0.083494 80.879264 0.000000 24.045535 0.288036 
247 49.268696 0.000000 0.002236 84.860208 0.000000 5.526724 0.276820 
248 48.473810 0.000000 0.345158 103.416137 0.000000 0.022165 -0.069490 
249 48.120527 0.000000 0.345158 105.534726 0.000000 1.768103 -0.114070 
250 48.473810 0.000000 0.688080 101.160267 0.000000 15.993917 -0.048921 
251 49.003734 0.000000 0.173697 90.737466 0.000000 -7.346301 0.171274 
252 48.827092 0.000000 0.173697 93.722877 0.000000 -3.673807 0.120253 
253 49.003734 0.000000 0.345158 91.853860 0.000000 0.452973 0.156266 
254 49.092054 0.000000 -0.083494 83.461119 0.000000 -2.007395 0.303021 
255 49.003734 0.000000 -0.083494 86.292779 0.000000 -5.830685 0.251956 
256 49.092054 0.000000 -0.169224 83.941828 0.000000 3.131106 0.294397 
257 49.092054 0.000000 0.002236 84.904566 0.000000 -5.724522 0.275844 
258 49.268696 0.000000 0.087967 85.188603 0.000000 5.417251 0.271356 
259 49.180375 0.000000 0.087967 85.514758 0.000000 0.066957 0.268722 
260 49.357016 0.000000 0.087967 84.616886 0.000000 10.062631 0.273873 
261 49.268696 0.000000 0.173697 85.399539 0.000000 6.662994 0.266252 
262 49.224535 0.000000 -0.040629 84.623232 0.000000 3.726889 0.282502 
263 49.180375 0.000000 -0.040629 19.145432 0.000000 282.852838 -7.037228 
264 49.224535 0.000000 -0.083494 84.490195 0.000000 4.762186 0.283873 
265 49.268696 0.000000 -0.040629 84.713393 0.000000 6.079432 0.278668 
266 49.224535 0.000000 0.002236 19.181788 0.000000 215.991745 -3.702038 
267 38.935178 0.000000 -2.741137 94.373298 0.000000 23.085107 0.056076 
268 36.108917 0.000000 -2.741137 101.117658 0.000000 0.666505 -0.022522 
269 38.935178 0.000000 -5.484511 91.330786 0.000000 27.304342 0.091316 
270 38.935178 0.000000 0.002236 99.368954 0.000000 16.172455 -0.013574 
271 38.935178 0.000000 2.745610 94.650945 0.000000 22.412297 0.053889 
272 36.108917 0.000000 2.745610 101.249621 0.000000 1.543923 -0.025387 
273 38.935178 0.000000 5.488983 91.486715 0.000000 27.391533 0.087988 
274 40.348308 0.000000 -1.369450 98.269637 0.000000 20.750622 -0.008751 
275 38.935178 0.000000 -1.369450 98.515720 0.000000 18.310121 -0.004061 
276 40.348308 0.000000 -2.741137 93.597472 0.000000 26.144584 0.055597 
277 41.761439 0.000000 -1.369450 95.210602 0.000000 25.867265 0.026583 
278 40.348308 0.000000 0.002236 97.510931 0.000000 19.937212 0.009413 
279 -229.559640 0.000000 -87.785717 99.998053 0.000000 0.001589 0.000039 
280 -320.000000 0.000000 -87.785717 99.999116 0.000000 0.001024 0.000018 
281 -229.559640 0.000000 -175.573671 99.997681 0.000000 0.000915 0.000046 
282 -229.559640 0.000000 0.002236 99.999100 0.000000 0.002102 0.000018 
283 -93.899101 0.000000 -43.891740 99.988993 0.000000 0.006138 0.000220 
284 -139.119280 0.000000 -43.891740 99.995321 0.000000 0.003628 0.000094 
285 -93.899101 0.000000 -87.785717 99.989431 0.000000 0.001332 0.000211 
286 -93.899101 0.000000 0.002236 99.992751 0.000000 0.008803 0.000145 
287 -26.068831 0.000000 -21.944752 99.943217 0.000000 0.010049 0.001135 
288 -48.678921 0.000000 -21.944752 99.972008 0.000000 0.010692 0.000560 
289 -26.068831 0.000000 -43.891740 99.950197 0.000000 -0.001773 0.000996 
290 -26.068831 0.000000 0.002236 99.950963 0.000000 0.027182 0.000980 
291 7.846304 0.000000 -10.971258 99.702034 0.000000 -0.003534 0.005950 
292 -3.458741 0.000000 -10.971258 99.846206 0.000000 0.020138 0.003073 
293 7.846304 0.000000 -21.944752 99.782075 0.000000 -0.055792 0.004353 
294 7.846304 0.000000 0.002236 99.691409 0.000000 0.111138 0.006161 
295 24.803872 0.000000 -5.484511 87.738913 0.000000 0.068787 0.230188 
296 19.151349 0.000000 -5.484511 99.127955 0.000000 -0.085781 0.017364 
297 24.803872 0.000000 -10.971258 99.293468 0.000000 -0.629930 0.014041 
298 24.803872 0.000000 0.002236 90.205214 0.000000 0.537338 0.186273 
299 33.282655 0.000000 -2.741137 96.940947 0.000000 0.921634 0.060160 
300 30.456394 0.000000 -2.741137 94.239097 0.000000 0.423926 0.111881 
301 33.282655 0.000000 -5.484511 96.766444 0.000000 1.234463 0.063473 
302 33.282655 0.000000 0.002236 103.939383 0.000000 0.768863 -0.080399 
303 -229.559640 0.000000 87.790190 100.000467 0.000000 0.002067 -0.000009 
304 -320.000000 0.000000 87.790190 100.000197 0.000000 0.001188 -0.000004 
305 -229.559640 0.000000 175.578144 100.001456 0.000000 0.001538 -0.000029 
306 -93.899101 0.000000 43.896213 99.999438 0.000000 0.009868 0.000011 
307 -139.119280 0.000000 43.896213 99.999401 0.000000 0.004897 0.000012 
308 -93.899101 0.000000 87.790190 100.003754 -0.000000 0.006491 -0.000075 
309 -26.068831 0.000000 21.949225 99.976430 0.000000 0.037427 0.000471 
310 -48.678921 0.000000 21.949225 99.988133 -0.000000 0.020423 0.000237 
311 -26.068831 0.000000 43.896213 100.003236 0.000000 0.033833 -0.000065 
312 7.846304 0.000000 10.975731 99.812488 0.000000 0.191764 0.003743 
313 -3.458741 0.000000 10.975731 99.897296 0.000000 0.089375 0.002052 
314 7.846304 0.000000 21.949225 99.958153 0.000000 0.185400 0.000833 
315 24.803872 0.000000 5.488983 87.760060 0.000000 0.968620 0.229723 
316 19.151349 0.000000 5.488983 99.296155 0.000000 0.486092 0.014004 
317 24.803872 0.000000 10.975731 99.824465 -0.000000 1.070067 0.003393 
318 33.282655 0.000000 2.745610 96.993287 0.000000 1.565634 0.058985 
319 30.456394 0.000000 2.745610 94.862051 0.000000 0.878493 0.100042 
320 33.282655 0.000000 5.488983 97.230976 0.000000 1.153524 0.054481 
321 34.695786 0.000000 -1.369450 104.823283 0.000000 -2.042940 -0.099209 
322 33.282655 0.000000 -1.369450 103.625354 0.000000 -4.046116 -0.075459 
323 34.695786 0.000000 -2.741137 100.269161 0.000000 -0.106514 -0.005392 
324 36.108917 0.000000 -1.369450 105.103148 0.000000 -0.492713 -0.104691 
325 34.695786 0.000000 0.002236 102.773721 0.000000 0.961764 -0.056336 
326 27.630133 0.000000 -2.741137 92.342283 0.000000 0.303989 0.147281 
327 24.803872 0.000000 -2.741137 89.006731 0.000000 0.041772 0.207780 
328 27.630133 0.000000 -5.484511 91.830703 0.000000 0.090975 0.156711 
329 27.630133 0.000000 0.002236 92.150875 0.000000 0.614402 0.150784 
330 31.869525 0.000000 -1.369450 102.669442 0.000000 -7.190026 -0.059271 
331 30.456394 0.000000 -1.369450 94.432787 0.000000 1.099113 0.108124 
332 31.869525 0.000000 -2.741137 95.681434 0.000000 0.686052 0.084459 
333 31.869525 0.000000 0.002236 102.188155 0.000000 0.622605 -0.044281 
334 27.630133 0.000000 2.745610 92.362974 0.000000 0.924398 0.146823 
335 24.803872 0.000000 2.745610 89.046522 0.000000 1.017792 0.206968 
336 27.630133 0.000000 5.488983 91.909561 0.000000 1.062385 0.155150 
337 29.043264 0.000000 -1.369450 93.728173 0.000000 0.610658 0.121466 
338 27.630133 0.000000 -1.369450 92.199056 0.000000 0.447609 0.149913 
339 29.043264 0.000000 -2.741137 93.897658 0.000000 0.464986 0.118301 
340 29.043264 0.000000 0.002236 93.671040 0.000000 0.788704 0.122511 
341 31.869525 0.000000 1.373923 102.980587 0.000000 8.303655 -0.067395 
342 30.456394 0.000000 1.373923 94.669259 0.000000 0.723298 0.103721 
343 33.282655 0.000000 1.373923 103.779317 0.000000 5.498568 -0.080038 
344 31.869525 0.000000 2.745610 95.723003 0.000000 1.401213 0.083514 
345 31.162959 0.000000 -0.683607 102.949747 0.000000 -17.751279 -0.091376 
346 30.456394 0.000000 -0.683607 92.779347 0.000000 -28.626151 0.057254 
347 31.162959 0.000000 -1.369450 101.194376 0.000000 -11.015812 -0.036165 
348 31.869525 0.000000 -0.683607 105.239075 0.000000 -11.052150 -0.119741 
349 31.162959 0.000000 0.002236 100.787010 0.000000 0.722317 -0.015854 
350 29.043264 0.000000 1.373923 93.743152 0.000000 0.968987 0.121128 
351 27.630133 0.000000 1.373923 92.210193 0.000000 0.781044 0.149667 
352 29.043264 0.000000 2.745610 93.925442 0.000000 1.121194 0.117675 
353 29.749829 0.000000 -0.683607 93.826475 0.000000 0.690140 0.119612 
354 29.043264 0.000000 -0.683607 93.683684 0.000000 0.697296 0.122288 
355 29.749829 0.000000 -1.369450 93.871663 0.000000 0.597097 0.118775 
356 29.749829 0.000000 0.002236 93.813753 0.000000 0.788666 0.119836 
357 29.749829 0.000000 0.688080 93.834683 0.000000 0.887802 0.119426 
358 29.043264 0.000000 0.688080 93.691325 0.000000 0.880673 0.122116 
359 30.456394 0.000000 0.688080 93.365995 0.000000 30.027688 0.038113 
360 29.749829 0.000000 1.373923 93.887733 0.000000 0.982667 0.118413 
361 30.103111 0.000000 -0.340685 56.095735 0.000000 -33.326437 0.574262 
362 29.749829 0.000000 -0.340685 93.815918 0.000000 0.739012 0.119803 
363 30.103111 0.000000 -0.683607 89.453728 0.000000 -26.038804 0.132001 
364 30.456394 0.000000 -0.340685 90.621744 0.000000 -33.302076 0.067867 
365 30.103111 0.000000 0.002236 35.084557 0.000000 1.294174 0.876740 
366 31.162959 0.000000 0.688080 103.595933 0.000000 18.735346 -0.108313 
367 31.869525 0.000000 0.688080 105.852617 0.000000 11.953070 -0.134765 
368 31.162959 0.000000 1.373923 101.630603 0.000000 12.263113 -0.047916 
369 34.695786 0.000000 1.373923 104.909879 0.000000 3.656321 -0.101945 
370 36.108917 0.000000 1.373923 105.357372 0.000000 2.006103 -0.110420 
371 34.695786 0.000000 2.745610 100.359641 0.000000 2.382548 -0.007773 
372 40.348308 0.000000 1.373923 100.810993 0.000000 12.769392 -0.032591 
373 38.935178 0.000000 1.373923 99.304622 0.000000 15.224664 -0.009320 
374 41.761439 0.000000 1.373923 97.671934 0.000000 17.992981 0.013645 
375 40.348308 0.000000 2.745610 94.362164 0.000000 23.624431 0.053767 
376 46.707396 0.000000 0.688080 100.024535 0.000000 14.150049 -0.020513 
377 46.000831 0.000000 0.688080 104.009082 0.000000 5.549889 -0.084869 
378 46.707396 0.000000 0.002236 98.277365 0.000000 15.174162 0.011130 
379 46.707396 0.000000 1.373923 97.468491 0.000000 25.167305 -0.013350 
380 43.174570 0.000000 1.373923 97.632224 0.000000 17.894200 0.014775 
381 43.174570 0.000000 0.002236 97.316523 0.000000 20.035966 0.012805 
382 43.174570 0.000000 2.745610 92.878227 0.000000 28.014208 0.058884 
383 45.294266 0.000000 0.688080 99.225753 0.000000 17.157584 -0.014013 
384 44.587700 0.000000 0.688080 102.117130 0.000000 9.188080 -0.051233 
385 45.294266 0.000000 0.002236 97.684709 0.000000 19.718367 0.006888 
386 45.294266 0.000000 1.373923 98.371072 0.000000 22.026679 -0.016204 
387 46.707396 0.000000 -0.683607 90.972910 0.000000 33.547731 0.059848 
388 46.000831 0.000000 -0.683607 94.434311 0.000000 27.640318 0.031817 
389 46.707396 0.000000 -1.369450 87.852014 0.000000 49.136797 -0.013240 
390 46.354114 0.000000 0.345158 99.468305 0.000000 14.459516 -0.010302 
391 46.000831 0.000000 0.345158 100.596319 0.000000 12.598731 -0.027835 
392 46.354114 0.000000 0.002236 98.096859 0.000000 16.780295 0.009543 
393 46.707396 0.000000 0.345158 100.247347 0.000000 12.343803 -0.020190 
394 46.354114 0.000000 0.688080 99.954380 0.000000 14.244500 -0.019378 
395 47.767244 0.000000 0.345158 104.653777 0.000000 3.059820 -0.096178 
396 47.413962 0.000000 0.345158 102.047948 0.000000 8.220353 -0.048136 
397 47.767244 0.000000 0.002236 101.265911 0.000000 6.340525 -0.029499 
398 47.767244 0.000000 0.688080 101.281207 0.000000 11.416804 -0.038823 
399 48.297168 0.000000 0.173697 102.764222 0.000000 0.861847 -0.056123 
400 48.120527 0.000000 0.173697 103.564967 0.000000 0.619209 -0.072609 
401 48.297168 0.000000 0.002236 101.711290 0.000000 2.108257 -0.034963 
402 48.473810 0.000000 0.173697 104.810191 0.000000 -5.381358 -0.101414 
403 48.297168 0.000000 0.345158 102.889320 0.000000 2.202307 -0.059106 
404 48.650451 0.000000 0.173697 105.614592 0.000000 -6.836816 -0.120118 
405 48.650451 0.000000 0.002236 97.492163 0.000000 -2.848746 0.048716 
406 48.650451 0.000000 0.345158 103.641497 0.000000 0.470948 -0.074178 
407 48.915413 0.000000 0.087967 90.456846 0.000000 -6.582837 0.177423 
408 48.827092 0.000000 0.087967 92.865003 0.000000 -4.202651 0.135843 
409 48.915413 0.000000 0.002236 88.830585 0.000000 -5.962002 0.207358 
410 49.003734 0.000000 0.087967 90.598001 0.000000 -13.638952 0.160598 
411 48.915413 0.000000 0.173697 91.663624 0.000000 -5.056646 0.157221 
412 49.092054 0.000000 0.087967 89.208847 0.000000 -7.658365 0.198313 
413 49.092054 0.000000 0.173697 89.497312 0.000000 -4.833574 0.196687 
414 49.224535 0.000000 0.045102 19.116455 0.000000 275.085552 -6.603750 
415 49.180375 0.000000 0.045102 18.483557 0.000000 277.114477 -6.713407 
416 49.268696 0.000000 0.045102 85.027612 0.000000 5.298815 0.274223 
417 49.224535 0.000000 0.087967 85.317047 0.000000 2.863281 0.271280 
418 49.136215 0.000000 0.045102 85.194250 0.000000 -3.025302 0.273279 
419 49.092054 0.000000 0.045102 86.185921 0.000000 -6.321854 0.253202 
420 49.136215 0.000000 0.002236 84.495908 0.000000 -2.488379 0.285425 
421 49.136215 0.000000 0.087967 85.867281 0.000000 -3.025065 0.261766 
422 49.202455 0.000000 0.023669 1.887312 0.000000 265.000757 -6.022896 
423 49.180375 0.000000 0.023669 18.227189 0.000000 212.836543 -3.563162 
424 49.202455 0.000000 0.002236 3.816007 0.000000 264.373538 -5.990793 
425 49.224535 0.000000 0.023669 19.051756 0.000000 210.859409 -3.482466 
426 49.202455 0.000000 0.045102 3.678539 0.000000 322.346741 -9.392095 
427 98.286664 0.000000 10.975731 99.950082 0.000000 -1.539635 0.000761 
428 98.286664 0.000000 0.002236 99.911260 0.000000 -1.983454 0.001381 
429 109.591709 0.000000 10.975731 99.964570 0.000000 -1.507723 0.000481 
430 98.286664 0.000000 21.949225 99.986991 0.000000 -1.048634 0.000150 
431 98.286664 0.000000 -10.971258 99.890642 0.000000 -1.568189 0.001940 
432 98.286664 0.000000 -21.944752 99.886983 0.000000 -1.023944 0.002154 
433 109.591709 0.000000 -10.971258 99.931206 0.000000 -1.559748 0.001132 
434 43.174570 0.000000 -1.369450 93.433832 0.000000 28.733834 0.044449 
435 43.174570 0.000000 -2.741137 90.194084 0.000000 33.517716 0.074159 
436 45.294266 0.000000 -0.683607 92.931467 0.000000 31.927591 0.034437 
437 44.587700 0.000000 -0.683607 94.995305 0.000000 25.704716 0.031516 
438 45.294266 0.000000 -1.369450 92.021043 0.000000 37.826461 0.010129 
439 47.767244 0.000000 -0.340685 97.154200 0.000000 17.657822 0.024926 
440 47.413962 0.000000 -0.340685 95.842426 0.000000 20.151252 0.040816 
441 47.767244 0.000000 -0.683607 86.238313 0.000000 52.779821 -0.022276 
442 48.650451 0.000000 -0.169224 98.308989 0.000000 7.437659 0.028002 
443 48.473810 0.000000 -0.169224 100.487085 0.000000 3.581788 -0.011048 
444 48.650451 0.000000 -0.340685 96.587315 0.000000 14.761841 0.045298 
445 48.297168 0.000000 -0.169224 100.634025 0.000000 5.161191 -0.015384 
446 48.120527 0.000000 -0.169224 98.428409 0.000000 10.415057 0.020337 
447 48.297168 0.000000 -0.340685 96.752203 0.000000 14.536002 0.042772 
448 48.915413 0.000000 -0.083494 88.917008 0.000000 -3.945160 0.207820 
449 48.827092 0.000000 -0.083494 91.506376 0.000000 -2.312443 0.162124 
450 48.915413 0.000000 -0.169224 89.841749 0.000000 -1.114042 0.192722 
451 49.136215 0.000000 -0.040629 84.076957 0.000000 -1.415561 0.292906 
452 49.092054 0.000000 -0.040629 84.497387 0.000000 -4.617204 0.283887 
453 49.136215 0.000000 -0.083494 83.964723 0.000000 0.229796 0.294987 
454 37.522047 0.000000 -1.369450 103.759668 0.000000 0.412277 -0.076624 
455 37.522047 0.000000 -2.741137 101.623145 0.000000 0.069271 -0.032727 
456 37.522047 0.000000 0.002236 99.673777 0.000000 14.551184 -0.014660 
457 37.522047 0.000000 1.373923 104.126954 0.000000 -0.033268 -0.084242 
458 37.522047 0.000000 2.745610 101.884670 0.000000 -0.445727 -0.038068 
459 47.060679 0.000000 0.345158 106.904302 0.000000 -1.089289 -0.142972 
460 47.060679 0.000000 0.002236 97.058925 0.000000 10.154251 0.047646 
461 47.060679 0.000000 0.688080 102.287549 0.000000 10.360684 -0.057009 
462 47.060679 0.000000 -0.340685 95.559858 0.000000 21.694060 0.039768 
463 46.707396 0.000000 -0.340685 96.993178 0.000000 19.165922 0.022499 
464 47.060679 0.000000 -0.683607 90.695527 0.000000 34.276304 0.059946 
465 46.354114 0.000000 -0.340685 94.716558 0.000000 24.094164 0.044824 
466 46.000831 0.000000 -0.340685 95.157806 0.000000 23.422362 0.039638 
467 46.354114 0.000000 -0.683607 91.650946 0.000000 32.240571 0.056065 
1 7 12 10 11 
2 12 2 13 10 
3 1 17 15 16 
4 17 7 11 15 
5 19 21 3 22 
6 20 19 22 9 
7 11 25 23 24 
8 25 10 26 23 
9 28 20 9 30 
10 29 28 30 4 
11 15 33 31 32 
12 33 11 24 31 
13 35 37 19 38 
14 36 35 38 20 
15 24 41 39 40 
16 41 23 42 39 
17 44 36 20 46 
18 45 44 46 28 
19 31 49 47 48 
20 49 24 40 47 
21 51 53 35 54 
22 52 51 54 36 
23 40 57 55 56 
24 57 39 58 55 
25 60 52 36 62 
26 61 60 62 44 
27 47 65 63 64 
28 65 40 56 63 
29 67 69 51 70 
30 68 67 70 52 
31 56 73 71 72 
32 73 55 74 71 
33 76 68 52 78 
34 77 76 78 60 
35 63 81 79 80 
36 81 56 72 79 
37 83 85 67 86 
38 84 83 86 68 
39 72 89 87 88 
40 89 71 90 87 
41 10 93 92 26 
42 93 13 94 92 
43 92 94 8 95 
44 26 92 95 14 
45 23 97 96 42 
46 97 26 98 96 
47 96 98 14 99 
48 42 96 99 27 
49 39 101 100 58 
50 101 42 102 100 
51 100 102 27 103 
52 55 105 104 74 
53 105 58 106 104 
54 104 106 43 107 
55 74 104 107 59 
56 71 109 108 90 
57 109 74 110 108 
58 108 110 59 111 
59 112 84 68 114 
60 113 112 114 76 
61 115 117 83 118 
62 116 115 118 84 
63 87 121 119 120 
64 121 90 122 119 
65 79 126 124 125 
66 126 72 88 124 
67 88 130 128 129 
68 130 87 120 128 
69 14 95 132 37 
70 95 8 133 132 
71 132 133 21 134 
72 37 132 134 19 
73 27 99 135 53 
74 99 14 136 135 
75 135 136 37 137 
76 53 135 137 35 
77 103 27 139 138 
78 138 139 53 140 
79 69 138 140 51 
80 59 107 141 85 
81 107 43 142 141 
82 141 142 69 143 
83 85 141 143 67 
84 111 59 145 144 
85 144 145 85 146 
86 117 144 146 83 
87 147 149 117 150 
88 148 147 150 115 
89 120 153 151 152 
90 153 119 154 151 
91 90 157 156 122 
92 157 108 158 156 
93 156 158 111 159 
94 122 156 159 75 
95 119 161 160 154 
96 161 122 162 160 
97 160 162 75 163 
98 164 116 84 166 
99 165 164 166 112 
100 167 148 115 169 
101 168 167 169 116 
102 170 172 147 173 
103 171 170 173 148 
104 151 176 174 175 
105 176 154 177 174 
106 128 181 179 180 
107 181 120 152 179 
108 152 185 183 184 
109 185 151 175 183 
110 75 159 187 149 
111 159 111 188 187 
112 187 188 144 189 
113 149 187 189 117 
114 163 75 191 190 
115 190 191 149 192 
116 172 190 192 147 
117 193 195 172 196 
118 194 193 196 170 
119 175 199 197 198 
120 199 174 200 197 
121 154 203 202 177 
122 203 160 204 202 
123 202 204 163 205 
124 177 202 205 123 
125 174 207 206 200 
126 207 177 208 206 
127 206 208 123 209 
128 200 206 209 178 
129 210 171 148 212 
130 211 210 212 167 
131 213 194 170 215 
132 214 213 215 171 
133 216 218 193 219 
134 217 216 219 194 
135 197 222 220 221 
136 222 200 223 220 
137 220 223 178 224 
138 183 227 225 226 
139 227 175 198 225 
140 198 231 229 230 
141 231 197 221 229 
142 123 205 233 195 
143 205 163 234 233 
144 233 234 190 235 
145 195 233 235 172 
146 178 209 236 218 
147 209 123 237 236 
148 236 237 195 238 
149 218 236 238 193 
150 224 178 241 239 
151 239 241 218 242 
152 240 239 242 216 
153 221 245 243 244 
154 245 220 246 243 
155 243 246 224 247 
156 248 217 194 250 
157 249 248 250 213 
158 251 240 216 253 
159 252 251 253 217 
160 229 256 254 255 
161 256 221 244 254 
162 255 254 257 232 
163 247 224 260 258 
164 258 260 239 261 
165 259 258 261 240 
166 244 264 262 263 
167 264 243 265 262 
168 262 265 247 266 
169 263 262 266 201 
170 124 269 267 268 
171 269 88 129 267 
172 271 168 116 273 
173 272 271 273 164 
174 267 276 274 275 
175 276 129 277 274 
176 274 277 5 278 
177 275 274 278 270 
178 16 281 279 280 
179 281 15 32 279 
180 279 32 18 282 
181 280 279 282 6 
182 32 285 283 284 
183 285 31 48 283 
184 283 48 34 286 
185 284 283 286 18 
186 48 289 287 288 
187 289 47 64 287 
188 287 64 50 290 
189 288 287 290 34 
190 64 293 291 292 
191 293 63 80 291 
192 291 80 66 294 
193 292 291 294 50 
194 80 297 295 296 
195 297 79 125 295 
196 296 295 298 66 
197 125 301 299 300 
198 301 124 268 299 
199 6 282 303 304 
200 282 18 45 303 
201 303 45 28 305 
202 304 303 305 29 
203 18 286 306 307 
204 286 34 61 306 
205 306 61 44 308 
206 307 306 308 45 
207 34 290 309 310 
208 290 50 77 309 
209 309 77 60 311 
210 310 309 311 61 
211 50 294 312 313 
212 294 66 113 312 
213 312 113 76 314 
214 313 312 314 77 
215 66 298 315 316 
216 315 165 112 317 
217 316 315 317 113 
218 318 272 164 320 
219 319 318 320 165 
220 299 323 321 322 
221 323 268 324 321 
222 321 324 127 325 
223 322 321 325 302 
224 295 328 326 327 
225 328 125 300 326 
226 327 326 329 298 
227 300 332 330 331 
228 332 299 322 330 
229 330 322 302 333 
230 298 329 334 335 
231 334 319 165 336 
232 335 334 336 315 
233 326 339 337 338 
234 339 300 331 337 
235 338 337 340 329 
236 333 302 343 341 
237 341 343 318 344 
238 342 341 344 319 
239 331 347 345 346 
240 347 330 348 345 
241 345 348 333 349 
242 346 345 349 82 
243 329 340 350 351 
244 350 342 319 352 
245 351 350 352 334 
246 337 355 353 354 
247 355 331 346 353 
248 354 353 356 340 
249 340 356 357 358 
250 356 82 359 357 
251 357 359 342 360 
252 358 357 360 350 
253 353 363 361 362 
254 363 346 364 361 
255 361 364 82 365 
256 362 361 365 356 
257 82 349 366 359 
258 349 333 367 366 
259 366 367 341 368 
260 359 366 368 342 
261 302 325 369 343 
262 325 127 370 369 
263 369 370 272 371 
264 343 369 371 318 
265 270 278 372 373 
266 278 5 374 372 
267 372 374 168 375 
268 373 372 375 271 
269 376 214 171 379 
270 377 376 379 210 
271 5 381 380 374 
272 381 131 211 380 
273 380 211 167 382 
274 374 380 382 168 
275 131 385 383 384 
276 385 182 377 383 
277 383 377 210 386 
278 384 383 386 211 
279 179 389 387 388 
280 389 152 184 387 
281 182 392 390 391 
282 392 378 393 390 
283 390 393 376 394 
284 391 390 394 377 
285 91 397 395 396 
286 397 186 249 395 
287 395 249 213 398 
288 396 395 398 214 
289 186 401 399 400 
290 401 228 402 399 
291 399 402 248 403 
292 400 399 403 249 
293 228 405 404 402 
294 405 155 252 404 
295 404 252 217 406 
296 402 404 406 248 
297 155 409 407 408 
298 409 232 410 407 
299 407 410 251 411 
300 408 407 411 252 
301 232 257 412 410 
302 412 259 240 413 
303 410 412 413 251 
304 266 247 416 414 
305 414 416 258 417 
306 415 414 417 259 
307 257 420 418 419 
308 420 201 415 418 
309 418 415 259 421 
310 419 418 421 412 
311 201 424 422 423 
312 424 266 425 422 
313 422 425 414 426 
314 423 422 426 415 
315 43 428 427 142 
316 428 103 429 427 
317 427 429 138 430 
318 142 427 430 69 
319 58 432 431 106 
320 432 100 433 431 
321 431 433 103 428 
322 106 431 428 43 
323 129 435 434 277 
324 435 128 180 434 
325 434 180 131 381 
326 277 434 381 5 
327 180 438 436 437 
328 438 179 388 436 
329 436 388 182 385 
330 437 436 385 131 
331 184 441 439 440 
332 441 183 226 439 
333 439 226 186 397 
334 440 439 397 91 
335 225 444 442 443 
336 444 198 230 442 
337 442 230 155 405 
338 443 442 405 228 
339 226 447 445 446 
340 447 225 443 445 
341 445 443 228 401 
342 446 445 401 186 
343 230 450 448 449 
344 450 229 255 448 
345 448 255 232 409 
346 449 448 409 155 
347 254 453 451 452 
348 453 244 263 451 
349 451 263 201 420 
350 452 451 420 257 
351 268 455 454 324 
352 455 267 275 454 
353 454 275 270 456 
354 324 454 456 127 
355 127 456 457 370 
356 456 270 373 457 
357 457 373 271 458 
358 370 457 458 272 
359 378 460 459 393 
360 460 91 396 459 
361 459 396 214 461 
362 393 459 461 376 
363 387 464 462 463 
364 464 184 440 462 
365 462 440 91 460 
366 463 462 460 378 
367 388 467 465 466 
368 467 387 463 465 
369 465 463 378 392 
370 466 465 392 182 
