2 0.000000 100.000000 410.334720
756 631 
1 -504.020754 0.000000 -507.020754 97.809317 0.000000 20.793137 0.000098 
2 604.824905 0.000000 -507.020754 97.813312 0.000000 20.761620 0.000151 
3 604.824905 0.000000 517.207809 97.833907 0.000000 20.722851 -0.000091 
4 -504.020754 0.000000 517.207809 97.822308 0.000000 20.792238 -0.000152 
5 50.402075 0.000000 5.093528 102.528441 0.000000 -2.748128 -0.051963 
6 -504.020754 0.000000 5.093528 97.816587 0.000000 20.799794 -0.000072 
7 50.402075 0.000000 -507.020754 97.797043 0.000000 20.773583 0.000420 
8 604.824905 0.000000 5.093528 97.974593 0.000000 20.026867 -0.000010 
9 50.402075 0.000000 517.207809 97.840098 0.000000 20.766620 -0.000394 
10 -226.809339 0.000000 -250.963613 97.792351 0.000000 20.799109 0.000405 
11 -504.020754 0.000000 -250.963613 97.810205 0.000000 20.797061 0.000065 
12 -226.809339 0.000000 -507.020754 97.802308 0.000000 20.789188 0.000252 
13 50.402075 0.000000 -250.963613 97.743638 0.000000 20.718984 0.001690 
14 -226.809339 0.000000 5.093528 97.822398 0.000000 20.826498 -0.000296 
15 327.613490 0.000000 -250.963613 97.808956 0.000000 20.672229 0.000607 
16 327.613490 0.000000 -507.020754 97.805455 0.000000 20.760795 0.000308 
17 604.824905 0.000000 -250.963613 97.824664 0.000000 20.705116 0.000163 
18 327.613490 0.000000 5.093528 98.314223 0.000000 18.389223 -0.000385 
19 -226.809339 0.000000 261.150668 97.844932 0.000000 20.795247 -0.000607 
20 -504.020754 0.000000 261.150668 97.822346 0.000000 20.796272 -0.000170 
21 50.402075 0.000000 261.150668 97.910842 0.000000 20.697910 -0.001494 
22 -226.809339 0.000000 517.207809 97.831109 0.000000 20.786751 -0.000301 
23 -88.203632 0.000000 -122.935043 97.719292 0.000000 20.825134 0.001725 
24 -226.809339 0.000000 -122.935043 97.795842 0.000000 20.815347 0.000269 
25 -88.203632 0.000000 -250.963613 97.763670 0.000000 20.782416 0.001036 
26 50.402075 0.000000 -122.935043 97.545059 0.000000 20.502744 0.006460 
27 -88.203632 0.000000 5.093528 97.850215 0.000000 20.961931 -0.001407 
28 327.613490 0.000000 261.150668 97.885733 0.000000 20.542739 -0.000362 
29 604.824905 0.000000 261.150668 97.912640 0.000000 20.344063 -0.000077 
30 327.613490 0.000000 517.207809 97.837113 0.000000 20.741874 -0.000233 
31 189.007783 0.000000 -122.935043 97.783211 0.000000 20.322151 0.002545 
32 189.007783 0.000000 -250.963613 97.777766 0.000000 20.668954 0.001230 
33 327.613490 0.000000 -122.935043 97.852824 0.000000 20.451205 0.000657 
34 189.007783 0.000000 5.093528 98.463860 0.000000 17.244263 0.000750 
35 -88.203632 0.000000 133.122098 97.934818 0.000000 20.807189 -0.002417 
36 -226.809339 0.000000 133.122098 97.845593 0.000000 20.811486 -0.000688 
37 50.402075 0.000000 133.122098 98.143534 0.000000 20.465953 -0.005101 
38 -88.203632 0.000000 261.150668 97.878728 0.000000 20.773294 -0.001178 
39 -18.900778 0.000000 -58.920758 97.400122 0.000000 20.889261 0.007685 
40 -88.203632 0.000000 -58.920758 97.725972 0.000000 20.910244 0.001240 
41 -18.900778 0.000000 -122.935043 97.587180 0.000000 20.760321 0.004575 
42 50.402075 0.000000 -58.920758 96.857252 0.000000 19.750403 0.022859 
43 -18.900778 0.000000 5.093528 98.138899 0.000000 21.606239 -0.009807 
44 189.007783 0.000000 133.122098 98.053678 0.000000 20.003796 -0.001468 
45 327.613490 0.000000 133.122098 98.084334 0.000000 19.576996 -0.000380 
46 189.007783 0.000000 261.150668 97.898865 0.000000 20.608913 -0.000891 
47 119.704929 0.000000 -58.920758 97.725961 0.000000 19.298189 0.007722 
48 119.704929 0.000000 -122.935043 97.670657 0.000000 20.318608 0.004760 
49 189.007783 0.000000 -58.920758 97.926885 0.000000 19.582601 0.002685 
50 119.704929 0.000000 5.093528 93.067413 0.000000 34.883982 0.012156 
51 -18.900778 0.000000 69.107813 98.269981 0.000000 20.808111 -0.008997 
52 -88.203632 0.000000 69.107813 97.948320 0.000000 20.882814 -0.002997 
53 50.402075 0.000000 69.107813 98.771281 0.000000 19.876904 -0.015086 
54 -18.900778 0.000000 133.122098 98.070300 0.000000 20.729657 -0.004750 
55 15.750649 0.000000 -26.913615 96.135771 0.000000 20.236600 0.034839 
56 -18.900778 0.000000 -26.913615 97.316216 0.000000 21.197084 0.008024 
57 15.750649 0.000000 -58.920758 96.993945 0.000000 20.558737 0.016951 
58 50.402075 0.000000 -26.913615 95.251027 0.000000 17.964257 0.060453 
59 15.750649 0.000000 5.093528 101.638845 0.000000 11.835400 -0.047053 
60 119.704929 0.000000 69.107813 98.404204 0.000000 18.926378 -0.004160 
61 189.007783 0.000000 69.107813 98.348603 0.000000 18.431135 -0.001215 
62 119.704929 0.000000 133.122098 98.100598 0.000000 20.194159 -0.003153 
63 85.053502 0.000000 -26.913615 97.479963 0.000000 16.481636 0.022601 
64 85.053502 0.000000 -58.920758 97.351387 0.000000 19.246617 0.015228 
65 119.704929 0.000000 -26.913615 98.057686 0.000000 17.956651 0.006225 
66 85.053502 0.000000 5.093528 99.212649 0.000000 9.455508 0.006744 
67 15.750649 0.000000 37.100670 99.280809 0.000000 20.448592 -0.027482 
68 -18.900778 0.000000 37.100670 98.404940 0.000000 21.022513 -0.012548 
69 50.402075 0.000000 37.100670 99.926351 0.000000 18.811589 -0.033915 
70 15.750649 0.000000 69.107813 98.594349 0.000000 20.502062 -0.014118 
71 33.076362 0.000000 -10.910044 98.227792 0.000000 0.668907 0.035085 
72 15.750649 0.000000 -10.910044 94.820492 0.000000 15.989501 0.075341 
73 33.076362 0.000000 -26.913615 95.566934 0.000000 19.354473 0.049237 
74 50.402075 0.000000 -10.910044 103.501291 0.000000 -3.342023 -0.072369 
75 33.076362 0.000000 5.093528 97.547394 0.000000 0.704597 0.048401 
76 -365.415047 0.000000 -122.935043 97.809287 0.000000 20.804332 0.000052 
77 -504.020754 0.000000 -122.935043 97.812756 0.000000 20.799088 0.000006 
78 -365.415047 0.000000 -250.963613 97.805135 0.000000 20.799034 0.000156 
79 -365.415047 0.000000 5.093528 97.818050 0.000000 20.806628 -0.000129 
80 -157.506486 0.000000 -58.920758 97.791688 0.000000 20.845806 0.000224 
81 -226.809339 0.000000 -58.920758 97.806448 0.000000 20.823761 0.000027 
82 -157.506486 0.000000 -122.935043 97.774433 0.000000 20.823379 0.000655 
83 -157.506486 0.000000 5.093528 97.828864 0.000000 20.855028 -0.000542 
84 -53.552205 0.000000 -26.913615 97.701915 0.000000 21.039816 0.001166 
85 -88.203632 0.000000 -26.913615 97.774669 0.000000 20.950354 0.000120 
86 -53.552205 0.000000 -58.920758 97.632725 0.000000 20.929683 0.002980 
87 -53.552205 0.000000 5.093528 97.885128 0.000000 21.083910 -0.002603 
88 -1.575065 0.000000 -10.910044 95.276685 0.000000 21.153691 0.047487 
89 -18.900778 0.000000 -10.910044 97.484515 0.000000 21.531223 0.003318 
90 -1.575065 0.000000 -26.913615 96.723019 0.000000 20.946321 0.020591 
91 -1.575065 0.000000 5.093528 101.896181 0.000000 21.634471 -0.085088 
92 85.053502 0.000000 37.100670 99.196462 0.000000 17.417692 -0.014331 
93 119.704929 0.000000 37.100670 98.572522 0.000000 17.140450 -0.001034 
94 85.053502 0.000000 69.107813 98.611852 0.000000 19.270858 -0.009566 
95 33.076362 0.000000 21.097099 100.687143 0.000000 19.014351 -0.049945 
96 15.750649 0.000000 21.097099 99.928909 0.000000 19.917267 -0.038248 
97 50.402075 0.000000 21.097099 101.162681 0.000000 17.455446 -0.053858 
98 33.076362 0.000000 37.100670 99.740023 0.000000 19.770677 -0.033895 
99 24.413505 0.000000 -2.908258 97.715421 0.000000 0.693507 0.045122 
100 15.750649 0.000000 -2.908258 93.802338 0.000000 4.350312 0.118220 
101 24.413505 0.000000 -10.910044 95.269158 0.000000 15.398358 0.068668 
102 33.076362 0.000000 -2.908258 98.526466 0.000000 0.205739 0.029249 
103 24.413505 0.000000 5.093528 100.772805 0.000000 11.232666 -0.028133 
104 -365.415047 0.000000 133.122098 97.826187 0.000000 20.803156 -0.000273 
105 -504.020754 0.000000 133.122098 97.820233 0.000000 20.798604 -0.000138 
106 -365.415047 0.000000 261.150668 97.829113 0.000000 20.797385 -0.000307 
107 -157.506486 0.000000 69.107813 97.862185 0.000000 20.839323 -0.001128 
108 -226.809339 0.000000 69.107813 97.837300 0.000000 20.821248 -0.000566 
109 -157.506486 0.000000 133.122098 97.872865 0.000000 20.815267 -0.001237 
110 -53.552205 0.000000 37.100670 98.028189 0.000000 20.990526 -0.005013 
111 -88.203632 0.000000 37.100670 97.916154 0.000000 20.929956 -0.002564 
112 -53.552205 0.000000 69.107813 98.053519 0.000000 20.882882 -0.005059 
113 -1.575065 0.000000 21.097099 99.224113 0.000000 20.973366 -0.028531 
114 -18.900778 0.000000 21.097099 98.417678 0.000000 21.252806 -0.013772 
115 -1.575065 0.000000 37.100670 98.792552 0.000000 20.841447 -0.019433 
116 7.087792 0.000000 -2.908258 90.131994 0.000000 5.999807 0.184023 
117 -1.575065 0.000000 -2.908258 91.283806 0.000000 26.087599 0.098670 
118 7.087792 0.000000 -10.910044 94.128683 0.000000 18.095625 0.081234 
119 7.087792 0.000000 5.093528 103.423228 0.000000 14.729378 -0.091332 
120 24.413505 0.000000 13.095313 100.566914 0.000000 17.716249 -0.042757 
121 15.750649 0.000000 13.095313 100.546527 0.000000 18.368827 -0.044702 
122 33.076362 0.000000 13.095313 101.172646 0.000000 17.521721 -0.054292 
123 24.413505 0.000000 21.097099 100.242517 0.000000 19.486783 -0.042830 
124 20.082077 0.000000 1.092635 101.271700 0.000000 4.279716 -0.027427 
125 15.750649 0.000000 1.092635 102.096698 0.000000 4.755550 -0.044635 
126 20.082077 0.000000 -2.908258 94.673371 0.000000 3.890250 0.102182 
127 24.413505 0.000000 1.092635 100.818690 0.000000 4.171258 -0.018181 
128 20.082077 0.000000 5.093528 101.032457 0.000000 11.279640 -0.033479 
129 -88.203632 0.000000 -378.992184 97.787351 0.000000 20.780683 0.000580 
130 -226.809339 0.000000 -378.992184 97.797441 0.000000 20.791640 0.000337 
131 -88.203632 0.000000 -507.020754 97.798275 0.000000 20.782857 0.000357 
132 50.402075 0.000000 -378.992184 97.783162 0.000000 20.759574 0.000749 
133 -18.900778 0.000000 -186.949328 97.701761 0.000000 20.748311 0.002387 
134 -88.203632 0.000000 -186.949328 97.743083 0.000000 20.791977 0.001398 
135 -18.900778 0.000000 -250.963613 97.747750 0.000000 20.756288 0.001455 
136 50.402075 0.000000 -186.949328 97.680547 0.000000 20.661745 0.003160 
137 15.750649 0.000000 -90.927900 97.379870 0.000000 20.593920 0.009305 
138 -18.900778 0.000000 -90.927900 97.513091 0.000000 20.789642 0.005899 
139 15.750649 0.000000 -122.935043 97.544290 0.000000 20.649589 0.005871 
140 50.402075 0.000000 -90.927900 97.352832 0.000000 20.290564 0.011072 
141 33.076362 0.000000 -42.917186 96.343229 0.000000 19.945900 0.032014 
142 15.750649 0.000000 -42.917186 96.663829 0.000000 20.519323 0.023506 
143 33.076362 0.000000 -58.920758 96.879743 0.000000 20.176024 0.020724 
144 50.402075 0.000000 -42.917186 96.324227 0.000000 19.162670 0.035444 
145 24.413505 0.000000 -18.911829 95.530888 0.000000 18.849922 0.051853 
146 15.750649 0.000000 -18.911829 95.661031 0.000000 19.432349 0.047135 
147 24.413505 0.000000 -26.913615 95.810924 0.000000 19.902938 0.042414 
148 33.076362 0.000000 -18.911829 94.997490 0.000000 18.583442 0.063013 
149 20.082077 0.000000 -6.909151 94.903342 0.000000 11.040732 0.087146 
150 15.750649 0.000000 -6.909151 94.246483 0.000000 11.616113 0.098267 
151 20.082077 0.000000 -10.910044 95.164076 0.000000 15.516673 0.070303 
152 24.413505 0.000000 -6.909151 95.225595 0.000000 11.022269 0.081060 
153 67.727789 0.000000 -10.910044 95.459963 0.000000 11.827297 0.074751 
154 67.727789 0.000000 -26.913615 96.210676 0.000000 16.679544 0.046530 
155 85.053502 0.000000 -10.910044 97.704323 0.000000 10.363696 0.034646 
156 67.727789 0.000000 5.093528 99.785249 0.000000 10.184146 -0.006081 
157 41.739219 0.000000 -2.908258 93.611458 0.000000 0.631952 0.123650 
158 41.739219 0.000000 -10.910044 96.273651 0.000000 1.355972 0.072955 
159 50.402075 0.000000 -2.908258 109.493428 0.000000 -0.925685 -0.198967 
160 41.739219 0.000000 5.093528 97.542589 0.000000 1.720413 0.048248 
161 28.744934 0.000000 1.092635 98.118536 0.000000 0.184458 0.037272 
162 28.744934 0.000000 -2.908258 98.116705 0.000000 0.176332 0.037308 
163 33.076362 0.000000 1.092635 98.589925 0.000000 0.270560 0.027995 
164 28.744934 0.000000 5.093528 98.409750 0.000000 0.656748 0.031509 
165 22.247791 0.000000 -0.907812 98.000751 0.000000 0.000000 0.039585 
166 20.082077 0.000000 -0.907812 97.979827 0.000000 -0.000054 0.039995 
167 22.247791 0.000000 -2.908258 95.035823 0.000000 3.691581 0.095456 
168 24.413505 0.000000 -0.907812 98.011599 0.000000 0.012900 0.039373 
169 22.247791 0.000000 1.092635 100.952348 0.000000 4.085154 -0.020807 
170 28.744934 0.000000 -6.909151 98.407266 0.000000 0.656944 0.031558 
171 28.744934 0.000000 -10.910044 97.715469 0.000000 0.693610 0.045121 
172 33.076362 0.000000 -6.909151 96.979149 0.000000 0.786358 0.059443 
173 26.579219 0.000000 -0.907812 98.070107 0.000000 0.032102 0.038225 
174 26.579219 0.000000 -2.908258 98.126766 0.000000 0.144467 0.037112 
175 28.744934 0.000000 -0.907812 98.112819 0.000000 0.049235 0.037387 
176 26.579219 0.000000 1.092635 98.071271 0.000000 0.173454 0.038200 
177 67.727789 0.000000 21.097099 100.238038 0.000000 16.291085 -0.031306 
178 85.053502 0.000000 21.097099 99.605962 0.000000 16.006953 -0.017757 
179 67.727789 0.000000 37.100670 99.611378 0.000000 17.953379 -0.024475 
180 41.739219 0.000000 13.095313 101.929218 0.000000 16.934414 -0.067634 
181 50.402075 0.000000 13.095313 102.076200 0.000000 15.830687 -0.067016 
182 41.739219 0.000000 21.097099 101.144077 0.000000 18.356741 -0.056709 
183 37.407790 0.000000 1.092635 100.888035 0.000000 0.539245 -0.017869 
184 37.407790 0.000000 -2.908258 100.479560 0.000000 0.550259 -0.009644 
185 41.739219 0.000000 1.092635 94.484226 0.000000 0.431618 0.107254 
186 37.407790 0.000000 5.093528 96.497313 0.000000 1.241474 0.068673 
187 30.910648 0.000000 -0.907812 98.165743 0.000000 0.047979 0.036348 
188 30.910648 0.000000 -2.908258 98.044580 0.000000 0.188276 0.038722 
189 33.076362 0.000000 -0.907812 98.707196 0.000000 0.112690 0.025688 
190 30.910648 0.000000 1.092635 98.036627 0.000000 0.195773 0.038878 
191 59.064932 0.000000 -2.908258 100.194035 0.000000 -1.512636 -0.004113 
192 59.064932 0.000000 -10.910044 107.919074 0.000000 -10.263129 -0.175186 
193 67.727789 0.000000 -2.908258 97.371646 0.000000 0.000000 0.051876 
194 59.064932 0.000000 5.093528 107.285511 0.000000 -6.688127 -0.155491 
195 46.070647 0.000000 1.092635 100.131739 0.000000 -0.453787 -0.002657 
196 46.070647 0.000000 -2.908258 99.237284 0.000000 0.113290 0.015195 
197 50.402075 0.000000 1.092635 109.387642 0.000000 -0.938187 -0.196654 
198 46.070647 0.000000 5.093528 100.747463 0.000000 -1.308887 -0.015176 
199 41.739219 0.000000 -18.911829 94.448831 0.000000 17.890930 0.075933 
200 41.739219 0.000000 -26.913615 95.205208 0.000000 18.788409 0.058296 
201 50.402075 0.000000 -18.911829 94.313731 0.000000 16.790298 0.082301 
202 46.070647 0.000000 -6.909151 100.663099 0.000000 -1.266245 -0.013466 
203 41.739219 0.000000 -6.909151 98.482897 0.000000 1.537636 0.029875 
204 46.070647 0.000000 -10.910044 101.405828 0.000000 1.156804 -0.028448 
205 50.402075 0.000000 -6.909151 102.334189 0.000000 -2.583433 -0.047896 
206 43.904933 0.000000 -0.907812 91.620989 0.000000 0.209791 0.160555 
207 41.739219 0.000000 -0.907812 93.242072 0.000000 0.386057 0.130577 
208 43.904933 0.000000 -2.908258 94.269807 0.000000 0.343212 0.111309 
209 46.070647 0.000000 -0.907812 99.457745 0.000000 0.471937 0.010793 
210 43.904933 0.000000 1.092635 94.924469 0.000000 -0.402595 0.098918 
211 59.064932 0.000000 13.095313 101.214316 0.000000 15.002693 -0.046942 
212 67.727789 0.000000 13.095313 100.260882 0.000000 14.947693 -0.027568 
213 59.064932 0.000000 21.097099 100.717139 0.000000 16.699538 -0.042282 
214 54.733504 0.000000 1.092635 103.571568 0.000000 -1.603552 -0.072964 
215 54.733504 0.000000 -2.908258 103.557252 0.000000 -1.584680 -0.072662 
216 59.064932 0.000000 1.092635 100.542562 0.000000 -1.707383 -0.011172 
217 54.733504 0.000000 5.093528 105.126680 0.000000 -4.517133 -0.107202 
218 466.219197 0.000000 -122.935043 97.855010 0.000000 20.539285 0.000253 
219 466.219197 0.000000 -250.963613 97.821038 0.000000 20.689313 0.000300 
220 604.824905 0.000000 -122.935043 97.849374 0.000000 20.597363 0.000125 
221 466.219197 0.000000 5.093528 98.078445 0.000000 19.527571 -0.000071 
222 258.310636 0.000000 -58.920758 97.957586 0.000000 19.865205 0.000968 
223 258.310636 0.000000 -122.935043 97.839204 0.000000 20.395480 0.001151 
224 327.613490 0.000000 -58.920758 97.943709 0.000000 20.062793 0.000451 
225 258.310636 0.000000 5.093528 98.567684 0.000000 17.133464 -0.000914 
226 154.356356 0.000000 -26.913615 98.048085 0.000000 18.102059 0.005889 
227 154.356356 0.000000 -58.920758 97.862699 0.000000 19.442289 0.004489 
228 189.007783 0.000000 -26.913615 98.165799 0.000000 18.450506 0.002305 
229 154.356356 0.000000 5.093528 97.115167 0.000000 21.904627 0.008883 
230 102.379216 0.000000 -10.910044 100.812594 0.000000 17.700778 -0.047650 
231 102.379216 0.000000 -26.913615 98.204027 0.000000 17.376480 0.005403 
232 119.704929 0.000000 -10.910044 97.946468 0.000000 17.680853 0.009388 
233 102.379216 0.000000 5.093528 91.938773 0.000000 27.607468 0.078509 
234 76.390646 0.000000 -2.908258 97.629693 0.000000 0.000000 0.046844 
235 76.390646 0.000000 -10.910044 96.159417 0.000000 11.212150 0.062765 
236 85.053502 0.000000 -2.908258 96.600091 0.000000 -6.413662 0.062729 
237 76.390646 0.000000 5.093528 99.930517 0.000000 10.540941 -0.009722 
238 63.396360 0.000000 1.092635 98.992100 0.000000 -1.476148 0.019839 
239 63.396360 0.000000 -2.908258 98.799631 0.000000 -1.298523 0.023695 
240 67.727789 0.000000 1.092635 97.357274 0.000000 0.000000 0.052156 
241 63.396360 0.000000 5.093528 106.211731 0.000000 -12.401015 -0.143472 
242 189.007783 0.000000 -378.992184 97.791826 0.000000 20.741144 0.000656 
243 189.007783 0.000000 -507.020754 97.800166 0.000000 20.765135 0.000394 
244 327.613490 0.000000 -378.992184 97.804054 0.000000 20.735725 0.000440 
245 119.704929 0.000000 -186.949328 97.725094 0.000000 20.593932 0.002570 
246 119.704929 0.000000 -250.963613 97.756686 0.000000 20.685806 0.001573 
247 189.007783 0.000000 -186.949328 97.773717 0.000000 20.574177 0.001700 
248 85.053502 0.000000 -90.927900 97.496667 0.000000 20.054198 0.009223 
249 85.053502 0.000000 -122.935043 97.601024 0.000000 20.380811 0.005866 
250 119.704929 0.000000 -90.927900 97.666843 0.000000 19.990547 0.006157 
251 67.727789 0.000000 -42.917186 96.755404 0.000000 18.516864 0.029552 
252 67.727789 0.000000 -58.920758 97.053792 0.000000 19.389947 0.020459 
253 85.053502 0.000000 -42.917186 97.322931 0.000000 18.309394 0.019301 
254 59.064932 0.000000 -18.911829 94.971481 0.000000 15.685789 0.073437 
255 59.064932 0.000000 -26.913615 95.639680 0.000000 17.220646 0.055650 
256 67.727789 0.000000 -18.911829 95.850557 0.000000 15.037982 0.058653 
257 63.396360 0.000000 -6.909151 106.138562 0.000000 -12.424200 -0.141976 
258 59.064932 0.000000 -6.909151 107.207134 0.000000 -6.789158 -0.153946 
259 63.396360 0.000000 -10.910044 94.876166 0.000000 12.032912 0.085372 
260 67.727789 0.000000 -6.909151 95.334072 0.000000 8.468741 0.083970 
261 466.219197 0.000000 133.122098 98.257347 0.000000 18.719999 -0.000494 
262 604.824905 0.000000 133.122098 98.462447 0.000000 17.749187 -0.000989 
263 466.219197 0.000000 261.150668 97.891235 0.000000 20.464479 -0.000149 
264 258.310636 0.000000 69.107813 98.452499 0.000000 17.823957 -0.001059 
265 327.613490 0.000000 69.107813 98.348571 0.000000 18.285046 -0.000678 
266 258.310636 0.000000 133.122098 98.044314 0.000000 19.832338 -0.000601 
267 154.356356 0.000000 37.100670 98.407752 0.000000 17.463318 0.001095 
268 189.007783 0.000000 37.100670 98.198116 0.000000 18.854298 0.000165 
269 154.356356 0.000000 69.107813 98.328549 0.000000 18.697288 -0.001809 
270 102.379216 0.000000 21.097099 98.581675 0.000000 16.571085 0.000705 
271 119.704929 0.000000 21.097099 98.040022 0.000000 18.011918 0.006372 
272 102.379216 0.000000 37.100670 98.831894 0.000000 17.122780 -0.006093 
273 76.390646 0.000000 13.095313 99.939831 0.000000 15.107989 -0.021622 
274 85.053502 0.000000 13.095313 99.598529 0.000000 15.251095 -0.015246 
275 76.390646 0.000000 21.097099 99.781799 0.000000 16.237785 -0.022007 
276 72.059217 0.000000 1.092635 97.398525 0.000000 0.000000 0.051353 
277 72.059217 0.000000 -2.908258 97.391831 0.000000 0.000000 0.051483 
278 76.390646 0.000000 1.092635 97.629684 0.000000 0.000000 0.046844 
279 72.059217 0.000000 5.093528 99.580223 0.000000 10.451522 -0.002546 
280 65.562075 0.000000 -0.907812 97.530761 0.000000 -0.458553 0.048754 
281 63.396360 0.000000 -0.907812 98.059746 0.000000 -0.540633 0.038399 
282 65.562075 0.000000 -2.908258 97.745212 0.000000 -1.356266 0.044403 
283 67.727789 0.000000 -0.907812 97.376738 0.000000 0.000000 0.051777 
284 65.562075 0.000000 1.092635 97.821133 0.000000 -1.651558 0.042830 
285 76.390646 0.000000 -18.911829 96.640744 0.000000 14.740807 0.044328 
286 76.390646 0.000000 -26.913615 96.907870 0.000000 16.548736 0.033500 
287 85.053502 0.000000 -18.911829 97.597049 0.000000 14.680263 0.025931 
288 72.059217 0.000000 -6.909151 95.642512 0.000000 8.292329 0.078375 
289 72.059217 0.000000 -10.910044 95.868050 0.000000 11.522491 0.067655 
290 76.390646 0.000000 -6.909151 95.681445 0.000000 7.864549 0.078321 
291 93.716359 0.000000 -2.908258 91.390265 0.000000 -12.301249 0.149650 
292 93.716359 0.000000 -10.910044 100.935638 0.000000 11.781635 -0.032681 
293 102.379216 0.000000 -2.908258 94.273159 0.000000 37.386880 -0.028521 
294 93.716359 0.000000 5.093528 92.799610 0.000000 14.823310 0.116850 
295 80.722074 0.000000 1.092635 97.439592 0.000000 -4.657537 0.048383 
296 80.722074 0.000000 -2.908258 97.466098 0.000000 -4.658803 0.047866 
297 85.053502 0.000000 1.092635 96.728313 0.000000 -6.190274 0.060531 
298 80.722074 0.000000 5.093528 100.335394 0.000000 9.980895 -0.016681 
299 74.224931 0.000000 -0.907812 97.486338 0.000000 0.000000 0.049641 
300 72.059217 0.000000 -0.907812 97.410360 0.000000 0.000000 0.051122 
301 74.224931 0.000000 -2.908258 97.465885 0.000000 0.000000 0.050040 
302 76.390646 0.000000 -0.907812 97.619895 0.000000 0.000000 0.047036 
303 74.224931 0.000000 1.092635 97.465803 0.000000 0.000000 0.050042 
304 80.722074 0.000000 -6.909151 95.898721 0.000000 6.840015 0.075665 
305 80.722074 0.000000 -10.910044 96.683611 0.000000 10.798609 0.053567 
306 85.053502 0.000000 -6.909151 97.192808 0.000000 5.575248 0.052247 
307 78.556360 0.000000 -0.907812 97.785366 0.000000 0.000000 0.043802 
308 78.556360 0.000000 -2.908258 94.586696 0.000000 2.615427 0.104652 
309 80.722074 0.000000 -0.907812 97.879598 0.000000 -0.621542 0.041920 
310 78.556360 0.000000 1.092635 101.032453 0.000000 4.072865 -0.022414 
311 93.716359 0.000000 13.095313 98.185234 0.000000 16.432480 0.008963 
312 102.379216 0.000000 13.095313 97.234003 0.000000 19.249712 0.017500 
313 93.716359 0.000000 21.097099 99.124887 0.000000 16.066839 -0.008389 
314 89.384931 0.000000 1.092635 94.714309 0.000000 -9.840567 0.093236 
315 89.384931 0.000000 -2.908258 94.004323 0.000000 -10.403182 0.105496 
316 93.716359 0.000000 1.092635 91.517492 0.000000 -12.318374 0.147281 
317 89.384931 0.000000 5.093528 96.163857 0.000000 10.641754 0.063927 
318 82.887788 0.000000 -0.907812 97.558292 0.000000 -4.663210 0.046063 
319 82.887788 0.000000 -2.908258 97.534968 0.000000 -4.662095 0.046519 
320 85.053502 0.000000 -0.907812 96.800743 0.000000 -6.033151 0.059322 
321 82.887788 0.000000 1.092635 97.539146 0.000000 -4.662295 0.046438 
322 102.379216 0.000000 -42.917186 97.723505 0.000000 18.509336 0.010752 
323 102.379216 0.000000 -58.920758 97.583093 0.000000 19.235010 0.010755 
324 119.704929 0.000000 -42.917186 97.834590 0.000000 18.702453 0.007861 
325 93.716359 0.000000 -18.911829 98.641558 0.000000 15.464633 0.003069 
326 93.716359 0.000000 -26.913615 97.984710 0.000000 16.847282 0.011517 
327 102.379216 0.000000 -18.911829 98.832006 0.000000 16.850435 -0.005170 
328 89.384931 0.000000 -6.909151 99.638813 0.000000 4.686518 0.005014 
329 89.384931 0.000000 -10.910044 99.229663 0.000000 10.472296 0.004380 
330 93.716359 0.000000 -6.909151 103.006186 0.000000 5.582207 -0.064144 
331 82.887788 0.000000 -4.908704 97.439575 0.000000 -4.657536 0.048384 
332 80.722074 0.000000 -4.908704 95.063946 0.000000 4.174289 0.094542 
333 82.887788 0.000000 -6.909151 96.424022 0.000000 6.263104 0.066318 
334 85.053502 0.000000 -4.908704 97.466106 0.000000 -4.658804 0.047865 
335 81.804931 0.000000 -1.908035 97.677671 0.000000 -3.074584 0.044962 
336 80.722074 0.000000 -1.908035 97.745726 0.000000 -1.989917 0.044181 
337 81.804931 0.000000 -2.908258 97.543452 0.000000 -4.662501 0.046354 
338 82.887788 0.000000 -1.908035 97.566358 0.000000 -4.663596 0.045906 
339 81.804931 0.000000 -0.907812 97.774726 0.000000 -1.770306 0.043697 
340 137.030642 0.000000 -10.910044 97.803907 0.000000 16.879720 0.014947 
341 137.030642 0.000000 -26.913615 97.980636 0.000000 18.036200 0.007449 
342 154.356356 0.000000 -10.910044 98.122719 0.000000 16.549276 0.009805 
343 137.030642 0.000000 5.093528 96.104466 0.000000 26.699564 0.005106 
344 111.042072 0.000000 -2.908258 96.014137 0.000000 23.196715 0.024320 
345 111.042072 0.000000 -10.910044 98.291215 0.000000 18.208615 0.000728 
346 119.704929 0.000000 -2.908258 96.814457 0.000000 20.021647 0.022609 
347 111.042072 0.000000 5.093528 93.247720 0.000000 33.934594 0.015331 
348 98.047787 0.000000 1.092635 81.185668 0.000000 18.676373 0.306008 
349 98.047787 0.000000 -2.908258 89.480616 0.000000 -13.765257 0.180374 
350 102.379216 0.000000 1.092635 86.940340 0.000000 32.390904 0.139221 
351 98.047787 0.000000 5.093528 91.070139 0.000000 21.300939 0.125250 
352 54.733504 0.000000 -6.909151 104.130361 0.000000 -4.182210 -0.086062 
353 54.733504 0.000000 -10.910044 106.225739 0.000000 -5.114268 -0.131006 
354 52.567790 0.000000 -0.907812 112.549893 0.000000 -2.202382 -0.267233 
355 50.402075 0.000000 -0.907812 109.317602 0.000000 0.209983 -0.195038 
356 52.567790 0.000000 -2.908258 107.979427 0.000000 -1.059136 -0.166068 
357 54.733504 0.000000 -0.907812 103.754083 0.000000 -0.404136 -0.076507 
358 52.567790 0.000000 1.092635 108.238803 0.000000 -1.130779 -0.171692 
359 52.567790 0.000000 -4.908704 103.412209 0.000000 -3.566946 -0.070681 
360 50.402075 0.000000 -4.908704 102.472393 0.000000 -2.594479 -0.050732 
361 52.567790 0.000000 -6.909151 103.228371 0.000000 -3.473332 -0.066816 
362 54.733504 0.000000 -4.908704 104.276625 0.000000 -4.342892 -0.089248 
363 56.899218 0.000000 -0.907812 101.057158 0.000000 -0.666592 -0.021299 
364 56.899218 0.000000 -2.908258 101.465661 0.000000 -1.253911 -0.029685 
365 59.064932 0.000000 -0.907812 99.084411 0.000000 -0.744043 0.018173 
366 56.899218 0.000000 1.092635 101.750450 0.000000 -1.351535 -0.035498 
367 53.650647 0.000000 -1.908035 103.977708 0.000000 -5.332416 -0.083980 
368 52.567790 0.000000 -1.908035 113.791950 0.000000 -3.229911 -0.295904 
369 53.650647 0.000000 -2.908258 106.189983 0.000000 -1.229235 -0.127782 
370 54.733504 0.000000 -1.908035 103.420174 0.000000 -1.079606 -0.069690 
371 53.650647 0.000000 -0.907812 106.544907 0.000000 -0.814149 -0.135248 
372 56.899218 0.000000 -4.908704 105.179878 0.000000 -5.053675 -0.108835 
373 56.899218 0.000000 -6.909151 106.254436 0.000000 -5.569550 -0.132103 
374 59.064932 0.000000 -4.908704 106.221566 0.000000 -5.827028 -0.131698 
375 55.816361 0.000000 -1.908035 102.169155 0.000000 -0.965040 -0.043947 
376 55.816361 0.000000 -2.908258 102.347672 0.000000 -1.306211 -0.047675 
377 56.899218 0.000000 -1.908035 101.339992 0.000000 -1.010445 -0.027082 
378 55.816361 0.000000 -0.907812 102.209583 0.000000 -0.863841 -0.044755 
379 54.733504 0.000000 9.094420 107.446202 0.000000 -6.234017 -0.158355 
380 50.402075 0.000000 9.094420 104.756596 0.000000 -3.812989 -0.098848 
381 59.064932 0.000000 9.094420 106.380466 0.000000 -12.347867 -0.146927 
382 54.733504 0.000000 13.095313 101.727793 0.000000 15.322934 -0.058334 
383 52.567790 0.000000 3.093081 103.406180 0.000000 -3.500585 -0.070509 
384 50.402075 0.000000 3.093081 102.481119 0.000000 -2.577514 -0.050902 
385 54.733504 0.000000 3.093081 104.283782 0.000000 -4.239509 -0.089308 
386 52.567790 0.000000 5.093528 103.984203 0.000000 -3.714319 -0.082651 
387 53.650647 0.000000 0.092412 106.585448 0.000000 -0.993820 -0.136145 
388 52.567790 0.000000 0.092412 108.196112 0.000000 -0.876264 -0.170717 
389 54.733504 0.000000 0.092412 103.445428 0.000000 -1.145274 -0.070227 
390 53.650647 0.000000 1.092635 106.205986 0.000000 -1.228418 -0.128122 
391 54.192075 0.000000 -1.407923 102.334268 0.000000 -5.616007 -0.050384 
392 53.650647 0.000000 -1.407923 105.413209 0.000000 -6.429127 -0.115328 
393 54.192075 0.000000 -1.908035 101.600031 0.000000 -6.724792 -0.036779 
394 54.733504 0.000000 -1.407923 104.302987 0.000000 -0.723994 -0.087964 
395 54.192075 0.000000 -0.907812 105.381293 0.000000 -0.738253 -0.110576 
396 48.236361 0.000000 -0.907812 107.575924 0.000000 0.655677 -0.157301 
397 48.236361 0.000000 -2.908258 105.587286 0.000000 0.159447 -0.114870 
398 48.236361 0.000000 1.092635 105.075561 0.000000 -0.740896 -0.104142 
399 51.484932 0.000000 -1.908035 112.174318 0.000000 -0.931499 -0.258395 
400 50.402075 0.000000 -1.908035 108.525547 0.000000 0.293531 -0.177788 
401 51.484932 0.000000 -2.908258 110.005707 0.000000 -1.202078 -0.210270 
402 51.484932 0.000000 -0.907812 113.020092 0.000000 -0.622691 -0.277393 
403 53.109218 0.000000 -1.407923 110.460986 0.000000 -5.401349 -0.223080 
404 52.567790 0.000000 -1.407923 114.617931 0.000000 -3.570124 -0.315002 
405 53.109218 0.000000 -1.908035 111.093808 0.000000 -3.756094 -0.235594 
406 53.109218 0.000000 -0.907812 109.954163 0.000000 -1.982236 -0.209385 
407 51.484932 0.000000 0.092412 110.360611 0.000000 -0.801724 -0.218011 
408 50.402075 0.000000 0.092412 110.165686 0.000000 -0.663243 -0.213692 
409 51.484932 0.000000 1.092635 110.072254 0.000000 -1.257180 -0.211748 
410 52.026361 0.000000 -1.407923 121.049650 0.000000 -2.598247 -0.465977 
411 51.484932 0.000000 -1.407923 112.963687 0.000000 -0.820979 -0.276147 
412 52.026361 0.000000 -1.908035 113.683065 0.000000 -1.392211 -0.292578 
413 52.026361 0.000000 -0.907812 112.867344 0.000000 -1.098543 -0.274024 
414 48.236361 0.000000 -4.908704 101.218905 0.000000 -1.580229 -0.024776 
415 46.070647 0.000000 -4.908704 100.615096 0.000000 -1.181712 -0.012479 
416 48.236361 0.000000 -6.909151 101.165367 0.000000 -1.619494 -0.023705 
417 49.319218 0.000000 -1.908035 108.207998 0.000000 1.209863 -0.171043 
418 48.236361 0.000000 -1.908035 106.916278 0.000000 0.964452 -0.143202 
419 49.319218 0.000000 -2.908258 108.023704 0.000000 -0.003127 -0.166912 
420 49.319218 0.000000 -0.907812 109.598476 0.000000 0.620706 -0.201221 
421 46.070647 0.000000 9.094420 99.457739 0.000000 2.204862 0.010330 
422 41.739219 0.000000 9.094420 96.277890 0.000000 1.362031 0.072871 
423 46.070647 0.000000 13.095313 102.137683 0.000000 16.415613 -0.070158 
424 48.236361 0.000000 3.093081 101.253305 0.000000 -1.596811 -0.025478 
425 46.070647 0.000000 3.093081 100.690239 0.000000 -1.223460 -0.014002 
426 48.236361 0.000000 5.093528 101.559033 0.000000 -1.866329 -0.031772 
427 49.319218 0.000000 0.092412 108.519257 0.000000 -0.064233 -0.177643 
428 48.236361 0.000000 0.092412 107.056517 0.000000 0.023676 -0.146110 
429 49.319218 0.000000 1.092635 108.078075 0.000000 -0.735183 -0.168141 
430 49.860647 0.000000 -1.407923 108.562798 0.000000 0.735412 -0.178642 
431 49.319218 0.000000 -1.407923 108.871484 0.000000 2.272463 -0.185816 
432 49.860647 0.000000 -1.908035 108.433420 0.000000 0.568728 -0.175813 
433 50.402075 0.000000 -1.407923 108.566900 0.000000 0.368361 -0.178691 
434 49.860647 0.000000 -0.907812 109.522966 0.000000 0.334388 -0.199539 
435 37.407790 0.000000 -6.909151 96.523714 0.000000 1.224904 0.068167 
436 37.407790 0.000000 -10.910044 96.812943 0.000000 0.803093 0.062661 
437 43.904933 0.000000 -4.908704 100.110120 0.000000 -0.897573 -0.002284 
438 41.739219 0.000000 -4.908704 99.606055 0.000000 1.114164 0.007739 
439 43.904933 0.000000 -6.909151 100.229034 0.000000 -1.000554 -0.004686 
440 44.987790 0.000000 -1.908035 95.734213 0.000000 0.645178 0.083454 
441 43.904933 0.000000 -1.908035 93.360605 0.000000 0.526638 0.128352 
442 44.987790 0.000000 -2.908258 96.580783 0.000000 0.323025 0.067205 
443 46.070647 0.000000 -1.908035 98.570113 0.000000 0.906831 0.028311 
444 44.987790 0.000000 -0.907812 95.689708 0.000000 0.380032 0.084334 
445 39.573505 0.000000 -0.907812 96.183230 0.000000 0.413216 0.074862 
446 37.407790 0.000000 -0.907812 101.565130 0.000000 0.226345 -0.031553 
447 39.573505 0.000000 -2.908258 96.431428 0.000000 0.555222 0.070067 
448 39.573505 0.000000 1.092635 96.290521 0.000000 0.602829 0.072777 
449 42.822076 0.000000 -1.908035 93.454563 0.000000 0.325031 0.126614 
450 41.739219 0.000000 -1.908035 92.738561 0.000000 0.552607 0.139925 
451 42.822076 0.000000 -2.908258 93.933084 0.000000 0.128899 0.117656 
452 42.822076 0.000000 -0.907812 92.845848 0.000000 0.134627 0.137963 
453 39.573505 0.000000 -4.908704 97.456148 0.000000 1.569335 0.049984 
454 37.407790 0.000000 -4.908704 96.570315 0.000000 1.199965 0.067273 
455 39.573505 0.000000 -6.909151 97.035221 0.000000 1.516966 0.058186 
456 40.656362 0.000000 -1.908035 93.565674 0.000000 0.589990 0.124512 
457 39.573505 0.000000 -1.908035 95.946986 0.000000 0.621030 0.079379 
458 40.656362 0.000000 -2.908258 94.224713 0.000000 0.703347 0.112121 
459 40.656362 0.000000 -0.907812 92.902633 0.000000 0.227248 0.136905 
460 43.904933 0.000000 3.093081 100.211121 0.000000 -0.950486 -0.004317 
461 41.739219 0.000000 3.093081 98.457057 0.000000 1.537624 0.030384 
462 43.904933 0.000000 5.093528 100.737013 0.000000 0.431250 -0.014813 
463 42.822076 0.000000 0.092412 93.889994 0.000000 -0.042064 0.118467 
464 41.739219 0.000000 0.092412 93.654880 0.000000 0.256157 0.122870 
465 43.904933 0.000000 0.092412 93.785105 0.000000 -0.076381 0.120435 
466 42.822076 0.000000 1.092635 94.538442 0.000000 -0.295347 0.106240 
467 42.280647 0.000000 -1.407923 92.748072 0.000000 0.274825 0.139772 
468 41.739219 0.000000 -1.407923 92.879553 0.000000 0.472385 0.137317 
469 42.280647 0.000000 -1.908035 93.315405 0.000000 0.359811 0.129211 
470 42.822076 0.000000 -1.407923 93.330402 0.000000 0.273320 0.128936 
471 42.280647 0.000000 -0.907812 92.571211 0.000000 0.207461 0.143053 
472 35.242076 0.000000 -0.907812 100.527402 0.000000 0.121560 -0.010577 
473 35.242076 0.000000 -2.908258 99.714436 0.000000 0.264988 0.005696 
474 35.242076 0.000000 1.092635 99.700278 0.000000 0.269948 0.005978 
475 38.490647 0.000000 -1.908035 98.064239 0.000000 0.464886 0.038319 
476 37.407790 0.000000 -1.908035 100.157251 0.000000 0.422906 -0.003165 
477 38.490647 0.000000 -2.908258 97.778778 0.000000 0.519268 0.043904 
478 38.490647 0.000000 -0.907812 98.173311 0.000000 0.324583 0.036190 
479 37.407790 0.000000 9.094420 96.799784 0.000000 0.804553 0.062915 
480 33.076362 0.000000 9.094420 98.424720 0.000000 0.655565 0.031214 
481 37.407790 0.000000 13.095313 101.576904 0.000000 17.301456 -0.061721 
482 39.573505 0.000000 3.093081 97.485111 0.000000 1.592505 0.049412 
483 37.407790 0.000000 3.093081 96.543587 0.000000 1.215178 0.067786 
484 39.573505 0.000000 5.093528 97.050791 0.000000 1.539909 0.057877 
485 38.490647 0.000000 0.092412 98.524894 0.000000 0.360071 0.029272 
486 37.407790 0.000000 0.092412 100.890033 0.000000 0.381407 -0.017894 
487 39.573505 0.000000 0.092412 96.653742 0.000000 0.407341 0.065789 
488 38.490647 0.000000 1.092635 98.310880 0.000000 0.490136 0.033473 
489 39.032076 0.000000 -1.407923 97.472595 0.000000 0.393739 0.049894 
490 38.490647 0.000000 -1.407923 98.171960 0.000000 0.437856 0.036207 
491 39.032076 0.000000 -1.908035 97.359620 0.000000 0.504641 0.052085 
492 39.573505 0.000000 -1.407923 95.806572 0.000000 0.532038 0.082082 
493 39.032076 0.000000 -0.907812 97.580110 0.000000 0.327211 0.047802 
494 35.242076 0.000000 -4.908704 96.623374 0.000000 0.943559 0.066303 
495 33.076362 0.000000 -4.908704 97.017554 0.000000 0.782494 0.058698 
496 35.242076 0.000000 -6.909151 96.564848 0.000000 0.955760 0.067432 
497 36.324933 0.000000 -1.908035 100.050980 0.000000 0.387518 -0.001035 
498 35.242076 0.000000 -1.908035 99.033233 0.000000 0.511858 0.019216 
499 36.324933 0.000000 -2.908258 100.340188 0.000000 0.388527 -0.006830 
500 36.324933 0.000000 -0.907812 100.941170 0.000000 0.256140 -0.018919 
501 35.242076 0.000000 3.093081 96.590374 0.000000 0.950527 0.066940 
502 33.076362 0.000000 3.093081 96.996502 0.000000 0.784619 0.059106 
503 35.242076 0.000000 5.093528 96.529821 0.000000 0.963394 0.068107 
504 36.324933 0.000000 0.092412 100.816558 0.000000 0.276584 -0.016405 
505 35.242076 0.000000 0.092412 100.013115 0.000000 0.193232 -0.000266 
506 36.324933 0.000000 1.092635 100.374490 0.000000 0.439244 -0.007523 
507 36.866362 0.000000 -1.407923 101.052347 0.000000 0.310081 -0.021167 
508 36.324933 0.000000 -1.407923 100.270774 0.000000 0.354813 -0.005435 
509 36.866362 0.000000 -1.908035 100.679417 0.000000 0.392245 -0.013650 
510 37.407790 0.000000 -1.407923 100.792916 0.000000 0.334475 -0.015932 
511 36.866362 0.000000 -0.907812 101.632461 0.000000 0.213347 -0.032920 
512 34.159219 0.000000 -1.908035 99.337607 0.000000 0.181784 0.013201 
513 33.076362 0.000000 -1.908035 98.662406 0.000000 0.137086 0.026571 
514 34.159219 0.000000 -2.908258 98.463666 0.000000 0.326136 0.030480 
515 34.159219 0.000000 -0.907812 99.484291 0.000000 0.076074 0.010287 
516 35.783505 0.000000 -1.407923 100.057670 0.000000 0.289327 -0.001162 
517 35.242076 0.000000 -1.407923 99.430403 0.000000 0.409578 0.011343 
518 35.783505 0.000000 -1.908035 99.191324 0.000000 0.509012 0.016082 
519 35.783505 0.000000 -0.907812 100.796256 0.000000 0.153391 -0.015991 
520 34.159219 0.000000 0.092412 99.056323 0.000000 0.207582 0.018780 
521 33.076362 0.000000 0.092412 98.640595 0.000000 0.141707 0.027001 
522 34.159219 0.000000 1.092635 98.426243 0.000000 0.337331 0.031216 
523 34.700648 0.000000 -1.407923 99.824267 0.000000 0.151534 0.003509 
524 34.159219 0.000000 -1.407923 99.404418 0.000000 0.132630 0.011874 
525 34.700648 0.000000 -1.908035 99.640071 0.000000 0.184708 0.007182 
526 34.700648 0.000000 -0.907812 99.817113 0.000000 0.142832 0.003652 
527 30.910648 0.000000 -4.908704 97.577998 0.000000 0.703144 0.047804 
528 28.744934 0.000000 -4.908704 98.223240 0.000000 0.669400 0.035175 
529 30.910648 0.000000 -6.909151 97.563122 0.000000 0.703862 0.048094 
530 34.159219 0.000000 -3.908481 97.863745 0.000000 0.548094 0.042239 
531 33.076362 0.000000 -3.908481 97.752851 0.000000 0.561466 0.044406 
532 34.159219 0.000000 -4.908704 96.645030 0.000000 0.940040 0.065885 
533 35.242076 0.000000 -3.908481 96.647655 0.000000 0.938593 0.065835 
534 34.700648 0.000000 -2.408146 99.609273 0.000000 0.211612 0.007795 
535 34.159219 0.000000 -2.408146 98.642640 0.000000 0.253297 0.026957 
536 34.700648 0.000000 -2.908258 99.304612 0.000000 0.279540 0.013852 
537 35.242076 0.000000 -2.408146 100.043031 0.000000 0.222455 -0.000866 
538 34.971362 0.000000 -1.657979 98.482239 0.000000 0.507867 0.030099 
539 34.700648 0.000000 -1.657979 99.831350 0.000000 0.162453 0.003368 
540 34.971362 0.000000 -1.908035 99.305809 0.000000 0.394431 0.013820 
541 35.242076 0.000000 -1.657979 98.837498 0.000000 0.574763 0.023082 
542 34.971362 0.000000 -1.407923 99.924805 0.000000 0.164886 0.001501 
543 36.324933 0.000000 -3.908481 99.045903 0.000000 0.748093 0.018935 
544 36.324933 0.000000 -4.908704 96.620852 0.000000 1.183400 0.066301 
545 37.407790 0.000000 -3.908481 99.622938 0.000000 0.646824 0.007485 
546 35.783505 0.000000 -2.408146 99.888782 0.000000 0.356135 0.002210 
547 35.783505 0.000000 -2.908258 100.130638 0.000000 0.352388 -0.002627 
548 36.324933 0.000000 -2.408146 100.641297 0.000000 0.331742 -0.012878 
549 34.971362 0.000000 -2.158091 99.908272 0.000000 0.192311 0.001830 
550 34.700648 0.000000 -2.158091 99.627239 0.000000 0.198241 0.007437 
551 34.971362 0.000000 -2.408146 99.891634 0.000000 0.203118 0.002162 
552 35.242076 0.000000 -2.158091 99.336968 0.000000 0.413689 0.013200 
553 35.512790 0.000000 -1.657979 98.834286 0.000000 0.605098 0.023142 
554 35.512790 0.000000 -1.908035 99.022868 0.000000 0.549655 0.019417 
555 35.783505 0.000000 -1.657979 99.116755 0.000000 0.518126 0.017560 
556 35.512790 0.000000 -1.407923 99.602234 0.000000 0.407353 0.007923 
557 35.106719 0.000000 -1.783007 98.232940 0.000000 0.562902 0.034997 
558 34.971362 0.000000 -1.783007 98.465247 0.000000 0.512951 0.030433 
559 35.106719 0.000000 -1.908035 99.191802 0.000000 0.446899 0.016079 
560 35.242076 0.000000 -1.783007 98.821257 0.000000 0.580727 0.023402 
561 35.106719 0.000000 -1.657979 98.251521 0.000000 0.558948 0.034633 
562 69.893503 0.000000 -0.907812 97.377633 0.000000 0.000000 0.051760 
563 69.893503 0.000000 -2.908258 97.381535 0.000000 0.000000 0.051684 
564 69.893503 0.000000 1.092635 97.381457 0.000000 0.000000 0.051685 
565 69.893503 0.000000 -4.908704 95.474831 0.000000 6.033806 0.084815 
566 67.727789 0.000000 -4.908704 95.292718 0.000000 6.019531 0.088306 
567 69.893503 0.000000 -6.909151 95.528025 0.000000 8.431131 0.080331 
568 72.059217 0.000000 -4.908704 95.575401 0.000000 5.888919 0.083066 
569 68.810646 0.000000 -1.908035 97.362516 0.000000 0.000000 0.052054 
570 67.727789 0.000000 -1.908035 97.376273 0.000000 0.000000 0.051786 
571 68.810646 0.000000 -2.908258 97.357505 0.000000 0.000000 0.052152 
572 69.893503 0.000000 -1.908035 97.375751 0.000000 0.000000 0.051796 
573 68.810646 0.000000 -0.907812 97.365294 0.000000 0.000000 0.052000 
574 78.556360 0.000000 -4.908704 95.166074 0.000000 5.097752 0.091743 
575 76.390646 0.000000 -4.908704 95.416706 0.000000 5.567468 0.086466 
576 78.556360 0.000000 -6.909151 95.726425 0.000000 7.445417 0.078102 
577 79.639217 0.000000 -1.908035 97.870617 0.000000 0.000000 0.042134 
578 78.556360 0.000000 -1.908035 97.790779 0.000000 0.000000 0.043696 
579 79.639217 0.000000 -2.908258 94.098129 0.000000 2.240301 0.114052 
580 79.639217 0.000000 -0.907812 97.873450 0.000000 0.000000 0.042079 
581 80.722074 0.000000 9.094420 99.949435 0.000000 13.795359 -0.018020 
582 76.390646 0.000000 9.094420 99.910467 0.000000 13.787186 -0.017219 
583 85.053502 0.000000 9.094420 99.428892 0.000000 13.732813 -0.007469 
584 80.722074 0.000000 13.095313 99.840141 0.000000 15.268407 -0.020118 
585 82.887788 0.000000 3.093081 100.458901 0.000000 6.071997 -0.012886 
586 80.722074 0.000000 3.093081 100.948254 0.000000 6.770376 -0.023639 
587 85.053502 0.000000 3.093081 97.422416 0.000000 -4.656716 0.048719 
588 82.887788 0.000000 5.093528 100.023415 0.000000 9.677771 -0.009834 
589 81.804931 0.000000 0.092412 97.540345 0.000000 -4.662352 0.046414 
590 80.722074 0.000000 0.092412 97.741379 0.000000 -1.881176 0.044308 
591 82.887788 0.000000 0.092412 97.574091 0.000000 -4.663965 0.045754 
592 81.804931 0.000000 1.092635 97.500101 0.000000 -4.660429 0.047201 
593 81.263502 0.000000 -1.407923 97.858765 0.000000 -0.970203 0.042272 
594 80.722074 0.000000 -1.407923 97.869796 0.000000 -0.729803 0.042097 
595 81.263502 0.000000 -1.908035 97.737815 0.000000 -2.130246 0.044278 
596 81.804931 0.000000 -1.407923 97.758079 0.000000 -1.986307 0.043941 
597 81.263502 0.000000 -0.907812 97.882052 0.000000 -0.709143 0.041860 
598 98.047787 0.000000 -6.909151 107.653951 0.000000 10.993167 -0.171022 
599 98.047787 0.000000 -10.910044 101.954104 0.000000 14.687483 -0.061036 
600 102.379216 0.000000 -6.909151 103.165218 0.000000 21.750328 -0.111614 
601 95.882073 0.000000 -0.907812 90.398990 0.000000 -13.104476 0.165630 
602 93.716359 0.000000 -0.907812 91.368531 0.000000 -12.298324 0.150054 
603 95.882073 0.000000 -2.908258 90.208738 0.000000 -13.237078 0.168716 
604 98.047787 0.000000 -0.907812 89.528277 0.000000 -13.772589 0.179500 
605 95.882073 0.000000 1.092635 91.683739 0.000000 -12.340751 0.144180 
606 137.030642 0.000000 21.097099 97.368727 0.000000 20.536594 0.009758 
607 154.356356 0.000000 21.097099 96.164006 0.000000 25.817047 0.008596 
608 137.030642 0.000000 37.100670 98.478923 0.000000 17.215508 0.000553 
609 128.367786 0.000000 13.095313 95.271503 0.000000 28.696784 0.009984 
610 119.704929 0.000000 13.095313 96.316283 0.000000 24.524262 0.012173 
611 128.367786 0.000000 5.093528 94.841280 0.000000 30.718817 0.006149 
612 137.030642 0.000000 13.095313 94.297603 0.000000 32.923510 0.002400 
613 128.367786 0.000000 21.097099 97.758180 0.000000 19.038471 0.008087 
614 -365.415047 0.000000 -378.992184 97.804985 0.000000 20.794687 0.000177 
615 -504.020754 0.000000 -378.992184 97.809237 0.000000 20.794858 0.000093 
616 -365.415047 0.000000 -507.020754 97.806367 0.000000 20.792153 0.000160 
617 466.219197 0.000000 -378.992184 97.812191 0.000000 20.738429 0.000269 
618 466.219197 0.000000 -507.020754 97.810134 0.000000 20.760220 0.000219 
619 604.824905 0.000000 -378.992184 97.816381 0.000000 20.743479 0.000166 
620 -157.506486 0.000000 -186.949328 97.774209 0.000000 20.805260 0.000735 
621 -226.809339 0.000000 -186.949328 97.791919 0.000000 20.806199 0.000384 
622 -157.506486 0.000000 -250.963613 97.780198 0.000000 20.794899 0.000661 
623 258.310636 0.000000 -186.949328 97.804173 0.000000 20.580794 0.001077 
624 258.310636 0.000000 -250.963613 97.796302 0.000000 20.666719 0.000877 
625 327.613490 0.000000 -186.949328 97.820986 0.000000 20.600234 0.000669 
626 -53.552205 0.000000 -90.927900 97.628456 0.000000 20.862008 0.003346 
627 -88.203632 0.000000 -90.927900 97.714875 0.000000 20.855904 0.001683 
628 -53.552205 0.000000 -122.935043 97.661269 0.000000 20.810854 0.002918 
629 154.356356 0.000000 -90.927900 97.777869 0.000000 20.024823 0.003849 
630 154.356356 0.000000 -122.935043 97.740976 0.000000 20.303106 0.003449 
631 189.007783 0.000000 -90.927900 97.829729 0.000000 20.065719 0.002671 
632 -1.575065 0.000000 -42.917186 97.038018 0.000000 20.855247 0.014868 
633 -18.900778 0.000000 -42.917186 97.342225 0.000000 21.004819 0.008329 
634 -1.575065 0.000000 -58.920758 97.212167 0.000000 20.779485 0.011801 
635 7.087792 0.000000 -18.911829 95.837393 0.000000 20.191966 0.040748 
636 -1.575065 0.000000 -18.911829 96.330956 0.000000 21.014851 0.027872 
637 7.087792 0.000000 -26.913615 96.390585 0.000000 20.628335 0.028333 
638 7.087792 0.000000 13.095313 100.536104 0.000000 19.583505 -0.049102 
639 -1.575065 0.000000 13.095313 99.819543 0.000000 21.032679 -0.040631 
640 7.087792 0.000000 21.097099 99.641727 0.000000 20.468567 -0.034744 
641 28.744934 0.000000 9.094420 100.916050 0.000000 15.566630 -0.042637 
642 24.413505 0.000000 9.094420 100.697252 0.000000 15.480092 -0.037957 
643 28.744934 0.000000 13.095313 100.823410 0.000000 17.660034 -0.047724 
644 30.910648 0.000000 3.093081 97.570035 0.000000 0.703528 0.047959 
645 28.744934 0.000000 3.093081 98.223741 0.000000 0.669346 0.035165 
646 30.910648 0.000000 5.093528 98.225509 0.000000 0.669177 0.035130 
647 26.579219 0.000000 3.093081 98.173345 0.000000 0.676491 0.036154 
648 24.413505 0.000000 3.093081 100.795345 0.000000 7.991847 -0.022357 
649 26.579219 0.000000 5.093528 97.715440 0.000000 0.693549 0.045121 
650 26.579219 0.000000 -4.908704 98.172458 0.000000 0.676555 0.036171 
651 24.413505 0.000000 -4.908704 95.219928 0.000000 7.697367 0.087392 
652 26.579219 0.000000 -6.909151 97.806776 0.000000 0.717963 0.043332 
653 44.987790 0.000000 0.092412 96.861709 0.000000 0.036956 0.061781 
654 46.070647 0.000000 0.092412 99.412742 0.000000 -0.006896 0.011711 
655 44.987790 0.000000 1.092635 97.212655 0.000000 -0.412927 0.054953 
656 63.396360 0.000000 9.094420 100.631900 0.000000 13.224324 -0.030166 
657 67.727789 0.000000 9.094420 100.082013 0.000000 13.436528 -0.019695 
658 63.396360 0.000000 13.095313 100.667961 0.000000 14.870684 -0.035518 
659 56.899218 0.000000 3.093081 105.211417 0.000000 -4.943776 -0.109388 
660 59.064932 0.000000 3.093081 107.238458 0.000000 -6.811098 -0.154648 
661 56.899218 0.000000 5.093528 106.315274 0.000000 -5.453521 -0.133268 
662 137.030642 0.000000 -42.917186 97.894036 0.000000 18.833710 0.006205 
663 137.030642 0.000000 -58.920758 97.807977 0.000000 19.371617 0.005834 
664 154.356356 0.000000 -42.917186 97.944503 0.000000 18.931633 0.004847 
665 111.042072 0.000000 -18.911829 98.377047 0.000000 17.500113 0.001570 
666 111.042072 0.000000 -26.913615 98.152636 0.000000 17.748679 0.005104 
667 119.704929 0.000000 -18.911829 98.130609 0.000000 17.647074 0.005896 
668 61.230646 0.000000 -0.907812 98.635173 0.000000 -0.664987 0.027066 
669 61.230646 0.000000 -2.908258 99.547912 0.000000 -1.338960 0.008842 
670 61.230646 0.000000 1.092635 99.923676 0.000000 -1.676914 0.001245 
671 61.230646 0.000000 3.093081 107.376207 0.000000 -8.403632 -0.160027 
672 63.396360 0.000000 3.093081 107.779980 0.000000 -10.352445 -0.172370 
673 61.230646 0.000000 5.093528 107.430214 0.000000 -8.329841 -0.161064 
674 65.562075 0.000000 -4.908704 96.522318 0.000000 -15.363791 0.044740 
675 63.396360 0.000000 -4.908704 107.719400 0.000000 -10.385057 -0.171132 
676 65.562075 0.000000 -6.909151 95.055689 0.000000 8.561906 0.089111 
677 61.230646 0.000000 -4.908704 107.312959 0.000000 -8.462698 -0.158769 
678 61.230646 0.000000 -6.909151 107.353042 0.000000 -8.402172 -0.159527 
679 111.042072 0.000000 13.095313 97.064012 0.000000 21.649026 0.010990 
680 111.042072 0.000000 21.097099 98.249131 0.000000 17.216652 0.005070 
681 72.059217 0.000000 9.094420 99.845827 0.000000 13.645601 -0.015539 
682 72.059217 0.000000 13.095313 100.027406 0.000000 15.006578 -0.023068 
683 74.224931 0.000000 -4.908704 95.539978 0.000000 5.793529 0.083855 
684 74.224931 0.000000 -6.909151 95.696626 0.000000 8.129850 0.077606 
685 78.556360 0.000000 3.093081 100.561032 0.000000 7.489962 -0.016862 
686 76.390646 0.000000 3.093081 99.999243 0.000000 7.784231 -0.006044 
687 78.556360 0.000000 5.093528 100.187029 0.000000 10.360638 -0.014478 
688 79.639217 0.000000 0.092412 97.868782 0.000000 0.000000 0.042170 
689 78.556360 0.000000 0.092412 97.790648 0.000000 0.000000 0.043699 
690 79.639217 0.000000 1.092635 101.641499 0.000000 3.728824 -0.034490 
691 89.384931 0.000000 9.094420 98.078413 0.000000 14.444272 0.017199 
692 93.716359 0.000000 9.094420 96.483607 0.000000 16.520048 0.041800 
693 89.384931 0.000000 13.095313 99.016163 0.000000 15.516743 -0.004497 
694 98.047787 0.000000 9.094420 95.514940 0.000000 19.529129 0.049551 
695 102.379216 0.000000 9.094420 95.448235 0.000000 22.483628 0.038412 
696 98.047787 0.000000 13.095313 97.534683 0.000000 17.803345 0.017003 
697 128.367786 0.000000 -2.908258 97.121444 0.000000 18.123671 0.023896 
698 128.367786 0.000000 -10.910044 97.822640 0.000000 17.269774 0.013249 
699 137.030642 0.000000 -2.908258 97.482494 0.000000 17.550787 0.018913 
700 55.816361 0.000000 0.092412 102.156516 0.000000 -0.982411 -0.043692 
701 56.899218 0.000000 0.092412 101.374664 0.000000 -1.022100 -0.027787 
702 55.816361 0.000000 1.092635 102.899442 0.000000 -1.473176 -0.059047 
703 47.153504 0.000000 -1.908035 102.638326 0.000000 1.114550 -0.053587 
704 47.153504 0.000000 -2.908258 103.428264 0.000000 0.624317 -0.069780 
705 47.153504 0.000000 -0.907812 103.772608 0.000000 0.644741 -0.076917 
706 47.153504 0.000000 0.092412 103.328938 0.000000 0.105707 -0.067688 
707 47.153504 0.000000 1.092635 104.930117 0.000000 -0.632822 -0.101073 
708 50.943504 0.000000 -1.407923 106.107291 0.000000 0.764049 -0.125934 
709 50.943504 0.000000 -1.908035 108.527361 0.000000 0.227046 -0.177824 
710 50.943504 0.000000 -0.907812 111.044502 0.000000 -0.144626 -0.233090 
711 40.656362 0.000000 0.092412 93.892567 0.000000 0.510691 0.118393 
712 40.656362 0.000000 1.092635 94.965688 0.000000 0.621635 0.098113 
713 38.490647 0.000000 -3.908481 99.099542 0.000000 0.963141 0.017835 
714 38.490647 0.000000 -4.908704 97.069526 0.000000 1.445393 0.057542 
715 39.573505 0.000000 -3.908481 95.392485 0.000000 0.925391 0.089942 
716 37.949219 0.000000 -1.407923 99.188997 0.000000 0.424382 0.016136 
717 37.949219 0.000000 -1.908035 98.699837 0.000000 0.508226 0.025808 
718 37.949219 0.000000 -0.907812 99.751538 0.000000 0.323627 0.004953 
719 36.866362 0.000000 -2.408146 100.966775 0.000000 0.397411 -0.019445 
720 36.866362 0.000000 -2.908258 100.852667 0.000000 0.424117 -0.017144 
721 37.407790 0.000000 -2.408146 100.591157 0.000000 0.496956 -0.011883 
722 35.512790 0.000000 -2.158091 99.316550 0.000000 0.489457 0.013598 
723 35.512790 0.000000 -2.408146 100.087392 0.000000 0.293322 -0.001757 
724 35.783505 0.000000 -2.158091 99.778704 0.000000 0.371030 0.004407 
725 20.082077 0.000000 9.094420 100.756641 0.000000 15.624674 -0.039603 
726 15.750649 0.000000 9.094420 101.044420 0.000000 16.132600 -0.047024 
727 20.082077 0.000000 13.095313 100.498612 0.000000 17.957353 -0.042244 
728 22.247791 0.000000 3.093081 100.919266 0.000000 8.032140 -0.024921 
729 20.082077 0.000000 3.093081 101.154956 0.000000 8.084742 -0.029769 
730 22.247791 0.000000 5.093528 100.856785 0.000000 11.234387 -0.029830 
731 22.247791 0.000000 -4.908704 95.058928 0.000000 7.723498 0.090415 
732 20.082077 0.000000 -4.908704 94.788175 0.000000 7.766259 0.095489 
733 22.247791 0.000000 -6.909151 95.108920 0.000000 10.996945 0.083336 
734 65.562075 0.000000 3.093081 96.524209 0.000000 -15.362412 0.044707 
735 67.727789 0.000000 3.093081 99.644415 0.000000 7.494976 0.001482 
736 65.562075 0.000000 5.093528 100.095791 0.000000 10.066873 -0.012051 
737 74.224931 0.000000 3.093081 99.636407 0.000000 7.820555 0.001143 
738 72.059217 0.000000 3.093081 99.440695 0.000000 7.712617 0.005206 
739 74.224931 0.000000 5.093528 99.683715 0.000000 10.561584 -0.004839 
740 69.893503 0.000000 3.093081 99.478334 0.000000 7.676425 0.004513 
741 69.893503 0.000000 5.093528 99.622231 0.000000 10.374076 -0.003221 
742 128.367786 0.000000 -18.911829 98.005465 0.000000 17.595366 0.008533 
743 128.367786 0.000000 -26.913615 98.003797 0.000000 18.024464 0.007037 
744 137.030642 0.000000 -18.911829 97.963313 0.000000 17.483955 0.009750 
745 40.656362 0.000000 -3.908481 95.900325 0.000000 0.876412 0.080236 
746 40.656362 0.000000 -4.908704 98.327178 0.000000 1.478712 0.032958 
747 41.739219 0.000000 -3.908481 96.846005 0.000000 0.697778 0.062036 
748 37.949219 0.000000 -2.408146 99.104644 0.000000 0.457398 0.017806 
749 37.949219 0.000000 -2.908258 99.352274 0.000000 0.501644 0.012887 
750 38.490647 0.000000 -2.408146 98.132077 0.000000 0.482708 0.036986 
751 39.032076 0.000000 -2.408146 97.221113 0.000000 0.523423 0.054778 
752 39.032076 0.000000 -2.908258 97.361503 0.000000 0.545919 0.052044 
753 39.573505 0.000000 -2.408146 95.744109 0.000000 0.586608 0.083272 
754 42.822076 0.000000 -3.908481 96.296181 0.000000 -0.493578 0.072680 
755 42.822076 0.000000 -4.908704 100.110193 0.000000 -0.128537 -0.002207 
756 43.904933 0.000000 -3.908481 95.819734 0.000000 -0.496251 0.081833 
1 19 21 9 22 
2 20 19 22 4 
3 28 29 3 30 
4 21 28 30 9 
5 35 37 21 38 
6 36 35 38 19 
7 44 45 28 46 
8 37 44 46 21 
9 51 53 37 54 
10 52 51 54 35 
11 60 61 44 62 
12 53 60 62 37 
13 67 69 53 70 
14 68 67 70 51 
15 11 78 76 77 
16 78 10 24 76 
17 76 24 14 79 
18 77 76 79 6 
19 24 82 80 81 
20 82 23 40 80 
21 80 40 27 83 
22 81 80 83 14 
23 40 86 84 85 
24 86 39 56 84 
25 84 56 43 87 
26 85 84 87 27 
27 56 90 88 89 
28 89 88 91 43 
29 92 93 60 94 
30 69 92 94 53 
31 95 97 69 98 
32 96 95 98 67 
33 6 79 104 105 
34 79 14 36 104 
35 104 36 19 106 
36 105 104 106 20 
37 14 83 107 108 
38 83 27 52 107 
39 107 52 35 109 
40 108 107 109 36 
41 27 87 110 111 
42 87 43 68 110 
43 110 68 51 112 
44 111 110 112 52 
45 43 91 113 114 
46 113 96 67 115 
47 114 113 115 68 
48 88 118 116 117 
49 118 72 100 116 
50 116 100 59 119 
51 117 116 119 91 
52 120 122 95 123 
53 121 120 123 96 
54 100 126 124 125 
55 125 124 128 59 
56 12 131 129 130 
57 131 7 132 129 
58 129 132 13 25 
59 130 129 25 10 
60 25 135 133 134 
61 135 13 136 133 
62 133 136 26 41 
63 134 133 41 23 
64 41 139 137 138 
65 139 26 140 137 
66 137 140 42 57 
67 138 137 57 39 
68 57 143 141 142 
69 143 42 144 141 
70 141 144 58 73 
71 142 141 73 55 
72 55 147 145 146 
73 147 73 148 145 
74 145 148 71 101 
75 146 145 101 72 
76 72 151 149 150 
77 151 101 152 149 
78 150 149 126 100 
79 126 167 165 166 
80 167 99 168 165 
81 165 168 127 169 
82 166 165 169 124 
83 101 171 170 152 
84 171 71 172 170 
85 99 174 173 168 
86 174 162 175 173 
87 173 175 161 176 
88 168 173 176 127 
89 177 178 92 179 
90 97 177 179 69 
91 180 181 97 182 
92 122 180 182 95 
93 162 188 187 175 
94 188 102 189 187 
95 187 189 163 190 
96 175 187 190 161 
97 73 200 199 148 
98 200 58 201 199 
99 199 201 74 158 
100 148 199 158 71 
101 158 204 202 203 
102 204 74 205 202 
103 211 212 177 213 
104 181 211 213 97 
105 15 219 218 33 
106 219 17 220 218 
107 218 220 8 221 
108 33 218 221 18 
109 31 223 222 49 
110 223 33 224 222 
111 222 224 18 225 
112 49 222 225 34 
113 227 49 228 226 
114 226 228 34 229 
115 7 243 242 132 
116 243 16 244 242 
117 242 244 15 32 
118 132 242 32 13 
119 13 246 245 136 
120 246 32 247 245 
121 245 247 31 48 
122 136 245 48 26 
123 26 249 248 140 
124 249 48 250 248 
125 248 250 47 64 
126 140 248 64 42 
127 42 252 251 144 
128 252 64 253 251 
129 251 253 63 154 
130 144 251 154 58 
131 58 255 254 201 
132 255 154 256 254 
133 254 256 153 192 
134 201 254 192 74 
135 192 259 257 258 
136 259 153 260 257 
137 18 221 261 45 
138 221 8 262 261 
139 261 262 29 263 
140 45 261 263 28 
141 34 225 264 61 
142 225 18 265 264 
143 264 265 45 266 
144 61 264 266 44 
145 229 34 268 267 
146 267 268 61 269 
147 93 267 269 60 
148 270 271 93 272 
149 178 270 272 92 
150 273 274 178 275 
151 212 273 275 177 
152 239 282 280 281 
153 282 193 283 280 
154 280 283 240 284 
155 281 280 284 238 
156 154 286 285 256 
157 286 63 287 285 
158 285 287 155 235 
159 256 285 235 153 
160 153 289 288 260 
161 289 235 290 288 
162 277 301 299 300 
163 301 234 302 299 
164 299 302 278 303 
165 300 299 303 276 
166 235 305 304 290 
167 305 155 306 304 
168 234 308 307 302 
169 302 307 310 278 
170 311 312 270 313 
171 274 311 313 178 
172 236 315 314 297 
173 315 291 316 314 
174 314 316 294 317 
175 297 314 317 66 
176 319 236 320 318 
177 318 320 297 321 
178 64 323 322 253 
179 323 47 324 322 
180 322 324 65 231 
181 253 322 231 63 
182 63 326 325 287 
183 326 231 327 325 
184 325 327 230 292 
185 287 325 292 155 
186 155 329 328 306 
187 329 292 330 328 
188 328 330 291 315 
189 306 328 315 236 
190 304 333 331 332 
191 333 306 334 331 
192 331 334 236 319 
193 332 331 319 296 
194 296 337 335 336 
195 337 319 338 335 
196 335 338 318 339 
197 341 226 342 340 
198 340 342 229 343 
199 230 345 344 293 
200 345 232 346 344 
201 344 346 50 347 
202 293 344 347 233 
203 349 293 350 348 
204 348 350 233 351 
205 316 348 351 294 
206 74 353 352 205 
207 353 192 258 352 
208 205 361 359 360 
209 361 352 362 359 
210 359 362 215 356 
211 360 359 356 159 
212 364 191 365 363 
213 363 365 216 366 
214 356 369 367 368 
215 369 215 370 367 
216 352 373 372 362 
217 373 258 374 372 
218 372 374 191 364 
219 362 372 364 215 
220 215 376 375 370 
221 376 364 377 375 
222 375 377 363 378 
223 370 375 378 357 
224 5 217 379 380 
225 217 194 381 379 
226 379 381 211 382 
227 380 379 382 181 
228 197 358 383 384 
229 358 214 385 383 
230 383 385 217 386 
231 384 383 386 5 
232 354 371 387 388 
233 371 357 389 387 
234 387 389 214 390 
235 388 387 390 358 
236 367 393 391 392 
237 393 370 394 391 
238 391 394 357 395 
239 392 391 395 371 
240 159 401 399 400 
241 401 356 368 399 
242 368 405 403 404 
243 405 367 392 403 
244 403 392 371 406 
245 404 403 406 354 
246 355 402 407 408 
247 402 354 388 407 
248 407 388 358 409 
249 408 407 409 197 
250 399 412 410 411 
251 412 368 404 410 
252 410 404 354 413 
253 411 410 413 402 
254 202 416 414 415 
255 416 205 360 414 
256 414 360 159 397 
257 415 414 397 196 
258 397 419 417 418 
259 419 159 400 417 
260 418 417 420 396 
261 160 198 421 422 
262 198 5 380 421 
263 421 380 181 423 
264 422 421 423 180 
265 195 398 424 425 
266 398 197 384 424 
267 424 384 5 426 
268 425 424 426 198 
269 396 420 427 428 
270 420 355 408 427 
271 427 408 197 429 
272 428 427 429 398 
273 417 432 430 431 
274 432 400 433 430 
275 430 433 355 434 
276 431 430 434 420 
277 71 436 435 172 
278 436 158 203 435 
279 203 439 437 438 
280 439 202 415 437 
281 437 415 196 208 
282 208 442 440 441 
283 442 196 443 440 
284 440 443 209 444 
285 441 440 444 206 
286 157 451 449 450 
287 451 208 441 449 
288 449 441 206 452 
289 435 455 453 454 
290 455 203 438 453 
291 447 458 456 457 
292 458 157 450 456 
293 456 450 207 459 
294 457 456 459 445 
295 185 210 460 461 
296 210 195 425 460 
297 460 425 198 462 
298 461 460 462 160 
299 207 452 463 464 
300 452 206 465 463 
301 463 465 210 466 
302 464 463 466 185 
303 450 469 467 468 
304 469 449 470 467 
305 467 470 452 471 
306 468 467 471 207 
307 75 186 479 480 
308 186 160 422 479 
309 479 422 180 481 
310 480 479 481 122 
311 183 448 482 483 
312 448 185 461 482 
313 482 461 160 484 
314 483 482 484 186 
315 446 478 485 486 
316 478 445 487 485 
317 485 487 448 488 
318 486 485 488 183 
319 475 491 489 490 
320 491 457 492 489 
321 489 492 445 493 
322 490 489 493 478 
323 172 496 494 495 
324 496 435 454 494 
325 163 474 501 502 
326 474 183 483 501 
327 501 483 186 503 
328 502 501 503 75 
329 472 500 504 505 
330 500 446 486 504 
331 504 486 183 506 
332 505 504 506 474 
333 497 509 507 508 
334 509 476 510 507 
335 507 510 446 511 
336 508 507 511 500 
337 102 514 512 513 
338 513 512 515 189 
339 518 497 508 516 
340 516 508 500 519 
341 517 516 519 472 
342 189 515 520 521 
343 515 472 505 520 
344 520 505 474 522 
345 521 520 522 163 
346 512 525 523 524 
347 523 517 472 526 
348 524 523 526 515 
349 170 529 527 528 
350 529 172 495 527 
351 527 495 102 188 
352 528 527 188 162 
353 495 532 530 531 
354 532 494 533 530 
355 530 533 473 514 
356 531 530 514 102 
357 514 536 534 535 
358 536 473 537 534 
359 535 534 525 512 
360 525 540 538 539 
361 538 541 517 542 
362 539 538 542 523 
363 494 544 543 533 
364 544 454 545 543 
365 543 545 184 499 
366 533 543 499 473 
367 473 547 546 537 
368 547 499 548 546 
369 546 548 497 518 
370 534 551 549 550 
371 551 537 552 549 
372 549 552 498 540 
373 550 549 540 525 
374 498 554 553 541 
375 554 518 555 553 
376 553 555 516 556 
377 541 553 556 517 
378 540 559 557 558 
379 559 498 560 557 
380 557 560 541 561 
381 558 557 561 538 
382 563 277 300 562 
383 562 300 276 564 
384 283 562 564 240 
385 260 567 565 566 
386 567 288 568 565 
387 565 568 277 563 
388 566 565 563 193 
389 193 571 569 570 
390 571 563 572 569 
391 569 572 562 573 
392 570 569 573 283 
393 290 576 574 575 
394 576 304 332 574 
395 574 332 296 308 
396 575 574 308 234 
397 308 579 577 578 
398 579 296 336 577 
399 577 336 309 580 
400 578 577 580 307 
401 237 298 581 582 
402 298 66 583 581 
403 581 583 274 584 
404 582 581 584 273 
405 295 321 585 586 
406 321 297 587 585 
407 585 587 66 588 
408 586 585 588 298 
409 309 339 589 590 
410 339 318 591 589 
411 589 591 321 592 
412 590 589 592 295 
413 336 595 593 594 
414 595 335 596 593 
415 593 596 339 597 
416 594 593 597 309 
417 292 599 598 330 
418 599 230 600 598 
419 598 600 293 349 
420 330 598 349 291 
421 291 603 601 602 
422 603 349 604 601 
423 601 604 348 605 
424 602 601 605 316 
425 343 229 607 606 
426 606 607 267 608 
427 271 606 608 93 
428 50 611 609 610 
429 611 343 612 609 
430 609 612 606 613 
431 610 609 613 271 
432 1 616 614 615 
433 616 12 130 614 
434 614 130 10 78 
435 615 614 78 11 
436 16 618 617 244 
437 618 2 619 617 
438 617 619 17 219 
439 244 617 219 15 
440 10 622 620 621 
441 622 25 134 620 
442 620 134 23 82 
443 621 620 82 24 
444 32 624 623 247 
445 624 15 625 623 
446 623 625 33 223 
447 247 623 223 31 
448 23 628 626 627 
449 628 41 138 626 
450 626 138 39 86 
451 627 626 86 40 
452 48 630 629 250 
453 630 31 631 629 
454 629 631 49 227 
455 250 629 227 47 
456 39 634 632 633 
457 634 57 142 632 
458 632 142 55 90 
459 633 632 90 56 
460 90 637 635 636 
461 637 55 146 635 
462 635 146 72 118 
463 636 635 118 88 
464 91 119 638 639 
465 119 59 121 638 
466 638 121 96 640 
467 639 638 640 113 
468 103 164 641 642 
469 164 75 480 641 
470 641 480 122 643 
471 642 641 643 120 
472 161 190 644 645 
473 190 163 502 644 
474 644 502 75 646 
475 645 644 646 164 
476 127 176 647 648 
477 176 161 645 647 
478 647 645 164 649 
479 648 647 649 103 
480 152 652 650 651 
481 652 170 528 650 
482 650 528 162 174 
483 651 650 174 99 
484 206 444 653 465 
485 444 209 654 653 
486 653 654 195 655 
487 465 653 655 210 
488 194 241 656 381 
489 241 156 657 656 
490 656 657 212 658 
491 381 656 658 211 
492 214 366 659 385 
493 366 216 660 659 
494 659 660 194 661 
495 385 659 661 217 
496 47 663 662 324 
497 663 227 664 662 
498 662 664 226 341 
499 324 662 341 65 
500 231 666 665 327 
501 666 65 667 665 
502 665 667 232 345 
503 327 665 345 230 
504 191 669 668 365 
505 669 239 281 668 
506 668 281 238 670 
507 365 668 670 216 
508 216 670 671 660 
509 670 238 672 671 
510 671 672 241 673 
511 660 671 673 194 
512 257 676 674 675 
513 676 260 566 674 
514 674 566 193 282 
515 675 674 282 239 
516 258 678 677 374 
517 678 257 675 677 
518 677 675 239 669 
519 374 677 669 191 
520 233 347 679 312 
521 347 50 610 679 
522 679 610 271 680 
523 312 679 680 270 
524 156 279 681 657 
525 279 237 582 681 
526 681 582 273 682 
527 657 681 682 212 
528 288 684 683 568 
529 684 290 575 683 
530 683 575 234 301 
531 568 683 301 277 
532 278 310 685 686 
533 310 295 586 685 
534 685 586 298 687 
535 686 685 687 237 
536 307 580 688 689 
537 580 309 590 688 
538 688 590 295 690 
539 689 688 690 310 
540 66 317 691 583 
541 317 294 692 691 
542 691 692 311 693 
543 583 691 693 274 
544 294 351 694 692 
545 351 233 695 694 
546 694 695 312 696 
547 692 694 696 311 
548 232 698 697 346 
549 698 340 699 697 
550 697 699 343 611 
551 346 697 611 50 
552 357 378 700 389 
553 378 363 701 700 
554 700 701 366 702 
555 389 700 702 214 
556 196 704 703 443 
557 704 397 418 703 
558 703 418 396 705 
559 443 703 705 209 
560 209 705 706 654 
561 705 396 428 706 
562 706 428 398 707 
563 654 706 707 195 
564 400 709 708 433 
565 709 399 411 708 
566 708 411 402 710 
567 433 708 710 355 
568 445 459 711 487 
569 459 207 464 711 
570 711 464 185 712 
571 487 711 712 448 
572 454 714 713 545 
573 714 453 715 713 
574 713 715 447 477 
575 545 713 477 184 
576 476 717 716 510 
577 717 475 490 716 
578 716 490 478 718 
579 510 716 718 446 
580 499 720 719 548 
581 720 184 721 719 
582 719 721 476 509 
583 548 719 509 497 
584 537 723 722 552 
585 723 546 724 722 
586 722 724 518 554 
587 552 722 554 498 
588 59 128 725 726 
589 128 103 642 725 
590 725 642 120 727 
591 726 725 727 121 
592 124 169 728 729 
593 169 127 648 728 
594 728 648 103 730 
595 729 728 730 128 
596 149 733 731 732 
597 733 152 651 731 
598 731 651 99 167 
599 732 731 167 126 
600 238 284 734 672 
601 284 240 735 734 
602 734 735 156 736 
603 672 734 736 241 
604 276 303 737 738 
605 303 278 686 737 
606 737 686 237 739 
607 738 737 739 279 
608 240 564 740 735 
609 564 276 738 740 
610 740 738 279 741 
611 735 740 741 156 
612 65 743 742 667 
613 743 341 744 742 
614 742 744 340 698 
615 667 742 698 232 
616 453 746 745 715 
617 746 438 747 745 
618 745 747 157 458 
619 715 745 458 447 
620 184 749 748 721 
621 749 477 750 748 
622 748 750 475 717 
623 721 748 717 476 
624 477 752 751 750 
625 752 447 753 751 
626 751 753 457 491 
627 750 751 491 475 
628 438 755 754 747 
629 755 437 756 754 
630 754 756 208 451 
631 747 754 451 157 
