2 0.000000 100.000000 410.334720
822 688 
1 -504.020754 0.000000 -507.020754 99.021221 0.000000 13.919111 0.000106 
2 604.824905 0.000000 -507.020754 99.024208 0.000000 13.884946 0.000141 
3 604.824905 0.000000 517.207809 99.039673 0.000000 13.862540 -0.000103 
4 -504.020754 0.000000 517.207809 99.033731 0.000000 13.918495 -0.000140 
5 50.402075 0.000000 5.093528 103.631118 0.000000 -2.888277 -0.074775 
6 -504.020754 0.000000 5.093528 99.028034 0.000000 13.925615 -0.000047 
7 50.402075 0.000000 -507.020754 99.008465 0.000000 13.899268 0.000413 
8 604.824905 0.000000 5.093528 99.201801 0.000000 12.661036 -0.000130 
9 50.402075 0.000000 517.207809 99.049641 0.000000 13.895128 -0.000391 
10 -226.809339 0.000000 -250.963613 99.004226 0.000000 13.924692 0.000427 
11 -504.020754 0.000000 -250.963613 99.021981 0.000000 13.922916 0.000080 
12 -226.809339 0.000000 -507.020754 99.014146 0.000000 13.915106 0.000257 
13 50.402075 0.000000 -250.963613 98.953412 0.000000 13.845462 0.001653 
14 -226.809339 0.000000 5.093528 99.032126 0.000000 13.950793 -0.000199 
15 327.613490 0.000000 -250.963613 99.016355 0.000000 13.788669 0.000563 
16 327.613490 0.000000 -507.020754 99.016382 0.000000 13.885382 0.000295 
17 604.824905 0.000000 -250.963613 99.033660 0.000000 13.815524 0.000147 
18 327.613490 0.000000 5.093528 99.363312 0.000000 11.480278 -0.000486 
19 -226.809339 0.000000 261.150668 99.054265 0.000000 13.921901 -0.000557 
20 -504.020754 0.000000 261.150668 99.033621 0.000000 13.922346 -0.000149 
21 50.402075 0.000000 261.150668 99.113305 0.000000 13.833901 -0.001482 
22 -226.809339 0.000000 517.207809 99.041834 0.000000 13.913511 -0.000287 
23 -88.203632 0.000000 -122.935043 98.934935 0.000000 13.950782 0.001725 
24 -226.809339 0.000000 -122.935043 99.007420 0.000000 13.940158 0.000320 
25 -88.203632 0.000000 -250.963613 98.975695 0.000000 13.908540 0.001036 
26 50.402075 0.000000 -122.935043 98.749416 0.000000 13.656685 0.006205 
27 -88.203632 0.000000 5.093528 99.051916 0.000000 14.073729 -0.000935 
28 327.613490 0.000000 261.150668 99.074387 0.000000 13.719169 -0.000395 
29 604.824905 0.000000 261.150668 99.069505 0.000000 13.643023 -0.000090 
30 327.613490 0.000000 517.207809 99.045098 0.000000 13.874304 -0.000243 
31 189.007783 0.000000 -122.935043 98.977826 0.000000 13.435308 0.002288 
32 189.007783 0.000000 -250.963613 98.985126 0.000000 13.790682 0.001176 
33 327.613490 0.000000 -122.935043 99.051238 0.000000 13.531127 0.000576 
34 189.007783 0.000000 5.093528 98.785865 0.000000 14.874018 0.002012 
35 -88.203632 0.000000 133.122098 99.133820 0.000000 13.936779 -0.002175 
36 -226.809339 0.000000 133.122098 99.054180 0.000000 13.937193 -0.000598 
37 50.402075 0.000000 133.122098 99.328101 0.000000 13.640074 -0.005212 
38 -88.203632 0.000000 261.150668 99.085220 0.000000 13.902348 -0.001116 
39 -18.900778 0.000000 -58.920758 98.666085 0.000000 14.037055 0.006796 
40 -88.203632 0.000000 -58.920758 98.942719 0.000000 14.028823 0.001353 
41 -18.900778 0.000000 -122.935043 98.811116 0.000000 13.897565 0.004322 
42 50.402075 0.000000 -58.920758 98.108311 0.000000 13.154463 0.020172 
43 -18.900778 0.000000 5.093528 99.250208 0.000000 14.583471 -0.006328 
44 189.007783 0.000000 133.122098 99.184126 0.000000 13.310455 -0.001466 
45 327.613490 0.000000 133.122098 99.147244 0.000000 13.167496 -0.000356 
46 189.007783 0.000000 261.150668 99.095274 0.000000 13.759289 -0.000919 
47 119.704929 0.000000 -58.920758 98.832611 0.000000 12.542840 0.007479 
48 119.704929 0.000000 -122.935043 98.857663 0.000000 13.447178 0.004634 
49 189.007783 0.000000 -58.920758 99.073725 0.000000 12.709291 0.002287 
50 119.704929 0.000000 5.093528 94.827254 0.000000 27.621639 0.024484 
51 -18.900778 0.000000 69.107813 99.411047 0.000000 13.970118 -0.007772 
52 -88.203632 0.000000 69.107813 99.139705 0.000000 14.005439 -0.002483 
53 50.402075 0.000000 69.107813 99.877011 0.000000 13.244372 -0.015083 
54 -18.900778 0.000000 133.122098 99.254791 0.000000 13.875273 -0.004404 
55 15.750649 0.000000 -26.913615 97.790980 0.000000 13.721701 0.024864 
56 -18.900778 0.000000 -26.913615 98.636183 0.000000 14.281763 0.006693 
57 15.750649 0.000000 -58.920758 98.306920 0.000000 13.813920 0.014493 
58 50.402075 0.000000 -26.913615 96.731797 0.000000 12.448765 0.048799 
59 15.750649 0.000000 5.093528 101.504228 0.000000 8.099929 -0.036872 
60 119.704929 0.000000 69.107813 99.376436 0.000000 12.545596 -0.003307 
61 189.007783 0.000000 69.107813 99.227577 0.000000 12.714927 -0.000778 
62 119.704929 0.000000 133.122098 99.258615 0.000000 13.416532 -0.003228 
63 85.053502 0.000000 -26.913615 98.320555 0.000000 10.825488 0.021588 
64 85.053502 0.000000 -58.920758 98.456552 0.000000 12.618818 0.014707 
65 119.704929 0.000000 -26.913615 98.997615 0.000000 11.724010 0.006202 
66 85.053502 0.000000 5.093528 101.021016 0.000000 6.693379 -0.025005 
67 15.750649 0.000000 37.100670 100.150234 0.000000 13.824017 -0.022117 
68 -18.900778 0.000000 37.100670 99.484211 0.000000 14.151366 -0.009737 
69 50.402075 0.000000 37.100670 100.793173 0.000000 12.762441 -0.032214 
70 15.750649 0.000000 69.107813 99.694866 0.000000 13.750094 -0.012813 
71 33.076362 0.000000 -10.910044 91.596358 0.000000 0.573396 0.160978 
72 15.750649 0.000000 -10.910044 97.012290 0.000000 10.884636 0.047014 
73 33.076362 0.000000 -26.913615 97.376346 0.000000 13.282054 0.034143 
74 50.402075 0.000000 -10.910044 105.236033 0.000000 -3.488472 -0.108679 
75 33.076362 0.000000 5.093528 91.542980 0.000000 0.609474 0.161951 
76 -365.415047 0.000000 -122.935043 99.020770 0.000000 13.929842 0.000085 
77 -504.020754 0.000000 -122.935043 99.024387 0.000000 13.924891 0.000027 
78 -365.415047 0.000000 -250.963613 99.016890 0.000000 13.924739 0.000176 
79 -365.415047 0.000000 5.093528 99.029045 0.000000 13.932121 -0.000086 
80 -157.506486 0.000000 -58.920758 99.002898 0.000000 13.968453 0.000331 
81 -226.809339 0.000000 -58.920758 99.017300 0.000000 13.948097 0.000102 
82 -157.506486 0.000000 -122.935043 98.986838 0.000000 13.947714 0.000707 
83 -157.506486 0.000000 5.093528 99.036822 0.000000 13.977095 -0.000365 
84 -53.552205 0.000000 -26.913615 98.926158 0.000000 14.142010 0.001362 
85 -88.203632 0.000000 -26.913615 98.986780 0.000000 14.063420 0.000384 
86 -53.552205 0.000000 -58.920758 98.862981 0.000000 14.049849 0.002871 
87 -53.552205 0.000000 5.093528 99.076976 0.000000 14.177759 -0.001726 
88 -1.575065 0.000000 -10.910044 97.276743 0.000000 14.298791 0.033278 
89 -18.900778 0.000000 -10.910044 98.776742 0.000000 14.522525 0.003225 
90 -1.575065 0.000000 -26.913615 98.208562 0.000000 14.150016 0.015486 
91 -1.575065 0.000000 5.093528 101.782357 0.000000 14.629179 -0.057366 
92 85.053502 0.000000 37.100670 100.088131 0.000000 11.555438 -0.015116 
93 119.704929 0.000000 37.100670 98.625372 0.000000 12.272510 0.012242 
94 85.053502 0.000000 69.107813 99.707233 0.000000 12.714015 -0.010318 
95 33.076362 0.000000 21.097099 101.016067 0.000000 13.195665 -0.037837 
96 15.750649 0.000000 21.097099 100.534266 0.000000 13.593177 -0.029191 
97 50.402075 0.000000 21.097099 101.658508 0.000000 12.421603 -0.048875 
98 33.076362 0.000000 37.100670 100.543229 0.000000 13.416060 -0.028893 
99 24.413505 0.000000 -2.908258 96.585921 0.000000 0.578342 0.067083 
100 15.750649 0.000000 -2.908258 96.384539 0.000000 3.047629 0.070073 
101 24.413505 0.000000 -10.910044 97.448586 0.000000 10.508788 0.039334 
102 33.076362 0.000000 -2.908258 96.150081 0.000000 0.181530 0.075513 
103 24.413505 0.000000 5.093528 100.714399 0.000000 7.750503 -0.020346 
104 -365.415047 0.000000 133.122098 99.036836 0.000000 13.928958 -0.000231 
105 -504.020754 0.000000 133.122098 99.031541 0.000000 13.924534 -0.000114 
106 -365.415047 0.000000 261.150668 99.039795 0.000000 13.923541 -0.000275 
107 -157.506486 0.000000 69.107813 99.067680 0.000000 13.963336 -0.000938 
108 -226.809339 0.000000 69.107813 99.046120 0.000000 13.946136 -0.000463 
109 -157.506486 0.000000 133.122098 99.078540 0.000000 13.941434 -0.001092 
110 -53.552205 0.000000 37.100670 99.198816 0.000000 14.104338 -0.003934 
111 -88.203632 0.000000 37.100670 99.109877 0.000000 14.047736 -0.002011 
112 -53.552205 0.000000 69.107813 99.228647 0.000000 14.012701 -0.004268 
113 -1.575065 0.000000 21.097099 100.026031 0.000000 14.174936 -0.020614 
114 -18.900778 0.000000 21.097099 99.470260 0.000000 14.336358 -0.009986 
115 -1.575065 0.000000 37.100670 99.779222 0.000000 14.061971 -0.015363 
116 7.087792 0.000000 -2.908258 93.828663 0.000000 4.123597 0.117918 
117 -1.575065 0.000000 -2.908258 94.600033 0.000000 17.633559 0.073989 
118 7.087792 0.000000 -10.910044 96.499074 0.000000 12.291602 0.053685 
119 7.087792 0.000000 5.093528 102.795707 0.000000 10.034339 -0.066765 
120 24.413505 0.000000 13.095313 100.750422 0.000000 12.174009 -0.029885 
121 15.750649 0.000000 13.095313 100.842663 0.000000 12.525447 -0.032613 
122 33.076362 0.000000 13.095313 101.078215 0.000000 12.401144 -0.037059 
123 24.413505 0.000000 21.097099 100.692917 0.000000 13.345754 -0.031717 
124 20.082077 0.000000 1.092635 101.131777 0.000000 3.014488 -0.023672 
125 15.750649 0.000000 1.092635 101.770454 0.000000 3.326053 -0.036829 
126 20.082077 0.000000 -2.908258 97.011946 0.000000 2.740849 0.058117 
127 24.413505 0.000000 1.092635 100.693379 0.000000 2.989804 -0.014810 
128 20.082077 0.000000 5.093528 101.014475 0.000000 7.724491 -0.026359 
129 -88.203632 0.000000 -378.992184 98.998997 0.000000 13.906571 0.000581 
130 -226.809339 0.000000 -378.992184 99.009277 0.000000 13.917473 0.000347 
131 -88.203632 0.000000 -507.020754 99.009973 0.000000 13.908734 0.000357 
132 50.402075 0.000000 -378.992184 98.994130 0.000000 13.885178 0.000736 
133 -18.900778 0.000000 -186.949328 98.913230 0.000000 13.879768 0.002353 
134 -88.203632 0.000000 -186.949328 98.956123 0.000000 13.918246 0.001397 
135 -18.900778 0.000000 -250.963613 98.959130 0.000000 13.883008 0.001435 
136 50.402075 0.000000 -186.949328 98.890498 0.000000 13.794071 0.003039 
137 15.750649 0.000000 -90.927900 98.615218 0.000000 13.764912 0.008557 
138 -18.900778 0.000000 -90.927900 98.752267 0.000000 13.926632 0.005404 
139 15.750649 0.000000 -122.935043 98.763074 0.000000 13.798162 0.005547 
140 50.402075 0.000000 -90.927900 98.558309 0.000000 13.498982 0.010404 
141 33.076362 0.000000 -42.917186 97.785544 0.000000 13.462584 0.025675 
142 15.750649 0.000000 -42.917186 98.092003 0.000000 13.835352 0.018654 
143 33.076362 0.000000 -58.920758 98.168423 0.000000 13.515447 0.018029 
144 50.402075 0.000000 -42.917186 97.651323 0.000000 12.875687 0.029844 
145 24.413505 0.000000 -18.911829 97.498036 0.000000 12.877552 0.032830 
146 15.750649 0.000000 -18.911829 97.522749 0.000000 13.209411 0.031482 
147 24.413505 0.000000 -26.913615 97.552218 0.000000 13.575141 0.029928 
148 33.076362 0.000000 -18.911829 97.161954 0.000000 12.975656 0.039119 
149 20.082077 0.000000 -6.909151 97.143510 0.000000 7.521950 0.050656 
150 15.750649 0.000000 -6.909151 96.649359 0.000000 7.927532 0.059606 
151 20.082077 0.000000 -10.910044 97.296539 0.000000 10.554437 0.042199 
152 24.413505 0.000000 -6.909151 97.441398 0.000000 7.517833 0.044866 
153 67.727789 0.000000 -10.910044 96.289903 0.000000 8.754103 0.065162 
154 67.727789 0.000000 -26.913615 97.279557 0.000000 11.311423 0.040874 
155 85.053502 0.000000 -10.910044 97.949859 0.000000 6.616908 0.036204 
156 67.727789 0.000000 5.093528 100.813193 0.000000 8.147873 -0.022969 
157 41.739219 0.000000 -2.908258 89.980337 0.000000 0.597086 0.190318 
158 41.739219 0.000000 -10.910044 92.262727 0.000000 1.288205 0.148593 
159 50.402075 0.000000 -2.908258 109.805492 0.000000 -0.975835 -0.205820 
160 41.739219 0.000000 5.093528 94.238123 0.000000 1.661011 0.111642 
161 28.744934 0.000000 1.092635 96.977860 0.000000 0.158049 0.059527 
162 28.744934 0.000000 -2.908258 97.068048 0.000000 0.151082 0.057777 
163 33.076362 0.000000 1.092635 95.355986 0.000000 0.238803 0.090718 
164 28.744934 0.000000 5.093528 91.531425 0.000000 0.563721 0.162168 
165 22.247791 0.000000 -0.907812 99.066057 0.000000 0.000000 0.018592 
166 20.082077 0.000000 -0.907812 99.074191 0.000000 -0.000054 0.018430 
167 22.247791 0.000000 -2.908258 97.280491 0.000000 2.620120 0.052964 
168 24.413505 0.000000 -0.907812 99.000038 0.000000 0.010758 0.019899 
169 22.247791 0.000000 1.092635 100.857567 0.000000 2.905204 -0.018069 
170 28.744934 0.000000 -6.909151 91.550393 0.000000 0.563843 0.161821 
171 28.744934 0.000000 -10.910044 96.585756 0.000000 0.578446 0.067086 
172 33.076362 0.000000 -6.909151 91.506012 0.000000 0.694969 0.162617 
173 26.579219 0.000000 -0.907812 98.648614 0.000000 0.027549 0.026845 
174 26.579219 0.000000 -2.908258 97.382113 0.000000 0.123977 0.051671 
175 28.744934 0.000000 -0.907812 98.411614 0.000000 0.042185 0.031515 
176 26.579219 0.000000 1.092635 97.605838 0.000000 0.148102 0.047308 
177 67.727789 0.000000 21.097099 101.090351 0.000000 11.486416 -0.035120 
178 85.053502 0.000000 21.097099 100.704726 0.000000 11.114196 -0.026497 
179 67.727789 0.000000 37.100670 100.604005 0.000000 12.068911 -0.026682 
180 41.739219 0.000000 13.095313 101.758911 0.000000 12.464266 -0.051023 
181 50.402075 0.000000 13.095313 102.267582 0.000000 11.887408 -0.059997 
182 41.739219 0.000000 21.097099 101.463337 0.000000 12.957343 -0.046270 
183 37.407790 0.000000 1.092635 87.245225 0.000000 0.512505 0.238801 
184 37.407790 0.000000 -2.908258 87.662090 0.000000 0.507763 0.231510 
185 41.739219 0.000000 1.092635 90.425086 0.000000 0.402179 0.182314 
186 37.407790 0.000000 5.093528 92.160135 0.000000 1.169000 0.150514 
187 30.910648 0.000000 -0.907812 98.306713 0.000000 0.041464 0.033579 
188 30.910648 0.000000 -2.908258 96.873504 0.000000 0.162717 0.061550 
189 33.076362 0.000000 -0.907812 96.963371 0.000000 0.099416 0.059809 
190 30.910648 0.000000 1.092635 96.795082 0.000000 0.169213 0.063068 
191 59.064932 0.000000 -2.908258 101.433561 0.000000 -1.563734 -0.029121 
192 59.064932 0.000000 -10.910044 110.296437 0.000000 -10.553968 -0.227669 
193 67.727789 0.000000 -2.908258 98.270909 0.000000 0.000000 0.034283 
194 59.064932 0.000000 5.093528 109.358308 0.000000 -6.907808 -0.200696 
195 46.070647 0.000000 1.092635 99.842167 0.000000 -0.498580 0.003129 
196 46.070647 0.000000 -2.908258 99.299313 0.000000 0.083971 0.013964 
197 50.402075 0.000000 1.092635 109.681190 0.000000 -0.989197 -0.203094 
198 46.070647 0.000000 5.093528 99.422773 0.000000 -1.425707 0.011308 
199 41.739219 0.000000 -18.911829 96.602668 0.000000 12.868328 0.050233 
200 41.739219 0.000000 -26.913615 96.961137 0.000000 13.046986 0.042831 
201 50.402075 0.000000 -18.911829 96.086518 0.000000 12.207988 0.061835 
202 46.070647 0.000000 -6.909151 99.331701 0.000000 -1.382026 0.013130 
203 41.739219 0.000000 -6.909151 95.487035 0.000000 1.473366 0.088006 
204 46.070647 0.000000 -10.910044 99.330858 0.000000 1.087591 0.013220 
205 50.402075 0.000000 -6.909151 102.491522 0.000000 -2.719699 -0.051191 
206 43.904933 0.000000 -0.907812 91.557420 0.000000 0.193399 0.161720 
207 41.739219 0.000000 -0.907812 89.411630 0.000000 0.356354 0.200543 
208 43.904933 0.000000 -2.908258 94.241416 0.000000 0.305271 0.111846 
209 46.070647 0.000000 -0.907812 99.762840 0.000000 0.459876 0.004716 
210 43.904933 0.000000 1.092635 94.351199 0.000000 -0.453589 0.109765 
211 59.064932 0.000000 13.095313 101.829657 0.000000 11.212534 -0.049500 
212 67.727789 0.000000 13.095313 101.164172 0.000000 11.107783 -0.035757 
213 59.064932 0.000000 21.097099 101.463466 0.000000 11.776162 -0.043351 
214 54.733504 0.000000 1.092635 104.985022 0.000000 -1.665032 -0.102463 
215 54.733504 0.000000 -2.908258 104.964681 0.000000 -1.644934 -0.102029 
216 59.064932 0.000000 1.092635 101.820880 0.000000 -1.765348 -0.037061 
217 54.733504 0.000000 5.093528 107.129792 0.000000 -4.687297 -0.149876 
218 466.219197 0.000000 -122.935043 99.059007 0.000000 13.607367 0.000215 
219 466.219197 0.000000 -250.963613 99.029185 0.000000 13.801997 0.000273 
220 604.824905 0.000000 -122.935043 99.057000 0.000000 13.662822 0.000104 
221 466.219197 0.000000 5.093528 99.273553 0.000000 12.141655 -0.000266 
222 258.310636 0.000000 -58.920758 99.124064 0.000000 12.905918 0.000786 
223 258.310636 0.000000 -122.935043 99.033982 0.000000 13.488315 0.001034 
224 327.613490 0.000000 -58.920758 99.126832 0.000000 13.056151 0.000341 
225 258.310636 0.000000 5.093528 99.343327 0.000000 11.550653 -0.000251 
226 154.356356 0.000000 -26.913615 99.093069 0.000000 11.717371 0.004327 
227 154.356356 0.000000 -58.920758 98.998560 0.000000 12.618588 0.004006 
228 189.007783 0.000000 -26.913615 99.200561 0.000000 11.819397 0.001955 
229 154.356356 0.000000 5.093528 97.263238 0.000000 21.617386 0.007255 
230 102.379216 0.000000 -10.910044 101.306893 0.000000 13.463868 -0.044436 
231 102.379216 0.000000 -26.913615 99.066261 0.000000 11.409403 0.005570 
232 119.704929 0.000000 -10.910044 98.653155 0.000000 13.144241 0.009478 
233 102.379216 0.000000 5.093528 92.028165 0.000000 23.532450 0.097704 
234 76.390646 0.000000 -2.908258 98.378718 0.000000 0.000000 0.032163 
235 76.390646 0.000000 -10.910044 96.605143 0.000000 7.937068 0.060445 
236 85.053502 0.000000 -2.908258 97.613065 0.000000 -6.482767 0.042966 
237 76.390646 0.000000 5.093528 101.258208 0.000000 8.313046 -0.032233 
238 63.396360 0.000000 1.092635 100.135084 0.000000 -1.517696 -0.002934 
239 63.396360 0.000000 -2.908258 99.915244 0.000000 -1.335029 0.001516 
240 67.727789 0.000000 1.092635 98.254791 0.000000 0.000000 0.034600 
241 63.396360 0.000000 5.093528 108.478164 0.000000 -12.727802 -0.192951 
242 189.007783 0.000000 -378.992184 99.002059 0.000000 13.865545 0.000634 
243 189.007783 0.000000 -507.020754 99.011285 0.000000 13.890362 0.000382 
244 327.613490 0.000000 -378.992184 99.014009 0.000000 13.858515 0.000417 
245 119.704929 0.000000 -186.949328 98.928934 0.000000 13.720431 0.002482 
246 119.704929 0.000000 -250.963613 98.964824 0.000000 13.810364 0.001524 
247 189.007783 0.000000 -186.949328 98.976444 0.000000 13.692973 0.001617 
248 85.053502 0.000000 -90.927900 98.667110 0.000000 13.247374 0.008931 
249 85.053502 0.000000 -122.935043 98.785284 0.000000 13.525376 0.005853 
250 119.704929 0.000000 -90.927900 98.830212 0.000000 13.145401 0.005979 
251 67.727789 0.000000 -42.917186 97.895701 0.000000 12.276621 0.026572 
252 67.727789 0.000000 -58.920758 98.226424 0.000000 12.807826 0.018753 
253 85.053502 0.000000 -42.917186 98.346930 0.000000 11.967222 0.018467 
254 59.064932 0.000000 -18.911829 96.249600 0.000000 11.177257 0.061108 
255 59.064932 0.000000 -26.913615 96.891250 0.000000 11.825908 0.047223 
256 67.727789 0.000000 -18.911829 96.830866 0.000000 10.501950 0.051349 
257 63.396360 0.000000 -6.909151 108.398183 0.000000 -12.750999 -0.191275 
258 59.064932 0.000000 -6.909151 109.276893 0.000000 -7.010360 -0.199058 
259 63.396360 0.000000 -10.910044 95.926070 0.000000 9.002058 0.071715 
260 67.727789 0.000000 -6.909151 96.100347 0.000000 6.510317 0.072234 
261 466.219197 0.000000 133.122098 99.164976 0.000000 12.972379 -0.000198 
262 604.824905 0.000000 133.122098 99.190551 0.000000 12.778144 -0.000205 
263 466.219197 0.000000 261.150668 99.067978 0.000000 13.685110 -0.000175 
264 258.310636 0.000000 69.107813 99.187809 0.000000 12.883281 -0.000420 
265 327.613490 0.000000 69.107813 99.104523 0.000000 13.440188 -0.000235 
266 258.310636 0.000000 133.122098 99.149596 0.000000 13.251678 -0.000625 
267 154.356356 0.000000 37.100670 98.725006 0.000000 14.331245 0.004799 
268 189.007783 0.000000 37.100670 98.773968 0.000000 15.600013 0.000034 
269 154.356356 0.000000 69.107813 99.238669 0.000000 12.653689 -0.000843 
270 102.379216 0.000000 21.097099 98.584941 0.000000 11.775630 0.014234 
271 119.704929 0.000000 21.097099 96.306155 0.000000 15.479270 0.048552 
272 102.379216 0.000000 37.100670 99.375862 0.000000 11.453898 -0.000675 
273 76.390646 0.000000 13.095313 100.966874 0.000000 11.175386 -0.031920 
274 85.053502 0.000000 13.095313 100.924068 0.000000 11.106909 -0.030903 
275 76.390646 0.000000 21.097099 100.761650 0.000000 11.427606 -0.028350 
276 72.059217 0.000000 1.092635 98.238470 0.000000 0.000000 0.034920 
277 72.059217 0.000000 -2.908258 98.231460 0.000000 0.000000 0.035058 
278 76.390646 0.000000 1.092635 98.378707 0.000000 0.000000 0.032163 
279 72.059217 0.000000 5.093528 100.768630 0.000000 8.377523 -0.022450 
280 65.562075 0.000000 -0.907812 98.466966 0.000000 -0.469319 0.030404 
281 63.396360 0.000000 -0.907812 99.072007 0.000000 -0.555833 0.018443 
282 65.562075 0.000000 -2.908258 98.736895 0.000000 -1.388105 0.024910 
283 67.727789 0.000000 -0.907812 98.277445 0.000000 0.000000 0.034154 
284 65.562075 0.000000 1.092635 98.828950 0.000000 -1.690340 0.022998 
285 76.390646 0.000000 -18.911829 97.384882 0.000000 10.051896 0.041514 
286 76.390646 0.000000 -26.913615 97.838718 0.000000 11.054528 0.030538 
287 85.053502 0.000000 -18.911829 98.214768 0.000000 9.727940 0.025923 
288 72.059217 0.000000 -6.909151 96.150970 0.000000 6.277175 0.071559 
289 72.059217 0.000000 -10.910044 96.514317 0.000000 8.401460 0.061440 
290 76.390646 0.000000 -6.909151 95.920762 0.000000 5.706896 0.076664 
291 93.716359 0.000000 -2.908258 92.455254 0.000000 -12.444598 0.129716 
292 93.716359 0.000000 -10.910044 101.272508 0.000000 7.675789 -0.031504 
293 102.379216 0.000000 -2.908258 94.875762 0.000000 35.930520 -0.029241 
294 93.716359 0.000000 5.093528 94.181722 0.000000 11.664945 0.099373 
295 80.722074 0.000000 1.092635 98.416437 0.000000 -4.704229 0.029208 
296 80.722074 0.000000 -2.908258 98.441452 0.000000 -4.705425 0.028714 
297 85.053502 0.000000 1.092635 97.737695 0.000000 -6.256656 0.040820 
298 80.722074 0.000000 5.093528 101.963356 0.000000 7.537439 -0.045334 
299 74.224931 0.000000 -0.907812 98.286692 0.000000 0.000000 0.033973 
300 72.059217 0.000000 -0.907812 98.240937 0.000000 0.000000 0.034872 
301 74.224931 0.000000 -2.908258 98.273348 0.000000 0.000000 0.034235 
302 76.390646 0.000000 -0.907812 98.375072 0.000000 0.000000 0.032235 
303 74.224931 0.000000 1.092635 98.273258 0.000000 0.000000 0.034237 
304 80.722074 0.000000 -6.909151 95.928888 0.000000 4.342366 0.077879 
305 80.722074 0.000000 -10.910044 96.979674 0.000000 7.303837 0.054160 
306 85.053502 0.000000 -6.909151 97.185913 0.000000 2.825187 0.054692 
307 78.556360 0.000000 -0.907812 98.620720 0.000000 0.000000 0.027395 
308 78.556360 0.000000 -2.908258 94.340603 0.000000 1.798148 0.109662 
309 80.722074 0.000000 -0.907812 98.748930 0.000000 -0.627751 0.024825 
310 78.556360 0.000000 1.092635 102.864028 0.000000 3.260202 -0.059164 
311 93.716359 0.000000 13.095313 99.225233 0.000000 11.863387 0.001361 
312 102.379216 0.000000 13.095313 96.653869 0.000000 14.746548 0.044057 
313 93.716359 0.000000 21.097099 99.991224 0.000000 11.037360 -0.012007 
314 89.384931 0.000000 1.092635 95.789285 0.000000 -9.952255 0.072537 
315 89.384931 0.000000 -2.908258 95.074100 0.000000 -10.521794 0.085021 
316 93.716359 0.000000 1.092635 92.586991 0.000000 -12.462330 0.127234 
317 89.384931 0.000000 5.093528 97.979602 0.000000 7.625117 0.034186 
318 82.887788 0.000000 -0.907812 98.530326 0.000000 -4.709673 0.026959 
319 82.887788 0.000000 -2.908258 98.507768 0.000000 -4.708594 0.027405 
320 85.053502 0.000000 -0.907812 97.802816 0.000000 -6.097128 0.039743 
321 82.887788 0.000000 1.092635 98.511774 0.000000 -4.708786 0.027326 
322 102.379216 0.000000 -42.917186 98.722425 0.000000 12.011967 0.010960 
323 102.379216 0.000000 -58.920758 98.675990 0.000000 12.538143 0.010584 
324 119.704929 0.000000 -42.917186 98.879877 0.000000 12.089330 0.007662 
325 93.716359 0.000000 -18.911829 99.274813 0.000000 10.263529 0.003917 
326 93.716359 0.000000 -26.913615 98.813346 0.000000 11.025416 0.011436 
327 102.379216 0.000000 -18.911829 99.541939 0.000000 11.464855 -0.004004 
328 89.384931 0.000000 -6.909151 99.737400 0.000000 1.706525 0.004954 
329 89.384931 0.000000 -10.910044 99.484010 0.000000 6.519272 0.006043 
330 93.716359 0.000000 -6.909151 103.315149 0.000000 2.544277 -0.068049 
331 82.887788 0.000000 -4.908704 98.416421 0.000000 -4.704228 0.029208 
332 80.722074 0.000000 -4.908704 94.893951 0.000000 2.308809 0.098981 
333 82.887788 0.000000 -6.909151 96.425908 0.000000 3.652795 0.068870 
334 85.053502 0.000000 -4.908704 98.441460 0.000000 -4.705425 0.028714 
335 81.804931 0.000000 -1.908035 98.618999 0.000000 -3.105243 0.026465 
336 80.722074 0.000000 -1.908035 98.639556 0.000000 -2.009796 0.026620 
337 81.804931 0.000000 -2.908258 98.515905 0.000000 -4.708983 0.027244 
338 82.887788 0.000000 -1.908035 98.538065 0.000000 -4.710043 0.026807 
339 81.804931 0.000000 -0.907812 98.691006 0.000000 -1.788008 0.025689 
340 137.030642 0.000000 -10.910044 98.849078 0.000000 12.062889 0.008335 
341 137.030642 0.000000 -26.913615 99.025639 0.000000 11.709895 0.005680 
342 154.356356 0.000000 -10.910044 99.008733 0.000000 11.588466 0.006298 
343 137.030642 0.000000 5.093528 96.250183 0.000000 26.211706 0.004885 
344 111.042072 0.000000 -2.908258 96.423244 0.000000 22.128464 0.021289 
345 111.042072 0.000000 -10.910044 98.894579 0.000000 13.958708 0.002502 
346 119.704929 0.000000 -2.908258 97.222720 0.000000 18.926704 0.018952 
347 111.042072 0.000000 5.093528 93.923564 0.000000 26.886250 0.045549 
348 98.047787 0.000000 1.092635 82.183707 0.000000 16.767258 0.296470 
349 98.047787 0.000000 -2.908258 90.458905 0.000000 -13.915752 0.162354 
350 102.379216 0.000000 1.092635 87.766039 0.000000 30.190062 0.138568 
351 98.047787 0.000000 5.093528 91.695040 0.000000 17.914506 0.127109 
352 54.733504 0.000000 -6.909151 105.943275 0.000000 -4.345921 -0.124286 
353 54.733504 0.000000 -10.910044 108.241808 0.000000 -5.298898 -0.174437 
354 52.567790 0.000000 -0.907812 114.294683 0.000000 -2.300251 -0.306857 
355 50.402075 0.000000 -0.907812 109.957331 0.000000 0.179075 -0.209065 
356 52.567790 0.000000 -2.908258 109.051490 0.000000 -1.106594 -0.189345 
357 54.733504 0.000000 -0.907812 104.968784 0.000000 -0.419478 -0.101862 
358 52.567790 0.000000 1.092635 109.303373 0.000000 -1.181871 -0.194862 
359 52.567790 0.000000 -4.908704 104.995223 0.000000 -3.720617 -0.103784 
360 50.402075 0.000000 -4.908704 102.718911 0.000000 -2.730963 -0.055863 
361 52.567790 0.000000 -6.909151 104.783182 0.000000 -3.624965 -0.099266 
362 54.733504 0.000000 -4.908704 106.106779 0.000000 -4.510006 -0.127899 
363 56.899218 0.000000 -0.907812 102.238282 0.000000 -0.690115 -0.045314 
364 56.899218 0.000000 -2.908258 102.750729 0.000000 -1.298219 -0.055940 
365 59.064932 0.000000 -0.907812 100.184775 0.000000 -0.769157 -0.003758 
366 56.899218 0.000000 1.092635 103.063922 0.000000 -1.399630 -0.062413 
367 53.650647 0.000000 -1.908035 105.305433 0.000000 -5.467701 -0.111913 
368 52.567790 0.000000 -1.908035 115.876159 0.000000 -3.371526 -0.343865 
369 53.650647 0.000000 -2.908258 107.430626 0.000000 -1.279586 -0.154298 
370 54.733504 0.000000 -1.908035 104.750889 0.000000 -1.120561 -0.097400 
371 53.650647 0.000000 -0.907812 107.718139 0.000000 -0.847442 -0.160392 
372 56.899218 0.000000 -4.908704 107.191717 0.000000 -5.234087 -0.151746 
373 56.899218 0.000000 -6.909151 108.284020 0.000000 -5.763014 -0.175864 
374 59.064932 0.000000 -4.908704 108.255326 0.000000 -6.025238 -0.175552 
375 55.816361 0.000000 -1.908035 103.428145 0.000000 -1.000913 -0.069838 
376 55.816361 0.000000 -2.908258 103.660615 0.000000 -1.354890 -0.074736 
377 56.899218 0.000000 -1.908035 102.583213 0.000000 -1.046080 -0.052441 
378 55.816361 0.000000 -0.907812 103.456816 0.000000 -0.895974 -0.070412 
379 54.733504 0.000000 9.094420 109.509921 0.000000 -6.445788 -0.203397 
380 50.402075 0.000000 9.094420 106.733212 0.000000 -3.968389 -0.140773 
381 59.064932 0.000000 9.094420 108.662679 0.000000 -12.674614 -0.196822 
382 54.733504 0.000000 13.095313 102.155530 0.000000 11.519742 -0.056846 
383 52.567790 0.000000 3.093081 104.983442 0.000000 -3.653158 -0.103487 
384 50.402075 0.000000 3.093081 102.702678 0.000000 -2.713873 -0.055521 
385 54.733504 0.000000 3.093081 106.111540 0.000000 -4.404823 -0.127906 
386 52.567790 0.000000 5.093528 105.771637 0.000000 -3.869038 -0.120261 
387 53.650647 0.000000 0.092412 107.784478 0.000000 -1.034618 -0.161856 
388 52.567790 0.000000 0.092412 109.258821 0.000000 -0.915616 -0.193833 
389 54.733504 0.000000 0.092412 104.787339 0.000000 -1.188914 -0.098180 
390 53.650647 0.000000 1.092635 107.446887 0.000000 -1.279177 -0.154647 
391 54.192075 0.000000 -1.407923 103.566573 0.000000 -5.740990 -0.075899 
392 53.650647 0.000000 -1.407923 106.988578 0.000000 -6.605048 -0.149018 
393 54.192075 0.000000 -1.908035 102.854458 0.000000 -6.873228 -0.062628 
394 54.733504 0.000000 -1.407923 105.556256 0.000000 -0.751458 -0.114269 
395 54.192075 0.000000 -0.907812 106.578842 0.000000 -0.767924 -0.135964 
396 48.236361 0.000000 -0.907812 107.838049 0.000000 0.635622 -0.162945 
397 48.236361 0.000000 -2.908258 105.558474 0.000000 0.118807 -0.114261 
398 48.236361 0.000000 1.092635 104.768831 0.000000 -0.798174 -0.097715 
399 51.484932 0.000000 -1.908035 113.618871 0.000000 -1.001802 -0.291025 
400 50.402075 0.000000 -1.908035 109.166898 0.000000 0.259403 -0.191748 
401 51.484932 0.000000 -2.908258 110.674895 0.000000 -1.260932 -0.225052 
402 51.484932 0.000000 -0.907812 114.246654 0.000000 -0.668979 -0.305275 
403 53.109218 0.000000 -1.407923 112.396928 0.000000 -5.585489 -0.266427 
404 52.567790 0.000000 -1.407923 116.838265 0.000000 -3.726011 -0.366506 
405 53.109218 0.000000 -1.908035 112.970071 0.000000 -3.905000 -0.277749 
406 53.109218 0.000000 -0.907812 111.409560 0.000000 -2.061212 -0.241634 
407 51.484932 0.000000 0.092412 111.120887 0.000000 -0.841063 -0.234856 
408 50.402075 0.000000 0.092412 110.551533 0.000000 -0.699252 -0.222213 
409 51.484932 0.000000 1.092635 111.074520 0.000000 -1.317173 -0.233928 
410 52.026361 0.000000 -1.407923 124.165278 0.000000 -2.753178 -0.542460 
411 51.484932 0.000000 -1.407923 114.408445 0.000000 -0.885193 -0.309008 
412 52.026361 0.000000 -1.908035 115.593155 0.000000 -1.479121 -0.336397 
413 52.026361 0.000000 -0.907812 114.512624 0.000000 -1.167691 -0.311450 
414 48.236361 0.000000 -4.908704 100.319242 0.000000 -1.701153 -0.006684 
415 46.070647 0.000000 -4.908704 99.320583 0.000000 -1.295551 0.013374 
416 48.236361 0.000000 -6.909151 100.180342 0.000000 -1.741495 -0.003913 
417 49.319218 0.000000 -1.908035 108.697692 0.000000 1.184424 -0.181659 
418 48.236361 0.000000 -1.908035 107.195466 0.000000 0.942389 -0.149176 
419 49.319218 0.000000 -2.908258 108.233477 0.000000 -0.046278 -0.171449 
420 49.319218 0.000000 -0.907812 110.055578 0.000000 0.601131 -0.211259 
421 46.070647 0.000000 9.094420 99.673083 0.000000 2.161395 0.006060 
422 41.739219 0.000000 9.094420 92.282833 0.000000 1.294473 0.148220 
423 46.070647 0.000000 13.095313 102.112072 0.000000 12.247467 -0.057688 
424 48.236361 0.000000 3.093081 100.332439 0.000000 -1.718310 -0.006955 
425 46.070647 0.000000 3.093081 99.397060 0.000000 -1.338314 0.011843 
426 48.236361 0.000000 5.093528 100.567416 0.000000 -1.989611 -0.011776 
427 49.319218 0.000000 0.092412 108.765014 0.000000 -0.099940 -0.182984 
428 48.236361 0.000000 0.092412 107.124878 0.000000 -0.007361 -0.147574 
429 49.319218 0.000000 1.092635 108.144039 0.000000 -0.783521 -0.169575 
430 49.860647 0.000000 -1.407923 109.147722 0.000000 0.706269 -0.191372 
431 49.319218 0.000000 -1.407923 109.611725 0.000000 2.256780 -0.201982 
432 49.860647 0.000000 -1.908035 108.979486 0.000000 0.537560 -0.187682 
433 50.402075 0.000000 -1.407923 109.257560 0.000000 0.335840 -0.193733 
434 49.860647 0.000000 -0.907812 110.056126 0.000000 0.309344 -0.211245 
435 37.407790 0.000000 -6.909151 92.136185 0.000000 1.151775 0.150960 
436 37.407790 0.000000 -10.910044 91.372108 0.000000 0.712642 0.165063 
437 43.904933 0.000000 -4.908704 98.371875 0.000000 -1.007048 0.032196 
438 41.739219 0.000000 -4.908704 96.891110 0.000000 1.037641 0.061104 
439 43.904933 0.000000 -6.909151 98.516058 0.000000 -1.112160 0.029335 
440 44.987790 0.000000 -1.908035 96.122994 0.000000 0.629137 0.075997 
441 43.904933 0.000000 -1.908035 93.341892 0.000000 0.498906 0.128704 
442 44.987790 0.000000 -2.908258 96.688398 0.000000 0.292829 0.065127 
443 46.070647 0.000000 -1.908035 98.986959 0.000000 0.895045 0.020078 
444 44.987790 0.000000 -0.907812 95.961867 0.000000 0.360967 0.079119 
445 39.573505 0.000000 -0.907812 87.626583 0.000000 0.384474 0.232143 
446 37.407790 0.000000 -0.907812 83.903756 0.000000 0.209055 0.296012 
447 39.573505 0.000000 -2.908258 88.345174 0.000000 0.520147 0.219486 
448 39.573505 0.000000 1.092635 87.538976 0.000000 0.577851 0.233659 
449 42.822076 0.000000 -1.908035 91.646793 0.000000 0.287582 0.160078 
450 41.739219 0.000000 -1.908035 89.291710 0.000000 0.512003 0.202673 
451 42.822076 0.000000 -2.908258 92.036668 0.000000 0.085107 0.152924 
452 42.822076 0.000000 -0.907812 90.453846 0.000000 0.107428 0.181809 
453 39.573505 0.000000 -4.908704 93.759930 0.000000 1.505010 0.120681 
454 37.407790 0.000000 -4.908704 92.103518 0.000000 1.125844 0.151567 
455 39.573505 0.000000 -6.909151 93.137467 0.000000 1.451448 0.132331 
456 40.656362 0.000000 -1.908035 88.273063 0.000000 0.550198 0.220756 
457 39.573505 0.000000 -1.908035 90.431656 0.000000 0.559810 0.182180 
458 40.656362 0.000000 -2.908258 89.228949 0.000000 0.658944 0.203776 
459 40.656362 0.000000 -0.907812 86.196634 0.000000 0.212481 0.257010 
460 43.904933 0.000000 3.093081 98.504364 0.000000 -1.061073 0.029576 
461 41.739219 0.000000 3.093081 95.450070 0.000000 1.473375 0.088711 
462 43.904933 0.000000 5.093528 98.746235 0.000000 0.340301 0.024907 
463 42.822076 0.000000 0.092412 91.628411 0.000000 -0.076249 0.160423 
464 41.739219 0.000000 0.092412 89.557690 0.000000 0.225319 0.197937 
465 43.904933 0.000000 0.092412 93.611457 0.000000 -0.113686 0.123688 
466 42.822076 0.000000 1.092635 92.207822 0.000000 -0.337424 0.149760 
467 42.280647 0.000000 -1.407923 89.728626 0.000000 0.247017 0.194871 
468 41.739219 0.000000 -1.407923 89.245650 0.000000 0.437458 0.203502 
469 42.280647 0.000000 -1.908035 90.508394 0.000000 0.323888 0.180813 
470 42.822076 0.000000 -1.407923 91.366835 0.000000 0.239837 0.165204 
471 42.280647 0.000000 -0.907812 89.416017 0.000000 0.183770 0.200474 
472 35.242076 0.000000 -0.907812 91.218244 0.000000 0.110614 0.167922 
473 35.242076 0.000000 -2.908258 91.637489 0.000000 0.241194 0.160251 
474 35.242076 0.000000 1.092635 91.600809 0.000000 0.245883 0.160923 
475 38.490647 0.000000 -1.908035 87.938621 0.000000 0.415558 0.226663 
476 37.407790 0.000000 -1.908035 84.668033 0.000000 0.387658 0.283117 
477 38.490647 0.000000 -2.908258 88.009797 0.000000 0.474944 0.225405 
478 38.490647 0.000000 -0.907812 86.457383 0.000000 0.294827 0.252503 
479 37.407790 0.000000 9.094420 91.370383 0.000000 0.714156 0.165094 
480 33.076362 0.000000 9.094420 91.417009 0.000000 0.562977 0.164261 
481 37.407790 0.000000 13.095313 101.381142 0.000000 12.491367 -0.043417 
482 39.573505 0.000000 3.093081 93.850613 0.000000 1.528885 0.118972 
483 37.407790 0.000000 3.093081 92.124369 0.000000 1.141660 0.151180 
484 39.573505 0.000000 5.093528 93.208080 0.000000 1.475102 0.131008 
485 38.490647 0.000000 0.092412 86.141430 0.000000 0.342678 0.257954 
486 37.407790 0.000000 0.092412 86.101375 0.000000 0.362216 0.258642 
487 39.573505 0.000000 0.092412 86.529915 0.000000 0.390240 0.251242 
488 38.490647 0.000000 1.092635 86.822293 0.000000 0.466786 0.246167 
489 39.032076 0.000000 -1.407923 87.445320 0.000000 0.357603 0.235319 
490 38.490647 0.000000 -1.407923 87.656207 0.000000 0.392653 0.231624 
491 39.032076 0.000000 -1.908035 88.672866 0.000000 0.457440 0.213691 
492 39.573505 0.000000 -1.407923 89.014724 0.000000 0.485614 0.207614 
493 39.032076 0.000000 -0.907812 86.568468 0.000000 0.299925 0.250581 
494 35.242076 0.000000 -4.908704 91.685592 0.000000 0.860031 0.159301 
495 33.076362 0.000000 -4.908704 91.538003 0.000000 0.690885 0.162032 
496 35.242076 0.000000 -6.909151 91.672165 0.000000 0.872832 0.159545 
497 36.324933 0.000000 -1.908035 88.037647 0.000000 0.349734 0.224925 
498 35.242076 0.000000 -1.908035 93.823090 0.000000 0.452169 0.119702 
499 36.324933 0.000000 -2.908258 88.848235 0.000000 0.363320 0.210586 
500 36.324933 0.000000 -0.907812 86.854721 0.000000 0.241019 0.245620 
501 35.242076 0.000000 3.093081 91.678292 0.000000 0.867342 0.159434 
502 33.076362 0.000000 3.093081 91.520319 0.000000 0.693132 0.162355 
503 35.242076 0.000000 5.093528 91.666810 0.000000 0.880839 0.159642 
504 36.324933 0.000000 0.092412 88.746450 0.000000 0.258671 0.212400 
505 35.242076 0.000000 0.092412 91.808186 0.000000 0.175896 0.157123 
506 36.324933 0.000000 1.092635 88.054886 0.000000 0.411120 0.224617 
507 36.866362 0.000000 -1.407923 84.074190 0.000000 0.287729 0.293145 
508 36.324933 0.000000 -1.407923 87.805964 0.000000 0.321263 0.229001 
509 36.866362 0.000000 -1.908035 82.267293 0.000000 0.366631 0.323196 
510 37.407790 0.000000 -1.407923 84.396070 0.000000 0.306963 0.287721 
511 36.866362 0.000000 -0.907812 84.985208 0.000000 0.201009 0.277747 
512 34.159219 0.000000 -1.908035 94.461872 0.000000 0.165323 0.107693 
513 33.076362 0.000000 -1.908035 96.744406 0.000000 0.120938 0.064051 
514 34.159219 0.000000 -2.908258 95.394893 0.000000 0.296686 0.089973 
515 34.159219 0.000000 -0.907812 96.037585 0.000000 0.069187 0.077678 
516 35.783505 0.000000 -1.407923 91.225107 0.000000 0.255984 0.167791 
517 35.242076 0.000000 -1.407923 93.193537 0.000000 0.362755 0.131483 
518 35.783505 0.000000 -1.908035 92.625751 0.000000 0.446704 0.142027 
519 35.783505 0.000000 -0.907812 90.211599 0.000000 0.143308 0.186185 
520 34.159219 0.000000 0.092412 95.072661 0.000000 0.188851 0.096115 
521 33.076362 0.000000 0.092412 96.717237 0.000000 0.125037 0.064576 
522 34.159219 0.000000 1.092635 95.334693 0.000000 0.307073 0.091120 
523 34.700648 0.000000 -1.407923 93.288458 0.000000 0.137836 0.129724 
524 34.159219 0.000000 -1.407923 95.174939 0.000000 0.120617 0.094172 
525 34.700648 0.000000 -1.908035 93.271854 0.000000 0.168017 0.130033 
526 34.700648 0.000000 -0.907812 93.480073 0.000000 0.129928 0.126146 
527 30.910648 0.000000 -4.908704 91.615262 0.000000 0.607812 0.160627 
528 28.744934 0.000000 -4.908704 91.712831 0.000000 0.573578 0.158843 
529 30.910648 0.000000 -6.909151 91.585658 0.000000 0.608613 0.161170 
530 34.159219 0.000000 -3.908481 94.008381 0.000000 0.498875 0.116218 
531 33.076362 0.000000 -3.908481 93.141932 0.000000 0.495540 0.132433 
532 34.159219 0.000000 -4.908704 91.713448 0.000000 0.856273 0.158791 
533 35.242076 0.000000 -3.908481 91.692375 0.000000 0.854818 0.159178 
534 34.700648 0.000000 -2.408146 92.896034 0.000000 0.192510 0.137029 
535 34.159219 0.000000 -2.408146 95.869640 0.000000 0.230384 0.080896 
536 34.700648 0.000000 -2.908258 92.904290 0.000000 0.254353 0.136873 
537 35.242076 0.000000 -2.408146 91.279621 0.000000 0.202442 0.166799 
538 34.971362 0.000000 -1.657979 95.177219 0.000000 0.427314 0.094111 
539 34.700648 0.000000 -1.657979 93.057789 0.000000 0.147769 0.134023 
540 34.971362 0.000000 -1.908035 93.496772 0.000000 0.350035 0.125823 
541 35.242076 0.000000 -1.657979 94.261680 0.000000 0.506612 0.111448 
542 34.971362 0.000000 -1.407923 92.655913 0.000000 0.150004 0.141486 
543 36.324933 0.000000 -3.908481 88.539810 0.000000 0.700062 0.216021 
544 36.324933 0.000000 -4.908704 92.123996 0.000000 1.108507 0.151194 
545 37.407790 0.000000 -3.908481 87.827126 0.000000 0.606302 0.228603 
546 35.783505 0.000000 -2.408146 91.102694 0.000000 0.320229 0.170020 
547 35.783505 0.000000 -2.908258 90.104203 0.000000 0.329331 0.188112 
548 36.324933 0.000000 -2.408146 86.444859 0.000000 0.312365 0.252719 
549 34.971362 0.000000 -2.158091 92.224638 0.000000 0.174967 0.149459 
550 34.700648 0.000000 -2.158091 93.070840 0.000000 0.180334 0.133779 
551 34.971362 0.000000 -2.408146 92.096674 0.000000 0.184810 0.151817 
552 35.242076 0.000000 -2.158091 93.137180 0.000000 0.367238 0.132533 
553 35.512790 0.000000 -1.657979 93.926605 0.000000 0.532767 0.117751 
554 35.512790 0.000000 -1.908035 93.473217 0.000000 0.484946 0.126252 
555 35.783505 0.000000 -1.657979 92.738921 0.000000 0.452883 0.139929 
556 35.512790 0.000000 -1.407923 92.499828 0.000000 0.360378 0.144365 
557 35.106719 0.000000 -1.783007 95.584026 0.000000 0.470482 0.086347 
558 34.971362 0.000000 -1.783007 95.181941 0.000000 0.431523 0.094021 
559 35.106719 0.000000 -1.908035 93.605668 0.000000 0.395696 0.123782 
560 35.242076 0.000000 -1.783007 94.269301 0.000000 0.511861 0.111304 
561 35.106719 0.000000 -1.657979 95.562607 0.000000 0.467377 0.086757 
562 69.893503 0.000000 -0.907812 98.246650 0.000000 0.000000 0.034760 
563 69.893503 0.000000 -2.908258 98.249392 0.000000 0.000000 0.034706 
564 69.893503 0.000000 1.092635 98.249384 0.000000 0.000000 0.034706 
565 69.893503 0.000000 -4.908704 96.077186 0.000000 4.743552 0.074667 
566 67.727789 0.000000 -4.908704 96.028724 0.000000 4.744181 0.075598 
567 69.893503 0.000000 -6.909151 96.167348 0.000000 6.445289 0.071030 
568 72.059217 0.000000 -4.908704 96.031910 0.000000 4.569787 0.075699 
569 68.810646 0.000000 -1.908035 98.249265 0.000000 0.000000 0.034708 
570 67.727789 0.000000 -1.908035 98.276909 0.000000 0.000000 0.034165 
571 68.810646 0.000000 -2.908258 98.255007 0.000000 0.000000 0.034595 
572 69.893503 0.000000 -1.908035 98.243206 0.000000 0.000000 0.034827 
573 68.810646 0.000000 -0.907812 98.251584 0.000000 0.000000 0.034663 
574 78.556360 0.000000 -4.908704 95.112387 0.000000 3.447796 0.094175 
575 76.390646 0.000000 -4.908704 95.540001 0.000000 4.101322 0.085529 
576 78.556360 0.000000 -6.909151 95.847241 0.000000 5.134547 0.078694 
577 79.639217 0.000000 -1.908035 98.707055 0.000000 0.000000 0.025692 
578 78.556360 0.000000 -1.908035 98.627811 0.000000 0.000000 0.027255 
579 79.639217 0.000000 -2.908258 93.719845 0.000000 1.312060 0.121487 
580 79.639217 0.000000 -0.907812 98.708738 0.000000 0.000000 0.025659 
581 80.722074 0.000000 9.094420 101.342557 0.000000 10.423260 -0.037896 
582 76.390646 0.000000 9.094420 101.056638 0.000000 10.528637 -0.032330 
583 85.053502 0.000000 9.094420 100.966249 0.000000 10.104545 -0.029629 
584 80.722074 0.000000 13.095313 101.069184 0.000000 11.289128 -0.034242 
585 82.887788 0.000000 3.093081 102.335470 0.000000 4.035558 -0.048883 
586 80.722074 0.000000 3.093081 102.757133 0.000000 4.941796 -0.058345 
587 85.053502 0.000000 3.093081 98.400195 0.000000 -4.703453 0.029528 
588 82.887788 0.000000 5.093528 101.744886 0.000000 7.071903 -0.040203 
589 81.804931 0.000000 0.092412 98.512924 0.000000 -4.708841 0.027303 
590 80.722074 0.000000 0.092412 98.632511 0.000000 -1.900001 0.026802 
591 82.887788 0.000000 0.092412 98.545489 0.000000 -4.710398 0.026660 
592 81.804931 0.000000 1.092635 98.474154 0.000000 -4.706988 0.028069 
593 81.263502 0.000000 -1.407923 98.745125 0.000000 -0.979876 0.024844 
594 80.722074 0.000000 -1.407923 98.741868 0.000000 -0.737094 0.024950 
595 81.263502 0.000000 -1.908035 98.651268 0.000000 -2.151528 0.026330 
596 81.804931 0.000000 -1.407923 98.678506 0.000000 -2.006158 0.025853 
597 81.263502 0.000000 -0.907812 98.765525 0.000000 -0.716213 0.024486 
598 98.047787 0.000000 -6.909151 108.070041 0.000000 8.029878 -0.174361 
599 98.047787 0.000000 -10.910044 102.384951 0.000000 10.512118 -0.059318 
600 102.379216 0.000000 -6.909151 103.613908 0.000000 18.784277 -0.108869 
601 95.882073 0.000000 -0.907812 91.420338 0.000000 -13.252239 0.146670 
602 93.716359 0.000000 -0.907812 92.432782 0.000000 -12.441573 0.130139 
603 95.882073 0.000000 -2.908258 91.220938 0.000000 -13.385322 0.149957 
604 98.047787 0.000000 -0.907812 90.511994 0.000000 -13.923919 0.161370 
605 95.882073 0.000000 1.092635 92.759270 0.000000 -12.485519 0.123983 
606 91.550645 0.000000 -0.907812 93.756463 0.000000 -11.464486 0.107829 
607 89.384931 0.000000 -0.907812 95.270592 0.000000 -10.384378 0.081568 
608 91.550645 0.000000 -2.908258 93.675799 0.000000 -11.526439 0.109199 
609 91.550645 0.000000 1.092635 94.183603 0.000000 -11.260946 0.100264 
610 95.882073 0.000000 -4.908704 91.467936 0.000000 -13.334618 0.145580 
611 93.716359 0.000000 -4.908704 92.589546 0.000000 -12.462674 0.127186 
612 95.882073 0.000000 -6.909151 105.656814 0.000000 4.226256 -0.118122 
613 98.047787 0.000000 -4.908704 90.550256 0.000000 -13.929805 0.160661 
614 94.799216 0.000000 -1.908035 91.780806 0.000000 -12.987029 0.140762 
615 93.716359 0.000000 -1.908035 92.564089 0.000000 -12.459247 0.127666 
616 94.799216 0.000000 -2.908258 91.718072 0.000000 -13.025057 0.141814 
617 95.882073 0.000000 -1.908035 91.262256 0.000000 -13.354445 0.149286 
618 94.799216 0.000000 -0.907812 91.940408 0.000000 -12.868022 0.138138 
619 91.550645 0.000000 -4.908704 93.786391 0.000000 -11.594585 0.106968 
620 89.384931 0.000000 -4.908704 95.831541 0.000000 -9.956645 0.071718 
621 91.550645 0.000000 -6.909151 101.414720 0.000000 1.801180 -0.028819 
622 94.799216 0.000000 -3.908481 91.757841 0.000000 -13.038760 0.141049 
623 93.716359 0.000000 -3.908481 92.450942 0.000000 -12.444018 0.129797 
624 94.799216 0.000000 -4.908704 92.585172 0.000000 -12.462085 0.127268 
625 95.882073 0.000000 -3.908481 91.312899 0.000000 -13.359686 0.148347 
626 137.030642 0.000000 21.097099 97.418209 0.000000 16.974443 0.022156 
627 154.356356 0.000000 21.097099 98.114049 0.000000 17.347569 0.007270 
628 137.030642 0.000000 37.100670 98.540087 0.000000 13.463048 0.010860 
629 111.042072 0.000000 13.095313 95.226858 0.000000 17.349738 0.063083 
630 119.704929 0.000000 13.095313 95.315694 0.000000 18.564142 0.057029 
631 111.042072 0.000000 21.097099 97.037905 0.000000 13.487438 0.040173 
632 106.710644 0.000000 1.092635 92.881181 0.000000 30.643577 0.043406 
633 106.710644 0.000000 -2.908258 95.908737 0.000000 25.074583 0.017278 
634 111.042072 0.000000 1.092635 94.340461 0.000000 29.031472 0.025705 
635 106.710644 0.000000 5.093528 93.226494 0.000000 26.061333 0.062963 
636 100.213501 0.000000 -0.907812 71.631077 0.000000 26.116119 0.418694 
637 100.213501 0.000000 -2.908258 89.978206 0.000000 -14.806190 0.168470 
638 102.379216 0.000000 -0.907812 86.804387 0.000000 33.212585 0.136192 
639 100.213501 0.000000 1.092635 83.193057 0.000000 25.168891 0.244544 
640 96.964930 0.000000 -1.908035 90.900142 0.000000 -13.644971 0.155098 
641 96.964930 0.000000 -2.908258 90.815760 0.000000 -13.731219 0.156395 
642 98.047787 0.000000 -1.908035 90.493077 0.000000 -13.921009 0.161721 
643 96.964930 0.000000 -0.907812 91.040353 0.000000 -13.551678 0.152801 
644 95.340645 0.000000 -2.408146 91.573673 0.000000 -13.194072 0.144018 
645 94.799216 0.000000 -2.408146 91.756639 0.000000 -13.003480 0.141163 
646 95.340645 0.000000 -2.908258 91.469527 0.000000 -13.225323 0.145842 
647 95.882073 0.000000 -2.408146 91.359555 0.000000 -13.341606 0.147543 
648 95.340645 0.000000 -1.908035 91.509753 0.000000 -13.160217 0.145277 
649 128.367786 0.000000 13.095313 96.441719 0.000000 18.594291 0.035325 
650 128.367786 0.000000 5.093528 95.671400 0.000000 27.383871 0.009711 
651 137.030642 0.000000 13.095313 97.134348 0.000000 19.102401 0.020002 
652 128.367786 0.000000 21.097099 96.610195 0.000000 16.674013 0.038845 
653 -365.415047 0.000000 -378.992184 99.016833 0.000000 13.920544 0.000189 
654 -504.020754 0.000000 -378.992184 99.021097 0.000000 13.920779 0.000103 
655 -365.415047 0.000000 -507.020754 99.018252 0.000000 13.918095 0.000167 
656 466.219197 0.000000 -378.992184 99.022197 0.000000 13.859756 0.000251 
657 466.219197 0.000000 -507.020754 99.021000 0.000000 13.884143 0.000207 
658 604.824905 0.000000 -378.992184 99.026592 0.000000 13.863659 0.000153 
659 -157.506486 0.000000 -186.949328 98.986504 0.000000 13.930589 0.000761 
660 -226.809339 0.000000 -186.949328 99.003759 0.000000 13.931481 0.000417 
661 -157.506486 0.000000 -250.963613 98.992213 0.000000 13.920596 0.000676 
662 258.310636 0.000000 -186.949328 99.007792 0.000000 13.692400 0.000998 
663 258.310636 0.000000 -250.963613 99.003526 0.000000 13.785642 0.000826 
664 327.613490 0.000000 -186.949328 99.025438 0.000000 13.706856 0.000608 
665 -53.552205 0.000000 -90.927900 98.854784 0.000000 13.989507 0.003203 
666 -88.203632 0.000000 -90.927900 98.932479 0.000000 13.978771 0.001696 
667 -53.552205 0.000000 -122.935043 98.881960 0.000000 13.938267 0.002808 
668 154.356356 0.000000 -90.927900 98.947072 0.000000 13.148550 0.003659 
669 154.356356 0.000000 -122.935043 98.927258 0.000000 13.419667 0.003331 
670 189.007783 0.000000 -90.927900 99.004141 0.000000 13.162506 0.002493 
671 -1.575065 0.000000 -42.917186 98.390613 0.000000 14.057285 0.012168 
672 -18.900778 0.000000 -42.917186 98.635337 0.000000 14.130591 0.007140 
673 -1.575065 0.000000 -58.920758 98.505938 0.000000 13.956030 0.010181 
674 7.087792 0.000000 -18.911829 97.631193 0.000000 13.669737 0.028129 
675 -1.575065 0.000000 -18.911829 97.968116 0.000000 14.198597 0.020065 
676 7.087792 0.000000 -26.913615 97.974486 0.000000 13.950020 0.020640 
677 7.087792 0.000000 13.095313 100.872797 0.000000 13.272380 -0.035148 
678 -1.575065 0.000000 13.095313 100.402798 0.000000 14.222572 -0.028300 
679 7.087792 0.000000 21.097099 100.311102 0.000000 13.865802 -0.025458 
680 28.744934 0.000000 9.094420 100.786016 0.000000 10.897759 -0.027658 
681 24.413505 0.000000 9.094420 100.747079 0.000000 10.651926 -0.026344 
682 28.744934 0.000000 13.095313 100.879461 0.000000 12.297360 -0.032789 
683 30.910648 0.000000 3.093081 91.599186 0.000000 0.608242 0.160922 
684 28.744934 0.000000 3.093081 91.699913 0.000000 0.573559 0.159080 
685 30.910648 0.000000 5.093528 91.664587 0.000000 0.573490 0.159727 
686 26.579219 0.000000 3.093081 93.456296 0.000000 0.577652 0.126559 
687 24.413505 0.000000 3.093081 100.697372 0.000000 5.547851 -0.017074 
688 26.579219 0.000000 5.093528 96.585854 0.000000 0.578384 0.067084 
689 26.579219 0.000000 -4.908704 93.462521 0.000000 0.577685 0.126442 
690 24.413505 0.000000 -4.908704 97.433550 0.000000 5.275890 0.047887 
691 26.579219 0.000000 -6.909151 96.088713 0.000000 0.606267 0.076659 
692 44.987790 0.000000 0.092412 96.861883 0.000000 0.011006 0.061778 
693 46.070647 0.000000 0.092412 99.442324 0.000000 -0.034392 0.011122 
694 44.987790 0.000000 1.092635 96.819659 0.000000 -0.459154 0.062574 
695 63.396360 0.000000 9.094420 101.445551 0.000000 10.169358 -0.039462 
696 67.727789 0.000000 9.094420 101.059846 0.000000 10.361013 -0.032044 
697 63.396360 0.000000 13.095313 101.465611 0.000000 11.043396 -0.041723 
698 56.899218 0.000000 3.093081 107.224639 0.000000 -5.122299 -0.152336 
699 59.064932 0.000000 3.093081 109.313292 0.000000 -7.032902 -0.199886 
700 56.899218 0.000000 5.093528 108.347136 0.000000 -5.645093 -0.177097 
701 137.030642 0.000000 -42.917186 98.982867 0.000000 12.158651 0.005456 
702 137.030642 0.000000 -58.920758 98.932830 0.000000 12.576681 0.005412 
703 154.356356 0.000000 -42.917186 99.048061 0.000000 12.214033 0.004030 
704 111.042072 0.000000 -18.911829 99.167996 0.000000 11.955890 0.002277 
705 111.042072 0.000000 -26.913615 99.066212 0.000000 11.665627 0.004980 
706 119.704929 0.000000 -18.911829 99.005374 0.000000 11.936104 0.005547 
707 61.230646 0.000000 -0.907812 99.706060 0.000000 -0.686389 0.005823 
708 61.230646 0.000000 -2.908258 100.725832 0.000000 -1.382065 -0.014760 
709 61.230646 0.000000 1.092635 101.157153 0.000000 -1.731065 -0.023577 
710 61.230646 0.000000 3.093081 109.574634 0.000000 -8.656895 -0.208154 
711 63.396360 0.000000 3.093081 110.145696 0.000000 -10.644335 -0.224538 
712 61.230646 0.000000 5.093528 109.630714 0.000000 -8.581969 -0.209254 
713 65.562075 0.000000 -4.908704 97.887470 0.000000 -15.686507 0.017198 
714 63.396360 0.000000 -4.908704 110.079880 0.000000 -10.677256 -0.223158 
715 65.562075 0.000000 -6.909151 95.941173 0.000000 6.638294 0.075122 
716 61.230646 0.000000 -4.908704 109.507446 0.000000 -8.716754 -0.206786 
717 61.230646 0.000000 -6.909151 109.548746 0.000000 -8.655273 -0.207584 
718 72.059217 0.000000 9.094420 100.927429 0.000000 10.544379 -0.029753 
719 72.059217 0.000000 13.095313 101.039421 0.000000 11.191172 -0.033421 
720 74.224931 0.000000 -4.908704 95.834396 0.000000 4.450660 0.079596 
721 74.224931 0.000000 -6.909151 96.077664 0.000000 6.076692 0.073216 
722 78.556360 0.000000 3.093081 102.222101 0.000000 5.871459 -0.048383 
723 76.390646 0.000000 3.093081 101.432130 0.000000 6.233576 -0.032733 
724 78.556360 0.000000 5.093528 101.703966 0.000000 8.072986 -0.040887 
725 79.639217 0.000000 0.092412 98.705289 0.000000 0.000000 0.025727 
726 78.556360 0.000000 0.092412 98.627482 0.000000 0.000000 0.027262 
727 79.639217 0.000000 1.092635 103.613363 0.000000 2.803175 -0.074359 
728 89.384931 0.000000 9.094420 99.663423 0.000000 10.531681 -0.004371 
729 93.716359 0.000000 9.094420 97.708215 0.000000 12.336822 0.030091 
730 89.384931 0.000000 13.095313 100.362709 0.000000 11.160917 -0.019724 
731 98.047787 0.000000 9.094420 95.886303 0.000000 15.184124 0.057526 
732 102.379216 0.000000 9.094420 94.895175 0.000000 17.937269 0.067316 
733 98.047787 0.000000 13.095313 97.864372 0.000000 13.170040 0.024911 
734 87.219216 0.000000 -0.907812 96.599833 0.000000 -8.311654 0.059939 
735 87.219216 0.000000 -2.908258 96.610155 0.000000 -8.269864 0.059809 
736 87.219216 0.000000 1.092635 96.683174 0.000000 -8.178265 0.058548 
737 87.219216 0.000000 3.093081 95.918983 0.000000 -9.965730 0.070023 
738 89.384931 0.000000 3.093081 95.905595 0.000000 -9.964339 0.070283 
739 87.219216 0.000000 5.093528 99.686389 0.000000 6.881853 0.001526 
740 87.219216 0.000000 -4.908704 95.830582 0.000000 -9.956545 0.071737 
741 87.219216 0.000000 -6.909151 98.312343 0.000000 2.200202 0.032984 
742 128.367786 0.000000 -2.908258 97.839256 0.000000 16.678565 0.014931 
743 128.367786 0.000000 -10.910044 98.745463 0.000000 12.527950 0.009238 
744 137.030642 0.000000 -2.908258 98.224173 0.000000 15.145923 0.012261 
745 106.710644 0.000000 -6.909151 98.945833 0.000000 18.229990 -0.012261 
746 106.710644 0.000000 -10.910044 99.662699 0.000000 14.321252 -0.013775 
747 111.042072 0.000000 -6.909151 98.089871 0.000000 16.777671 0.009689 
748 55.816361 0.000000 0.092412 103.418226 0.000000 -1.019093 -0.069637 
749 56.899218 0.000000 0.092412 102.622120 0.000000 -1.058281 -0.053242 
750 55.816361 0.000000 1.092635 104.282814 0.000000 -1.526229 -0.087723 
751 47.153504 0.000000 -1.908035 102.944266 0.000000 1.100480 -0.059873 
752 47.153504 0.000000 -2.908258 103.504000 0.000000 0.592496 -0.071343 
753 47.153504 0.000000 -0.907812 104.007699 0.000000 0.630028 -0.081800 
754 47.153504 0.000000 0.092412 103.303918 0.000000 0.076279 -0.067171 
755 47.153504 0.000000 1.092635 104.531135 0.000000 -0.687967 -0.092723 
756 50.943504 0.000000 -1.407923 107.137435 0.000000 0.726488 -0.147896 
757 50.943504 0.000000 -1.908035 109.384127 0.000000 0.189924 -0.196492 
758 50.943504 0.000000 -0.907812 111.846473 0.000000 -0.171589 -0.250966 
759 40.656362 0.000000 0.092412 87.669259 0.000000 0.484966 0.231387 
760 40.656362 0.000000 1.092635 88.880699 0.000000 0.593641 0.209987 
761 38.490647 0.000000 -3.908481 89.452921 0.000000 0.917059 0.199733 
762 38.490647 0.000000 -4.908704 92.991938 0.000000 1.377399 0.135060 
763 39.573505 0.000000 -3.908481 89.858426 0.000000 0.886862 0.192468 
764 37.949219 0.000000 -1.407923 87.414681 0.000000 0.375156 0.235853 
765 37.949219 0.000000 -1.908035 88.204608 0.000000 0.442734 0.221975 
766 37.949219 0.000000 -0.907812 86.082905 0.000000 0.295368 0.258965 
767 36.866362 0.000000 -2.408146 83.499249 0.000000 0.374799 0.302774 
768 36.866362 0.000000 -2.908258 86.711734 0.000000 0.396902 0.248092 
769 37.407790 0.000000 -2.408146 85.329127 0.000000 0.458163 0.271873 
770 35.512790 0.000000 -2.158091 92.655244 0.000000 0.434239 0.141482 
771 35.512790 0.000000 -2.408146 90.988761 0.000000 0.274003 0.172097 
772 35.783505 0.000000 -2.158091 91.308581 0.000000 0.330386 0.166263 
773 100.213501 0.000000 -4.908704 119.493319 0.000000 19.176018 -0.464637 
774 100.213501 0.000000 -6.909151 107.875755 0.000000 14.683154 -0.185277 
775 102.379216 0.000000 -4.908704 103.909200 0.000000 26.438337 -0.149611 
776 96.964930 0.000000 -3.908481 90.905720 0.000000 -13.651375 0.154979 
777 96.964930 0.000000 -4.908704 90.551517 0.000000 -13.929999 0.160638 
778 98.047787 0.000000 -3.908481 90.469870 0.000000 -13.917439 0.162151 
779 106.710644 0.000000 9.094420 94.537248 0.000000 19.782766 0.067135 
780 111.042072 0.000000 9.094420 94.518763 0.000000 20.745986 0.063581 
781 106.710644 0.000000 13.095313 95.768460 0.000000 16.205434 0.056579 
782 20.082077 0.000000 9.094420 100.878318 0.000000 10.677052 -0.029043 
783 15.750649 0.000000 9.094420 101.139816 0.000000 11.010630 -0.035050 
784 20.082077 0.000000 13.095313 100.761603 0.000000 12.267793 -0.030340 
785 22.247791 0.000000 3.093081 100.858603 0.000000 5.550230 -0.020326 
786 20.082077 0.000000 3.093081 101.075002 0.000000 5.563652 -0.024711 
787 22.247791 0.000000 5.093528 100.842024 0.000000 7.719406 -0.022870 
788 22.247791 0.000000 -4.908704 97.287110 0.000000 5.296542 0.050716 
789 20.082077 0.000000 -4.908704 97.075610 0.000000 5.318805 0.054804 
790 22.247791 0.000000 -6.909151 97.315869 0.000000 7.499163 0.047338 
791 65.562075 0.000000 3.093081 97.889469 0.000000 -15.685117 0.017163 
792 67.727789 0.000000 3.093081 100.697097 0.000000 6.129439 -0.017748 
793 65.562075 0.000000 5.093528 101.031641 0.000000 8.054851 -0.027227 
794 74.224931 0.000000 3.093081 100.973153 0.000000 6.408674 -0.023665 
795 72.059217 0.000000 3.093081 100.669626 0.000000 6.313446 -0.017423 
796 74.224931 0.000000 5.093528 100.919645 0.000000 8.421659 -0.025570 
797 69.893503 0.000000 3.093081 100.613284 0.000000 6.294299 -0.016265 
798 69.893503 0.000000 5.093528 100.727114 0.000000 8.313128 -0.021506 
799 91.550645 0.000000 3.093081 93.836242 0.000000 6.635164 0.115073 
800 93.716359 0.000000 3.093081 91.241643 0.000000 9.730738 0.158028 
801 91.550645 0.000000 5.093528 96.037716 0.000000 9.303898 0.069019 
802 128.367786 0.000000 -18.911829 98.984384 0.000000 11.785706 0.006319 
803 128.367786 0.000000 -26.913615 99.006972 0.000000 11.728945 0.006005 
804 137.030642 0.000000 -18.911829 98.996246 0.000000 11.604615 0.006508 
805 95.882073 0.000000 3.093081 89.195221 0.000000 13.935795 0.185001 
806 98.047787 0.000000 3.093081 88.067589 0.000000 18.827688 0.188962 
807 95.882073 0.000000 5.093528 92.632833 0.000000 14.611769 0.120565 
808 40.656362 0.000000 -3.908481 90.647830 0.000000 0.836801 0.178227 
809 40.656362 0.000000 -4.908704 95.094660 0.000000 1.412443 0.095501 
810 41.739219 0.000000 -3.908481 92.057176 0.000000 0.650154 0.152505 
811 37.949219 0.000000 -2.408146 87.187596 0.000000 0.415240 0.239815 
812 37.949219 0.000000 -2.908258 87.404648 0.000000 0.462242 0.236021 
813 38.490647 0.000000 -2.408146 87.955035 0.000000 0.437045 0.226372 
814 39.032076 0.000000 -2.408146 88.438457 0.000000 0.478543 0.217841 
815 39.032076 0.000000 -2.908258 88.203972 0.000000 0.511437 0.221980 
816 39.573505 0.000000 -2.408146 88.554160 0.000000 0.543985 0.215786 
817 100.213501 0.000000 3.093081 88.465623 0.000000 23.686963 0.161276 
818 102.379216 0.000000 3.093081 90.081891 0.000000 27.131836 0.114912 
819 100.213501 0.000000 5.093528 91.552631 0.000000 21.067739 0.117427 
820 42.822076 0.000000 -3.908481 95.184704 0.000000 -0.564147 0.093955 
821 42.822076 0.000000 -4.908704 98.006311 0.000000 -0.227131 0.039471 
822 43.904933 0.000000 -3.908481 95.019035 0.000000 -0.559245 0.097107 
1 19 21 9 22 
2 20 19 22 4 
3 28 29 3 30 
4 21 28 30 9 
5 35 37 21 38 
6 36 35 38 19 
7 44 45 28 46 
8 37 44 46 21 
9 51 53 37 54 
10 52 51 54 35 
11 60 61 44 62 
12 53 60 62 37 
13 67 69 53 70 
14 68 67 70 51 
15 11 78 76 77 
16 78 10 24 76 
17 76 24 14 79 
18 77 76 79 6 
19 24 82 80 81 
20 82 23 40 80 
21 80 40 27 83 
22 81 80 83 14 
23 40 86 84 85 
24 86 39 56 84 
25 84 56 43 87 
26 85 84 87 27 
27 56 90 88 89 
28 89 88 91 43 
29 92 93 60 94 
30 69 92 94 53 
31 95 97 69 98 
32 96 95 98 67 
33 6 79 104 105 
34 79 14 36 104 
35 104 36 19 106 
36 105 104 106 20 
37 14 83 107 108 
38 83 27 52 107 
39 107 52 35 109 
40 108 107 109 36 
41 27 87 110 111 
42 87 43 68 110 
43 110 68 51 112 
44 111 110 112 52 
45 43 91 113 114 
46 113 96 67 115 
47 114 113 115 68 
48 88 118 116 117 
49 118 72 100 116 
50 116 100 59 119 
51 117 116 119 91 
52 120 122 95 123 
53 121 120 123 96 
54 100 126 124 125 
55 125 124 128 59 
56 12 131 129 130 
57 131 7 132 129 
58 129 132 13 25 
59 130 129 25 10 
60 25 135 133 134 
61 135 13 136 133 
62 133 136 26 41 
63 134 133 41 23 
64 41 139 137 138 
65 139 26 140 137 
66 137 140 42 57 
67 138 137 57 39 
68 57 143 141 142 
69 143 42 144 141 
70 141 144 58 73 
71 142 141 73 55 
72 55 147 145 146 
73 147 73 148 145 
74 145 148 71 101 
75 146 145 101 72 
76 72 151 149 150 
77 151 101 152 149 
78 150 149 126 100 
79 126 167 165 166 
80 167 99 168 165 
81 165 168 127 169 
82 166 165 169 124 
83 101 171 170 152 
84 171 71 172 170 
85 99 174 173 168 
86 174 162 175 173 
87 173 175 161 176 
88 168 173 176 127 
89 177 178 92 179 
90 97 177 179 69 
91 180 181 97 182 
92 122 180 182 95 
93 162 188 187 175 
94 188 102 189 187 
95 187 189 163 190 
96 175 187 190 161 
97 73 200 199 148 
98 200 58 201 199 
99 199 201 74 158 
100 148 199 158 71 
101 158 204 202 203 
102 204 74 205 202 
103 211 212 177 213 
104 181 211 213 97 
105 15 219 218 33 
106 219 17 220 218 
107 218 220 8 221 
108 33 218 221 18 
109 31 223 222 49 
110 223 33 224 222 
111 222 224 18 225 
112 49 222 225 34 
113 227 49 228 226 
114 226 228 34 229 
115 7 243 242 132 
116 243 16 244 242 
117 242 244 15 32 
118 132 242 32 13 
119 13 246 245 136 
120 246 32 247 245 
121 245 247 31 48 
122 136 245 48 26 
123 26 249 248 140 
124 249 48 250 248 
125 248 250 47 64 
126 140 248 64 42 
127 42 252 251 144 
128 252 64 253 251 
129 251 253 63 154 
130 144 251 154 58 
131 58 255 254 201 
132 255 154 256 254 
133 254 256 153 192 
134 201 254 192 74 
135 192 259 257 258 
136 259 153 260 257 
137 18 221 261 45 
138 221 8 262 261 
139 261 262 29 263 
140 45 261 263 28 
141 34 225 264 61 
142 225 18 265 264 
143 264 265 45 266 
144 61 264 266 44 
145 229 34 268 267 
146 267 268 61 269 
147 93 267 269 60 
148 270 271 93 272 
149 178 270 272 92 
150 273 274 178 275 
151 212 273 275 177 
152 239 282 280 281 
153 282 193 283 280 
154 280 283 240 284 
155 281 280 284 238 
156 154 286 285 256 
157 286 63 287 285 
158 285 287 155 235 
159 256 285 235 153 
160 153 289 288 260 
161 289 235 290 288 
162 277 301 299 300 
163 301 234 302 299 
164 299 302 278 303 
165 300 299 303 276 
166 235 305 304 290 
167 305 155 306 304 
168 234 308 307 302 
169 302 307 310 278 
170 311 312 270 313 
171 274 311 313 178 
172 319 236 320 318 
173 318 320 297 321 
174 64 323 322 253 
175 323 47 324 322 
176 322 324 65 231 
177 253 322 231 63 
178 63 326 325 287 
179 326 231 327 325 
180 325 327 230 292 
181 287 325 292 155 
182 155 329 328 306 
183 329 292 330 328 
184 304 333 331 332 
185 333 306 334 331 
186 331 334 236 319 
187 332 331 319 296 
188 296 337 335 336 
189 337 319 338 335 
190 335 338 318 339 
191 341 226 342 340 
192 340 342 229 343 
193 345 232 346 344 
194 344 346 50 347 
195 74 353 352 205 
196 353 192 258 352 
197 205 361 359 360 
198 361 352 362 359 
199 359 362 215 356 
200 360 359 356 159 
201 364 191 365 363 
202 363 365 216 366 
203 356 369 367 368 
204 369 215 370 367 
205 352 373 372 362 
206 373 258 374 372 
207 372 374 191 364 
208 362 372 364 215 
209 215 376 375 370 
210 376 364 377 375 
211 375 377 363 378 
212 370 375 378 357 
213 5 217 379 380 
214 217 194 381 379 
215 379 381 211 382 
216 380 379 382 181 
217 197 358 383 384 
218 358 214 385 383 
219 383 385 217 386 
220 384 383 386 5 
221 354 371 387 388 
222 371 357 389 387 
223 387 389 214 390 
224 388 387 390 358 
225 367 393 391 392 
226 393 370 394 391 
227 391 394 357 395 
228 392 391 395 371 
229 159 401 399 400 
230 401 356 368 399 
231 368 405 403 404 
232 405 367 392 403 
233 403 392 371 406 
234 404 403 406 354 
235 355 402 407 408 
236 402 354 388 407 
237 407 388 358 409 
238 408 407 409 197 
239 399 412 410 411 
240 412 368 404 410 
241 410 404 354 413 
242 411 410 413 402 
243 202 416 414 415 
244 416 205 360 414 
245 414 360 159 397 
246 415 414 397 196 
247 397 419 417 418 
248 419 159 400 417 
249 418 417 420 396 
250 160 198 421 422 
251 198 5 380 421 
252 421 380 181 423 
253 422 421 423 180 
254 195 398 424 425 
255 398 197 384 424 
256 424 384 5 426 
257 425 424 426 198 
258 396 420 427 428 
259 420 355 408 427 
260 427 408 197 429 
261 428 427 429 398 
262 417 432 430 431 
263 432 400 433 430 
264 430 433 355 434 
265 431 430 434 420 
266 71 436 435 172 
267 436 158 203 435 
268 203 439 437 438 
269 439 202 415 437 
270 437 415 196 208 
271 208 442 440 441 
272 442 196 443 440 
273 440 443 209 444 
274 441 440 444 206 
275 157 451 449 450 
276 451 208 441 449 
277 449 441 206 452 
278 435 455 453 454 
279 455 203 438 453 
280 447 458 456 457 
281 458 157 450 456 
282 456 450 207 459 
283 457 456 459 445 
284 185 210 460 461 
285 210 195 425 460 
286 460 425 198 462 
287 461 460 462 160 
288 207 452 463 464 
289 452 206 465 463 
290 463 465 210 466 
291 464 463 466 185 
292 450 469 467 468 
293 469 449 470 467 
294 467 470 452 471 
295 468 467 471 207 
296 75 186 479 480 
297 186 160 422 479 
298 479 422 180 481 
299 480 479 481 122 
300 183 448 482 483 
301 448 185 461 482 
302 482 461 160 484 
303 483 482 484 186 
304 446 478 485 486 
305 478 445 487 485 
306 485 487 448 488 
307 486 485 488 183 
308 475 491 489 490 
309 491 457 492 489 
310 489 492 445 493 
311 490 489 493 478 
312 172 496 494 495 
313 496 435 454 494 
314 163 474 501 502 
315 474 183 483 501 
316 501 483 186 503 
317 502 501 503 75 
318 472 500 504 505 
319 500 446 486 504 
320 504 486 183 506 
321 505 504 506 474 
322 497 509 507 508 
323 509 476 510 507 
324 507 510 446 511 
325 508 507 511 500 
326 102 514 512 513 
327 513 512 515 189 
328 518 497 508 516 
329 516 508 500 519 
330 517 516 519 472 
331 189 515 520 521 
332 515 472 505 520 
333 520 505 474 522 
334 521 520 522 163 
335 512 525 523 524 
336 523 517 472 526 
337 524 523 526 515 
338 170 529 527 528 
339 529 172 495 527 
340 527 495 102 188 
341 528 527 188 162 
342 495 532 530 531 
343 532 494 533 530 
344 530 533 473 514 
345 531 530 514 102 
346 514 536 534 535 
347 536 473 537 534 
348 535 534 525 512 
349 525 540 538 539 
350 538 541 517 542 
351 539 538 542 523 
352 494 544 543 533 
353 544 454 545 543 
354 543 545 184 499 
355 533 543 499 473 
356 473 547 546 537 
357 547 499 548 546 
358 546 548 497 518 
359 534 551 549 550 
360 551 537 552 549 
361 549 552 498 540 
362 550 549 540 525 
363 498 554 553 541 
364 554 518 555 553 
365 553 555 516 556 
366 541 553 556 517 
367 540 559 557 558 
368 559 498 560 557 
369 557 560 541 561 
370 558 557 561 538 
371 563 277 300 562 
372 562 300 276 564 
373 283 562 564 240 
374 260 567 565 566 
375 567 288 568 565 
376 565 568 277 563 
377 566 565 563 193 
378 193 571 569 570 
379 571 563 572 569 
380 569 572 562 573 
381 570 569 573 283 
382 290 576 574 575 
383 576 304 332 574 
384 574 332 296 308 
385 575 574 308 234 
386 308 579 577 578 
387 579 296 336 577 
388 577 336 309 580 
389 578 577 580 307 
390 237 298 581 582 
391 298 66 583 581 
392 581 583 274 584 
393 582 581 584 273 
394 295 321 585 586 
395 321 297 587 585 
396 585 587 66 588 
397 586 585 588 298 
398 309 339 589 590 
399 339 318 591 589 
400 589 591 321 592 
401 590 589 592 295 
402 336 595 593 594 
403 595 335 596 593 
404 593 596 339 597 
405 594 593 597 309 
406 292 599 598 330 
407 599 230 600 598 
408 601 604 348 605 
409 602 601 605 316 
410 315 608 606 607 
411 608 291 602 606 
412 606 602 316 609 
413 607 606 609 314 
414 330 612 610 611 
415 612 598 613 610 
416 291 616 614 615 
417 614 617 601 618 
418 615 614 618 602 
419 328 621 619 620 
420 621 330 611 619 
421 619 611 291 608 
422 620 619 608 315 
423 611 624 622 623 
424 624 610 625 622 
425 622 625 603 616 
426 623 622 616 291 
427 343 229 627 626 
428 626 627 267 628 
429 271 626 628 93 
430 347 50 630 629 
431 629 630 271 631 
432 312 629 631 270 
433 293 633 632 350 
434 633 344 634 632 
435 632 634 347 635 
436 350 632 635 233 
437 349 637 636 604 
438 637 293 638 636 
439 636 638 350 639 
440 604 636 639 348 
441 603 641 640 617 
442 641 349 642 640 
443 640 642 604 643 
444 617 640 643 601 
445 616 646 644 645 
446 646 603 647 644 
447 644 647 617 648 
448 645 644 648 614 
449 50 650 649 630 
450 650 343 651 649 
451 649 651 626 652 
452 630 649 652 271 
453 1 655 653 654 
454 655 12 130 653 
455 653 130 10 78 
456 654 653 78 11 
457 16 657 656 244 
458 657 2 658 656 
459 656 658 17 219 
460 244 656 219 15 
461 10 661 659 660 
462 661 25 134 659 
463 659 134 23 82 
464 660 659 82 24 
465 32 663 662 247 
466 663 15 664 662 
467 662 664 33 223 
468 247 662 223 31 
469 23 667 665 666 
470 667 41 138 665 
471 665 138 39 86 
472 666 665 86 40 
473 48 669 668 250 
474 669 31 670 668 
475 668 670 49 227 
476 250 668 227 47 
477 39 673 671 672 
478 673 57 142 671 
479 671 142 55 90 
480 672 671 90 56 
481 90 676 674 675 
482 676 55 146 674 
483 674 146 72 118 
484 675 674 118 88 
485 91 119 677 678 
486 119 59 121 677 
487 677 121 96 679 
488 678 677 679 113 
489 103 164 680 681 
490 164 75 480 680 
491 680 480 122 682 
492 681 680 682 120 
493 161 190 683 684 
494 190 163 502 683 
495 683 502 75 685 
496 684 683 685 164 
497 127 176 686 687 
498 176 161 684 686 
499 686 684 164 688 
500 687 686 688 103 
501 152 691 689 690 
502 691 170 528 689 
503 689 528 162 174 
504 690 689 174 99 
505 206 444 692 465 
506 444 209 693 692 
507 692 693 195 694 
508 465 692 694 210 
509 194 241 695 381 
510 241 156 696 695 
511 695 696 212 697 
512 381 695 697 211 
513 214 366 698 385 
514 366 216 699 698 
515 698 699 194 700 
516 385 698 700 217 
517 47 702 701 324 
518 702 227 703 701 
519 701 703 226 341 
520 324 701 341 65 
521 231 705 704 327 
522 705 65 706 704 
523 704 706 232 345 
524 327 704 345 230 
525 191 708 707 365 
526 708 239 281 707 
527 707 281 238 709 
528 365 707 709 216 
529 216 709 710 699 
530 709 238 711 710 
531 710 711 241 712 
532 699 710 712 194 
533 257 715 713 714 
534 715 260 566 713 
535 713 566 193 282 
536 714 713 282 239 
537 258 717 716 374 
538 717 257 714 716 
539 716 714 239 708 
540 374 716 708 191 
541 156 279 718 696 
542 279 237 582 718 
543 718 582 273 719 
544 696 718 719 212 
545 288 721 720 568 
546 721 290 575 720 
547 720 575 234 301 
548 568 720 301 277 
549 278 310 722 723 
550 310 295 586 722 
551 722 586 298 724 
552 723 722 724 237 
553 307 580 725 726 
554 580 309 590 725 
555 725 590 295 727 
556 726 725 727 310 
557 66 317 728 583 
558 317 294 729 728 
559 728 729 311 730 
560 583 728 730 274 
561 294 351 731 729 
562 351 233 732 731 
563 731 732 312 733 
564 729 731 733 311 
565 236 735 734 320 
566 735 315 607 734 
567 734 607 314 736 
568 320 734 736 297 
569 297 736 737 587 
570 736 314 738 737 
571 737 738 317 739 
572 587 737 739 66 
573 306 741 740 334 
574 741 328 620 740 
575 740 620 315 735 
576 334 740 735 236 
577 232 743 742 346 
578 743 340 744 742 
579 742 744 343 650 
580 346 742 650 50 
581 230 746 745 600 
582 746 345 747 745 
583 745 747 344 633 
584 600 745 633 293 
585 357 378 748 389 
586 378 363 749 748 
587 748 749 366 750 
588 389 748 750 214 
589 196 752 751 443 
590 752 397 418 751 
591 751 418 396 753 
592 443 751 753 209 
593 209 753 754 693 
594 753 396 428 754 
595 754 428 398 755 
596 693 754 755 195 
597 400 757 756 433 
598 757 399 411 756 
599 756 411 402 758 
600 433 756 758 355 
601 445 459 759 487 
602 459 207 464 759 
603 759 464 185 760 
604 487 759 760 448 
605 454 762 761 545 
606 762 453 763 761 
607 761 763 447 477 
608 545 761 477 184 
609 476 765 764 510 
610 765 475 490 764 
611 764 490 478 766 
612 510 764 766 446 
613 499 768 767 548 
614 768 184 769 767 
615 767 769 476 509 
616 548 767 509 497 
617 537 771 770 552 
618 771 546 772 770 
619 770 772 518 554 
620 552 770 554 498 
621 598 774 773 613 
622 774 600 775 773 
623 773 775 293 637 
624 613 773 637 349 
625 610 777 776 625 
626 777 613 778 776 
627 776 778 349 641 
628 625 776 641 603 
629 233 635 779 732 
630 635 347 780 779 
631 779 780 629 781 
632 732 779 781 312 
633 59 128 782 783 
634 128 103 681 782 
635 782 681 120 784 
636 783 782 784 121 
637 124 169 785 786 
638 169 127 687 785 
639 785 687 103 787 
640 786 785 787 128 
641 149 790 788 789 
642 790 152 690 788 
643 788 690 99 167 
644 789 788 167 126 
645 238 284 791 711 
646 284 240 792 791 
647 791 792 156 793 
648 711 791 793 241 
649 276 303 794 795 
650 303 278 723 794 
651 794 723 237 796 
652 795 794 796 279 
653 240 564 797 792 
654 564 276 795 797 
655 797 795 279 798 
656 792 797 798 156 
657 314 609 799 738 
658 609 316 800 799 
659 799 800 294 801 
660 738 799 801 317 
661 65 803 802 706 
662 803 341 804 802 
663 802 804 340 743 
664 706 802 743 232 
665 316 605 805 800 
666 605 348 806 805 
667 805 806 351 807 
668 800 805 807 294 
669 453 809 808 763 
670 809 438 810 808 
671 808 810 157 458 
672 763 808 458 447 
673 184 812 811 769 
674 812 477 813 811 
675 811 813 475 765 
676 769 811 765 476 
677 477 815 814 813 
678 815 447 816 814 
679 814 816 457 491 
680 813 814 491 475 
681 348 639 817 806 
682 639 350 818 817 
683 817 818 233 819 
684 806 817 819 351 
685 438 821 820 810 
686 821 437 822 820 
687 820 822 208 451 
688 810 820 451 157 
